SHIFR=
TLIVE=100.0
TREAL=100.0
SPECTRTXT=8192
1	18
2	28
3	23
4	35
5	24
6	31
7	35
8	27
9	37
10	35
11	31
12	34
13	26
14	28
15	23
16	35
17	25
18	21
19	26
20	27
21	24
22	29
23	32
24	31
25	47
26	29
27	30
28	33
29	31
30	25
31	30
32	37
33	45
34	34
35	41
36	31
37	33
38	32
39	40
40	34
41	34
42	37
43	32
44	44
45	33
46	29
47	21
48	34
49	34
50	26
51	38
52	18
53	37
54	26
55	35
56	35
57	31
58	26
59	43
60	30
61	36
62	33
63	27
64	30
65	41
66	36
67	22
68	38
69	36
70	35
71	30
72	36
73	47
74	37
75	33
76	37
77	24
78	26
79	37
80	39
81	30
82	44
83	35
84	28
85	29
86	31
87	30
88	31
89	24
90	31
91	26
92	31
93	32
94	33
95	40
96	31
97	31
98	20
99	28
100	28
101	26
102	38
103	24
104	20
105	26
106	21
107	22
108	24
109	25
110	34
111	30
112	30
113	29
114	34
115	35
116	23
117	27
118	33
119	24
120	20
121	38
122	26
123	39
124	39
125	34
126	25
127	29
128	38
129	27
130	37
131	28
132	26
133	32
134	27
135	28
136	30
137	21
138	32
139	24
140	25
141	21
142	35
143	40
144	38
145	27
146	29
147	33
148	23
149	21
150	30
151	33
152	32
153	29
154	32
155	27
156	24
157	28
158	30
159	25
160	31
161	34
162	26
163	33
164	24
165	27
166	22
167	34
168	37
169	32
170	37
171	44
172	35
173	41
174	29
175	41
176	31
177	27
178	34
179	20
180	25
181	26
182	20
183	28
184	34
185	33
186	30
187	27
188	35
189	28
190	33
191	38
192	32
193	32
194	45
195	34
196	23
197	29
198	39
199	34
200	33
201	30
202	22
203	24
204	32
205	31
206	30
207	29
208	36
209	25
210	31
211	41
212	45
213	36
214	19
215	20
216	32
217	17
218	35
219	21
220	35
221	33
222	27
223	25
224	35
225	25
226	25
227	35
228	27
229	20
230	28
231	16
232	24
233	32
234	22
235	26
236	24
237	21
238	29
239	39
240	28
241	35
242	21
243	26
244	31
245	32
246	33
247	26
248	25
249	25
250	22
251	26
252	28
253	31
254	38
255	38
256	35
257	27
258	37
259	17
260	24
261	34
262	36
263	32
264	39
265	30
266	21
267	29
268	23
269	28
270	21
271	17
272	22
273	22
274	29
275	29
276	30
277	30
278	34
279	36
280	35
281	37
282	26
283	26
284	34
285	25
286	27
287	24
288	28
289	23
290	24
291	33
292	24
293	25
294	23
295	29
296	21
297	23
298	16
299	26
300	35
301	29
302	34
303	34
304	26
305	24
306	32
307	22
308	38
309	34
310	22
311	31
312	27
313	22
314	39
315	20
316	25
317	28
318	42
319	35
320	25
321	26
322	22
323	14
324	40
325	31
326	18
327	30
328	33
329	33
330	35
331	25
332	26
333	21
334	31
335	29
336	30
337	23
338	30
339	27
340	25
341	18
342	30
343	24
344	23
345	32
346	35
347	32
348	37
349	37
350	39
351	34
352	29
353	30
354	26
355	28
356	26
357	31
358	28
359	32
360	29
361	23
362	17
363	22
364	34
365	31
366	27
367	34
368	22
369	38
370	34
371	29
372	28
373	21
374	31
375	29
376	27
377	31
378	28
379	42
380	39
381	37
382	35
383	43
384	32
385	37
386	34
387	27
388	44
389	31
390	28
391	33
392	30
393	19
394	21
395	27
396	29
397	28
398	26
399	27
400	32
401	26
402	28
403	32
404	25
405	23
406	16
407	31
408	30
409	18
410	26
411	26
412	32
413	33
414	30
415	29
416	40
417	30
418	22
419	28
420	23
421	26
422	28
423	24
424	26
425	31
426	32
427	45
428	37
429	35
430	31
431	27
432	30
433	31
434	33
435	32
436	33
437	25
438	29
439	22
440	30
441	25
442	34
443	37
444	33
445	32
446	43
447	34
448	32
449	32
450	24
451	30
452	30
453	34
454	39
455	23
456	34
457	25
458	21
459	26
460	37
461	35
462	38
463	45
464	28
465	28
466	45
467	31
468	28
469	26
470	27
471	24
472	24
473	27
474	21
475	22
476	28
477	30
478	28
479	33
480	28
481	20
482	18
483	29
484	35
485	36
486	36
487	34
488	39
489	38
490	33
491	48
492	36
493	41
494	33
495	28
496	36
497	37
498	33
499	19
500	37
501	30
502	35
503	31
504	30
505	30
506	29
507	24
508	34
509	32
510	31
511	27
512	39
513	36
514	38
515	42
516	22
517	30
518	31
519	32
520	32
521	18
522	35
523	38
524	24
525	32
526	21
527	25
528	23
529	24
530	41
531	25
532	36
533	37
534	31
535	28
536	31
537	31
538	34
539	26
540	36
541	34
542	31
543	29
544	31
545	34
546	28
547	31
548	33
549	36
550	27
551	35
552	28
553	33
554	24
555	30
556	30
557	30
558	24
559	20
560	34
561	22
562	26
563	41
564	28
565	35
566	40
567	37
568	30
569	29
570	35
571	39
572	29
573	33
574	32
575	31
576	40
577	46
578	37
579	47
580	38
581	48
582	42
583	48
584	44
585	48
586	37
587	52
588	41
589	45
590	43
591	31
592	40
593	49
594	38
595	49
596	38
597	41
598	30
599	41
600	38
601	47
602	42
603	42
604	36
605	45
606	46
607	50
608	40
609	46
610	48
611	34
612	52
613	39
614	40
615	43
616	36
617	47
618	30
619	42
620	44
621	38
622	49
623	48
624	32
625	44
626	36
627	40
628	44
629	37
630	40
631	38
632	37
633	24
634	42
635	36
636	35
637	45
638	45
639	44
640	42
641	51
642	43
643	40
644	41
645	36
646	34
647	34
648	39
649	34
650	38
651	46
652	35
653	46
654	51
655	40
656	34
657	36
658	31
659	34
660	37
661	43
662	36
663	19
664	30
665	46
666	33
667	30
668	42
669	45
670	36
671	41
672	41
673	51
674	39
675	44
676	50
677	34
678	35
679	25
680	29
681	25
682	32
683	26
684	41
685	32
686	44
687	36
688	35
689	45
690	41
691	46
692	37
693	39
694	21
695	34
696	40
697	49
698	38
699	31
700	34
701	35
702	41
703	34
704	37
705	34
706	38
707	46
708	32
709	26
710	34
711	35
712	30
713	48
714	42
715	39
716	37
717	35
718	39
719	42
720	33
721	32
722	29
723	37
724	32
725	32
726	42
727	36
728	37
729	37
730	36
731	37
732	40
733	33
734	38
735	38
736	41
737	31
738	31
739	30
740	38
741	31
742	30
743	31
744	37
745	33
746	33
747	36
748	36
749	34
750	36
751	33
752	34
753	42
754	29
755	26
756	28
757	25
758	27
759	25
760	31
761	28
762	28
763	21
764	34
765	28
766	36
767	29
768	45
769	44
770	31
771	35
772	36
773	29
774	25
775	25
776	36
777	26
778	38
779	32
780	36
781	26
782	28
783	24
784	33
785	35
786	26
787	35
788	28
789	23
790	36
791	26
792	31
793	24
794	25
795	28
796	31
797	40
798	40
799	26
800	32
801	25
802	31
803	38
804	34
805	32
806	33
807	33
808	33
809	39
810	18
811	30
812	38
813	27
814	29
815	33
816	32
817	29
818	17
819	23
820	22
821	27
822	25
823	29
824	36
825	30
826	42
827	46
828	34
829	37
830	40
831	39
832	39
833	32
834	31
835	38
836	33
837	40
838	21
839	47
840	35
841	34
842	29
843	28
844	37
845	38
846	47
847	63
848	67
849	56
850	49
851	34
852	30
853	42
854	35
855	16
856	35
857	43
858	35
859	28
860	29
861	26
862	30
863	23
864	36
865	29
866	29
867	28
868	27
869	24
870	40
871	30
872	32
873	26
874	19
875	25
876	16
877	27
878	25
879	28
880	32
881	25
882	34
883	36
884	35
885	33
886	29
887	33
888	43
889	37
890	41
891	37
892	51
893	35
894	30
895	47
896	27
897	34
898	44
899	33
900	49
901	26
902	28
903	32
904	11
905	25
906	31
907	28
908	32
909	34
910	34
911	28
912	24
913	27
914	28
915	38
916	33
917	34
918	26
919	36
920	28
921	23
922	30
923	38
924	25
925	28
926	23
927	35
928	30
929	38
930	35
931	37
932	26
933	36
934	33
935	31
936	30
937	32
938	35
939	39
940	44
941	32
942	37
943	32
944	32
945	34
946	32
947	35
948	32
949	32
950	32
951	33
952	37
953	31
954	44
955	26
956	30
957	26
958	31
959	32
960	29
961	23
962	26
963	27
964	36
965	34
966	44
967	34
968	36
969	24
970	30
971	38
972	28
973	34
974	35
975	23
976	29
977	27
978	23
979	25
980	22
981	27
982	25
983	28
984	29
985	38
986	38
987	25
988	18
989	38
990	26
991	31
992	25
993	25
994	24
995	31
996	29
997	19
998	24
999	25
1000	29
1001	24
1002	27
1003	22
1004	40
1005	38
1006	33
1007	27
1008	35
1009	29
1010	27
1011	21
1012	20
1013	31
1014	30
1015	28
1016	23
1017	29
1018	26
1019	43
1020	33
1021	46
1022	36
1023	45
1024	23
1025	33
1026	28
1027	36
1028	41
1029	34
1030	44
1031	37
1032	32
1033	21
1034	22
1035	23
1036	29
1037	23
1038	22
1039	27
1040	50
1041	32
1042	25
1043	30
1044	29
1045	28
1046	25
1047	29
1048	30
1049	13
1050	27
1051	31
1052	27
1053	32
1054	28
1055	24
1056	31
1057	25
1058	28
1059	37
1060	33
1061	26
1062	39
1063	26
1064	24
1065	27
1066	28
1067	23
1068	27
1069	33
1070	27
1071	35
1072	31
1073	34
1074	20
1075	35
1076	27
1077	38
1078	34
1079	20
1080	31
1081	18
1082	31
1083	34
1084	33
1085	26
1086	27
1087	30
1088	36
1089	25
1090	21
1091	18
1092	24
1093	28
1094	27
1095	20
1096	29
1097	32
1098	27
1099	31
1100	34
1101	29
1102	37
1103	25
1104	30
1105	27
1106	28
1107	40
1108	26
1109	37
1110	37
1111	35
1112	23
1113	31
1114	33
1115	32
1116	26
1117	29
1118	34
1119	31
1120	26
1121	29
1122	36
1123	32
1124	23
1125	30
1126	24
1127	24
1128	26
1129	29
1130	27
1131	30
1132	24
1133	20
1134	28
1135	35
1136	25
1137	34
1138	29
1139	31
1140	38
1141	33
1142	29
1143	35
1144	29
1145	21
1146	33
1147	33
1148	34
1149	34
1150	26
1151	41
1152	22
1153	29
1154	28
1155	28
1156	29
1157	32
1158	25
1159	17
1160	26
1161	35
1162	35
1163	33
1164	18
1165	21
1166	24
1167	24
1168	33
1169	24
1170	18
1171	26
1172	28
1173	35
1174	29
1175	37
1176	23
1177	41
1178	19
1179	33
1180	22
1181	30
1182	35
1183	31
1184	22
1185	25
1186	27
1187	23
1188	18
1189	21
1190	26
1191	16
1192	30
1193	27
1194	35
1195	23
1196	37
1197	26
1198	27
1199	24
1200	28
1201	32
1202	22
1203	25
1204	15
1205	21
1206	19
1207	16
1208	28
1209	22
1210	26
1211	23
1212	23
1213	26
1214	20
1215	27
1216	37
1217	24
1218	32
1219	25
1220	23
1221	32
1222	25
1223	24
1224	20
1225	27
1226	22
1227	12
1228	24
1229	33
1230	27
1231	25
1232	29
1233	39
1234	27
1235	19
1236	21
1237	20
1238	28
1239	24
1240	32
1241	27
1242	36
1243	23
1244	38
1245	24
1246	33
1247	27
1248	30
1249	23
1250	28
1251	23
1252	22
1253	27
1254	26
1255	27
1256	27
1257	22
1258	25
1259	30
1260	19
1261	36
1262	33
1263	32
1264	28
1265	29
1266	20
1267	33
1268	32
1269	29
1270	26
1271	32
1272	30
1273	27
1274	33
1275	30
1276	29
1277	24
1278	30
1279	31
1280	32
1281	34
1282	18
1283	17
1284	33
1285	27
1286	29
1287	23
1288	39
1289	29
1290	19
1291	42
1292	26
1293	35
1294	24
1295	21
1296	25
1297	26
1298	21
1299	22
1300	24
1301	30
1302	18
1303	28
1304	20
1305	34
1306	23
1307	31
1308	26
1309	39
1310	41
1311	27
1312	26
1313	17
1314	32
1315	23
1316	22
1317	21
1318	31
1319	27
1320	38
1321	35
1322	33
1323	28
1324	29
1325	34
1326	21
1327	42
1328	33
1329	28
1330	31
1331	26
1332	27
1333	30
1334	32
1335	33
1336	18
1337	25
1338	23
1339	21
1340	28
1341	18
1342	25
1343	29
1344	25
1345	21
1346	15
1347	15
1348	24
1349	20
1350	26
1351	27
1352	33
1353	25
1354	26
1355	32
1356	29
1357	26
1358	30
1359	34
1360	17
1361	16
1362	15
1363	30
1364	29
1365	24
1366	23
1367	25
1368	21
1369	31
1370	27
1371	29
1372	23
1373	21
1374	22
1375	28
1376	19
1377	35
1378	26
1379	27
1380	23
1381	24
1382	26
1383	30
1384	37
1385	30
1386	17
1387	29
1388	39
1389	28
1390	36
1391	37
1392	28
1393	35
1394	26
1395	31
1396	22
1397	19
1398	34
1399	33
1400	38
1401	31
1402	22
1403	28
1404	28
1405	24
1406	29
1407	27
1408	28
1409	26
1410	27
1411	28
1412	28
1413	24
1414	25
1415	24
1416	32
1417	22
1418	21
1419	33
1420	17
1421	26
1422	27
1423	20
1424	34
1425	22
1426	20
1427	34
1428	28
1429	34
1430	29
1431	33
1432	25
1433	25
1434	32
1435	30
1436	42
1437	31
1438	45
1439	31
1440	35
1441	30
1442	19
1443	21
1444	24
1445	22
1446	21
1447	31
1448	19
1449	35
1450	35
1451	23
1452	25
1453	18
1454	33
1455	30
1456	31
1457	25
1458	23
1459	20
1460	32
1461	31
1462	23
1463	20
1464	24
1465	24
1466	27
1467	26
1468	33
1469	28
1470	26
1471	23
1472	24
1473	24
1474	19
1475	22
1476	20
1477	18
1478	32
1479	29
1480	24
1481	30
1482	33
1483	21
1484	23
1485	28
1486	26
1487	30
1488	18
1489	27
1490	29
1491	30
1492	24
1493	27
1494	28
1495	24
1496	26
1497	21
1498	26
1499	20
1500	28
1501	31
1502	30
1503	22
1504	27
1505	28
1506	18
1507	27
1508	20
1509	28
1510	24
1511	22
1512	21
1513	26
1514	26
1515	32
1516	27
1517	22
1518	19
1519	24
1520	29
1521	23
1522	23
1523	24
1524	31
1525	31
1526	25
1527	36
1528	23
1529	32
1530	34
1531	25
1532	28
1533	27
1534	31
1535	28
1536	20
1537	26
1538	35
1539	27
1540	23
1541	18
1542	28
1543	26
1544	31
1545	31
1546	24
1547	30
1548	27
1549	19
1550	28
1551	27
1552	29
1553	29
1554	23
1555	32
1556	30
1557	31
1558	15
1559	22
1560	30
1561	23
1562	24
1563	18
1564	22
1565	30
1566	24
1567	21
1568	22
1569	19
1570	24
1571	33
1572	32
1573	25
1574	28
1575	32
1576	19
1577	20
1578	25
1579	36
1580	24
1581	24
1582	26
1583	30
1584	30
1585	26
1586	22
1587	26
1588	34
1589	23
1590	35
1591	33
1592	39
1593	24
1594	35
1595	23
1596	21
1597	30
1598	29
1599	31
1600	24
1601	25
1602	32
1603	30
1604	20
1605	30
1606	21
1607	34
1608	26
1609	25
1610	26
1611	22
1612	30
1613	25
1614	22
1615	30
1616	32
1617	24
1618	18
1619	26
1620	19
1621	26
1622	25
1623	36
1624	38
1625	35
1626	30
1627	34
1628	30
1629	32
1630	30
1631	23
1632	37
1633	34
1634	30
1635	24
1636	29
1637	36
1638	27
1639	28
1640	30
1641	19
1642	36
1643	28
1644	31
1645	24
1646	25
1647	37
1648	35
1649	26
1650	29
1651	35
1652	35
1653	22
1654	26
1655	25
1656	22
1657	19
1658	19
1659	22
1660	19
1661	24
1662	35
1663	27
1664	19
1665	23
1666	24
1667	39
1668	32
1669	25
1670	23
1671	31
1672	27
1673	24
1674	31
1675	36
1676	29
1677	28
1678	30
1679	26
1680	20
1681	22
1682	35
1683	36
1684	25
1685	35
1686	23
1687	24
1688	30
1689	23
1690	30
1691	22
1692	32
1693	18
1694	15
1695	30
1696	27
1697	29
1698	24
1699	21
1700	26
1701	19
1702	24
1703	34
1704	32
1705	24
1706	25
1707	27
1708	26
1709	29
1710	33
1711	26
1712	30
1713	38
1714	33
1715	34
1716	29
1717	21
1718	34
1719	23
1720	32
1721	37
1722	30
1723	26
1724	16
1725	30
1726	23
1727	37
1728	21
1729	39
1730	19
1731	33
1732	26
1733	18
1734	25
1735	38
1736	28
1737	32
1738	36
1739	31
1740	27
1741	31
1742	17
1743	18
1744	28
1745	22
1746	28
1747	29
1748	19
1749	35
1750	36
1751	34
1752	28
1753	26
1754	26
1755	19
1756	18
1757	24
1758	32
1759	27
1760	35
1761	26
1762	30
1763	33
1764	24
1765	33
1766	27
1767	30
1768	26
1769	22
1770	20
1771	27
1772	26
1773	26
1774	28
1775	30
1776	16
1777	39
1778	29
1779	31
1780	25
1781	24
1782	17
1783	20
1784	28
1785	29
1786	21
1787	23
1788	21
1789	27
1790	23
1791	19
1792	21
1793	27
1794	30
1795	27
1796	31
1797	19
1798	29
1799	37
1800	27
1801	20
1802	35
1803	31
1804	22
1805	30
1806	26
1807	31
1808	29
1809	38
1810	45
1811	32
1812	33
1813	36
1814	26
1815	40
1816	22
1817	31
1818	23
1819	29
1820	29
1821	38
1822	24
1823	16
1824	28
1825	23
1826	20
1827	24
1828	30
1829	22
1830	9
1831	33
1832	31
1833	25
1834	22
1835	29
1836	28
1837	22
1838	23
1839	28
1840	27
1841	35
1842	25
1843	33
1844	31
1845	36
1846	29
1847	30
1848	18
1849	25
1850	28
1851	26
1852	27
1853	24
1854	27
1855	28
1856	31
1857	30
1858	33
1859	31
1860	31
1861	26
1862	34
1863	31
1864	28
1865	23
1866	29
1867	30
1868	13
1869	30
1870	38
1871	26
1872	22
1873	24
1874	23
1875	26
1876	35
1877	36
1878	24
1879	12
1880	17
1881	24
1882	24
1883	25
1884	25
1885	25
1886	27
1887	36
1888	24
1889	19
1890	27
1891	18
1892	16
1893	25
1894	25
1895	34
1896	29
1897	20
1898	24
1899	34
1900	36
1901	36
1902	19
1903	39
1904	28
1905	23
1906	34
1907	24
1908	31
1909	23
1910	18
1911	26
1912	15
1913	37
1914	36
1915	39
1916	23
1917	32
1918	30
1919	41
1920	20
1921	29
1922	28
1923	35
1924	34
1925	29
1926	21
1927	16
1928	29
1929	33
1930	35
1931	28
1932	28
1933	28
1934	32
1935	21
1936	19
1937	31
1938	32
1939	26
1940	27
1941	38
1942	32
1943	27
1944	46
1945	17
1946	24
1947	36
1948	32
1949	37
1950	30
1951	22
1952	34
1953	32
1954	35
1955	29
1956	23
1957	20
1958	27
1959	26
1960	24
1961	36
1962	28
1963	25
1964	16
1965	34
1966	32
1967	25
1968	30
1969	42
1970	28
1971	25
1972	30
1973	36
1974	31
1975	21
1976	36
1977	33
1978	23
1979	19
1980	28
1981	27
1982	26
1983	28
1984	20
1985	26
1986	29
1987	34
1988	29
1989	31
1990	34
1991	30
1992	24
1993	27
1994	31
1995	37
1996	17
1997	27
1998	27
1999	32
2000	22
2001	25
2002	33
2003	23
2004	29
2005	23
2006	29
2007	28
2008	21
2009	20
2010	32
2011	23
2012	34
2013	33
2014	39
2015	34
2016	32
2017	34
2018	32
2019	42
2020	30
2021	31
2022	28
2023	24
2024	24
2025	24
2026	20
2027	28
2028	24
2029	16
2030	27
2031	17
2032	22
2033	27
2034	33
2035	33
2036	32
2037	21
2038	22
2039	29
2040	30
2041	23
2042	18
2043	21
2044	28
2045	29
2046	25
2047	28
2048	25
2049	31
2050	37
2051	37
2052	31
2053	39
2054	28
2055	30
2056	38
2057	31
2058	23
2059	27
2060	21
2061	33
2062	28
2063	36
2064	27
2065	29
2066	32
2067	27
2068	32
2069	28
2070	28
2071	16
2072	30
2073	25
2074	29
2075	28
2076	26
2077	31
2078	29
2079	26
2080	23
2081	33
2082	35
2083	18
2084	28
2085	25
2086	31
2087	28
2088	22
2089	23
2090	25
2091	23
2092	23
2093	27
2094	34
2095	26
2096	27
2097	32
2098	23
2099	37
2100	33
2101	36
2102	30
2103	36
2104	22
2105	27
2106	14
2107	25
2108	27
2109	40
2110	27
2111	17
2112	36
2113	25
2114	26
2115	31
2116	20
2117	32
2118	36
2119	23
2120	34
2121	30
2122	23
2123	27
2124	34
2125	28
2126	26
2127	25
2128	35
2129	31
2130	28
2131	29
2132	19
2133	33
2134	20
2135	22
2136	32
2137	34
2138	39
2139	31
2140	31
2141	34
2142	31
2143	27
2144	28
2145	23
2146	31
2147	39
2148	21
2149	33
2150	23
2151	27
2152	34
2153	31
2154	24
2155	33
2156	35
2157	24
2158	23
2159	35
2160	35
2161	25
2162	32
2163	30
2164	29
2165	39
2166	30
2167	24
2168	27
2169	33
2170	25
2171	33
2172	30
2173	27
2174	18
2175	30
2176	29
2177	26
2178	33
2179	23
2180	16
2181	28
2182	24
2183	33
2184	25
2185	27
2186	22
2187	27
2188	19
2189	19
2190	27
2191	26
2192	30
2193	34
2194	27
2195	28
2196	24
2197	25
2198	14
2199	21
2200	18
2201	31
2202	22
2203	35
2204	28
2205	26
2206	18
2207	30
2208	26
2209	19
2210	40
2211	36
2212	37
2213	36
2214	28
2215	40
2216	37
2217	29
2218	32
2219	27
2220	31
2221	39
2222	33
2223	27
2224	24
2225	26
2226	39
2227	29
2228	30
2229	35
2230	26
2231	30
2232	33
2233	33
2234	31
2235	36
2236	27
2237	24
2238	33
2239	18
2240	35
2241	37
2242	40
2243	31
2244	48
2245	35
2246	29
2247	24
2248	28
2249	25
2250	30
2251	32
2252	36
2253	44
2254	36
2255	27
2256	28
2257	29
2258	29
2259	21
2260	38
2261	28
2262	29
2263	22
2264	27
2265	25
2266	23
2267	26
2268	21
2269	29
2270	35
2271	28
2272	28
2273	29
2274	34
2275	24
2276	32
2277	27
2278	32
2279	42
2280	13
2281	30
2282	39
2283	19
2284	30
2285	25
2286	28
2287	27
2288	37
2289	25
2290	26
2291	32
2292	34
2293	35
2294	34
2295	35
2296	29
2297	34
2298	23
2299	34
2300	27
2301	24
2302	31
2303	34
2304	27
2305	29
2306	32
2307	19
2308	23
2309	32
2310	36
2311	34
2312	32
2313	40
2314	25
2315	30
2316	20
2317	33
2318	30
2319	31
2320	21
2321	26
2322	39
2323	28
2324	29
2325	23
2326	43
2327	32
2328	26
2329	41
2330	27
2331	33
2332	30
2333	21
2334	25
2335	20
2336	24
2337	23
2338	28
2339	29
2340	35
2341	39
2342	39
2343	42
2344	27
2345	34
2346	29
2347	34
2348	35
2349	28
2350	26
2351	41
2352	34
2353	30
2354	36
2355	47
2356	29
2357	28
2358	29
2359	33
2360	39
2361	30
2362	25
2363	30
2364	31
2365	35
2366	39
2367	45
2368	33
2369	36
2370	29
2371	38
2372	33
2373	36
2374	23
2375	32
2376	40
2377	29
2378	44
2379	29
2380	34
2381	41
2382	32
2383	36
2384	20
2385	26
2386	40
2387	19
2388	31
2389	45
2390	36
2391	32
2392	21
2393	42
2394	30
2395	34
2396	17
2397	24
2398	31
2399	34
2400	33
2401	27
2402	27
2403	26
2404	29
2405	27
2406	35
2407	30
2408	30
2409	29
2410	34
2411	25
2412	36
2413	44
2414	29
2415	35
2416	30
2417	39
2418	29
2419	30
2420	39
2421	30
2422	40
2423	38
2424	22
2425	24
2426	37
2427	27
2428	42
2429	33
2430	28
2431	29
2432	28
2433	29
2434	37
2435	37
2436	33
2437	34
2438	32
2439	33
2440	24
2441	31
2442	27
2443	36
2444	39
2445	29
2446	32
2447	32
2448	33
2449	35
2450	27
2451	33
2452	22
2453	25
2454	36
2455	31
2456	48
2457	39
2458	34
2459	40
2460	32
2461	34
2462	33
2463	44
2464	35
2465	31
2466	28
2467	32
2468	32
2469	29
2470	39
2471	31
2472	28
2473	43
2474	40
2475	33
2476	25
2477	26
2478	30
2479	29
2480	31
2481	35
2482	27
2483	32
2484	32
2485	34
2486	36
2487	21
2488	29
2489	35
2490	34
2491	45
2492	35
2493	39
2494	25
2495	33
2496	42
2497	30
2498	35
2499	42
2500	26
2501	37
2502	36
2503	36
2504	40
2505	38
2506	30
2507	35
2508	32
2509	32
2510	40
2511	39
2512	39
2513	33
2514	40
2515	37
2516	40
2517	26
2518	31
2519	32
2520	25
2521	35
2522	37
2523	29
2524	23
2525	37
2526	34
2527	37
2528	17
2529	26
2530	21
2531	31
2532	28
2533	32
2534	33
2535	25
2536	34
2537	17
2538	30
2539	26
2540	25
2541	30
2542	38
2543	42
2544	45
2545	35
2546	32
2547	29
2548	25
2549	32
2550	34
2551	37
2552	30
2553	28
2554	30
2555	30
2556	30
2557	30
2558	41
2559	34
2560	36
2561	28
2562	31
2563	33
2564	32
2565	35
2566	45
2567	38
2568	39
2569	48
2570	57
2571	38
2572	33
2573	32
2574	26
2575	32
2576	29
2577	36
2578	39
2579	43
2580	48
2581	31
2582	41
2583	35
2584	35
2585	45
2586	36
2587	38
2588	36
2589	27
2590	29
2591	34
2592	39
2593	37
2594	33
2595	40
2596	29
2597	31
2598	37
2599	45
2600	36
2601	47
2602	38
2603	46
2604	42
2605	46
2606	60
2607	61
2608	39
2609	32
2610	29
2611	38
2612	35
2613	23
2614	36
2615	38
2616	41
2617	43
2618	30
2619	37
2620	37
2621	45
2622	51
2623	42
2624	48
2625	44
2626	48
2627	40
2628	33
2629	34
2630	35
2631	29
2632	25
2633	33
2634	27
2635	21
2636	27
2637	28
2638	27
2639	30
2640	12
2641	21
2642	27
2643	15
2644	24
2645	24
2646	20
2647	22
2648	21
2649	14
2650	20
2651	19
2652	24
2653	22
2654	21
2655	21
2656	27
2657	29
2658	28
2659	26
2660	23
2661	24
2662	17
2663	24
2664	29
2665	26
2666	37
2667	30
2668	27
2669	24
2670	18
2671	28
2672	19
2673	21
2674	24
2675	24
2676	27
2677	28
2678	28
2679	19
2680	20
2681	26
2682	16
2683	24
2684	26
2685	19
2686	28
2687	17
2688	28
2689	22
2690	11
2691	20
2692	17
2693	10
2694	20
2695	19
2696	22
2697	20
2698	22
2699	23
2700	18
2701	20
2702	13
2703	26
2704	25
2705	20
2706	28
2707	15
2708	23
2709	21
2710	13
2711	21
2712	16
2713	17
2714	14
2715	24
2716	25
2717	16
2718	22
2719	22
2720	22
2721	25
2722	20
2723	17
2724	17
2725	27
2726	18
2727	20
2728	23
2729	17
2730	22
2731	26
2732	16
2733	15
2734	17
2735	29
2736	13
2737	22
2738	20
2739	21
2740	23
2741	9
2742	11
2743	15
2744	22
2745	28
2746	19
2747	17
2748	21
2749	28
2750	30
2751	19
2752	6
2753	19
2754	23
2755	20
2756	22
2757	25
2758	33
2759	21
2760	13
2761	18
2762	14
2763	17
2764	12
2765	15
2766	22
2767	18
2768	18
2769	24
2770	26
2771	21
2772	17
2773	23
2774	9
2775	14
2776	26
2777	25
2778	18
2779	22
2780	16
2781	26
2782	19
2783	16
2784	19
2785	23
2786	18
2787	20
2788	10
2789	18
2790	18
2791	19
2792	22
2793	21
2794	28
2795	27
2796	22
2797	20
2798	18
2799	18
2800	25
2801	19
2802	20
2803	20
2804	21
2805	27
2806	19
2807	25
2808	22
2809	28
2810	17
2811	18
2812	22
2813	18
2814	20
2815	22
2816	26
2817	23
2818	20
2819	26
2820	19
2821	22
2822	19
2823	17
2824	18
2825	23
2826	22
2827	15
2828	32
2829	17
2830	26
2831	23
2832	11
2833	26
2834	19
2835	22
2836	19
2837	18
2838	28
2839	23
2840	22
2841	18
2842	21
2843	20
2844	15
2845	19
2846	16
2847	25
2848	20
2849	24
2850	22
2851	22
2852	20
2853	30
2854	19
2855	19
2856	27
2857	25
2858	24
2859	17
2860	14
2861	17
2862	21
2863	19
2864	15
2865	32
2866	30
2867	33
2868	35
2869	17
2870	24
2871	15
2872	19
2873	13
2874	22
2875	13
2876	16
2877	21
2878	28
2879	17
2880	27
2881	23
2882	10
2883	12
2884	17
2885	15
2886	19
2887	19
2888	29
2889	19
2890	13
2891	29
2892	16
2893	33
2894	28
2895	26
2896	21
2897	17
2898	22
2899	20
2900	17
2901	18
2902	26
2903	20
2904	20
2905	14
2906	21
2907	19
2908	16
2909	20
2910	21
2911	20
2912	29
2913	20
2914	27
2915	24
2916	22
2917	18
2918	14
2919	26
2920	25
2921	25
2922	19
2923	37
2924	20
2925	24
2926	24
2927	16
2928	15
2929	20
2930	12
2931	16
2932	12
2933	22
2934	16
2935	23
2936	22
2937	20
2938	20
2939	15
2940	23
2941	25
2942	29
2943	23
2944	14
2945	17
2946	16
2947	25
2948	23
2949	24
2950	16
2951	19
2952	24
2953	21
2954	17
2955	21
2956	29
2957	24
2958	15
2959	29
2960	26
2961	21
2962	20
2963	21
2964	22
2965	28
2966	16
2967	19
2968	22
2969	24
2970	23
2971	27
2972	27
2973	20
2974	26
2975	21
2976	24
2977	24
2978	22
2979	29
2980	29
2981	29
2982	19
2983	24
2984	14
2985	21
2986	24
2987	27
2988	25
2989	28
2990	27
2991	35
2992	19
2993	24
2994	20
2995	26
2996	16
2997	27
2998	19
2999	25
3000	25
3001	23
3002	25
3003	11
3004	18
3005	19
3006	20
3007	15
3008	23
3009	30
3010	21
3011	21
3012	18
3013	21
3014	24
3015	16
3016	24
3017	24
3018	17
3019	13
3020	27
3021	16
3022	10
3023	16
3024	16
3025	22
3026	19
3027	24
3028	24
3029	18
3030	27
3031	21
3032	19
3033	24
3034	25
3035	20
3036	24
3037	25
3038	31
3039	26
3040	34
3041	22
3042	29
3043	22
3044	21
3045	26
3046	26
3047	30
3048	26
3049	27
3050	26
3051	17
3052	19
3053	15
3054	19
3055	19
3056	9
3057	12
3058	12
3059	8
3060	8
3061	10
3062	9
3063	9
3064	9
3065	14
3066	7
3067	6
3068	7
3069	5
3070	7
3071	8
3072	12
3073	11
3074	12
3075	7
3076	9
3077	4
3078	7
3079	8
3080	11
3081	6
3082	6
3083	14
3084	12
3085	8
3086	3
3087	9
3088	11
3089	9
3090	10
3091	17
3092	11
3093	2
3094	7
3095	7
3096	8
3097	9
3098	7
3099	18
3100	11
3101	6
3102	6
3103	9
3104	9
3105	5
3106	4
3107	10
3108	8
3109	10
3110	4
3111	5
3112	11
3113	8
3114	12
3115	15
3116	11
3117	8
3118	6
3119	10
3120	11
3121	5
3122	6
3123	13
3124	15
3125	24
3126	25
3127	14
3128	15
3129	7
3130	10
3131	6
3132	7
3133	11
3134	9
3135	3
3136	3
3137	2
3138	5
3139	8
3140	9
3141	10
3142	9
3143	2
3144	3
3145	5
3146	8
3147	4
3148	4
3149	5
3150	9
3151	10
3152	9
3153	5
3154	7
3155	8
3156	8
3157	5
3158	5
3159	4
3160	4
3161	6
3162	5
3163	3
3164	4
3165	3
3166	4
3167	6
3168	7
3169	3
3170	1
3171	5
3172	1
3173	7
3174	5
3175	5
3176	5
3177	3
3178	6
3179	5
3180	8
3181	5
3182	5
3183	5
3184	1
3185	8
3186	4
3187	5
3188	6
3189	8
3190	5
3191	4
3192	5
3193	6
3194	7
3195	9
3196	7
3197	10
3198	16
3199	85
3200	230
3201	685
3202	1374
3203	2210
3204	2396
3205	2142
3206	1424
3207	676
3208	260
3209	72
3210	15
3211	8
3212	2
3213	4
3214	6
3215	5
3216	3
3217	7
3218	3
3219	4
3220	7
3221	3
3222	6
3223	4
3224	7
3225	6
3226	5
3227	0
3228	2
3229	4
3230	6
3231	8
3232	3
3233	3
3234	3
3235	2
3236	5
3237	2
3238	2
3239	6
3240	5
3241	5
3242	5
3243	6
3244	5
3245	3
3246	9
3247	11
3248	3
3249	4
3250	1
3251	2
3252	3
3253	5
3254	3
3255	7
3256	4
3257	7
3258	5
3259	3
3260	3
3261	4
3262	3
3263	3
3264	5
3265	4
3266	4
3267	3
3268	4
3269	2
3270	5
3271	2
3272	2
3273	0
3274	5
3275	2
3276	5
3277	2
3278	2
3279	3
3280	1
3281	1
3282	1
3283	3
3284	4
3285	3
3286	2
3287	1
3288	2
3289	1
3290	2
3291	1
3292	2
3293	2
3294	2
3295	4
3296	5
3297	5
3298	1
3299	5
3300	1
3301	3
3302	5
3303	1
3304	2
3305	2
3306	4
3307	0
3308	2
3309	3
3310	5
3311	1
3312	5
3313	2
3314	1
3315	3
3316	1
3317	3
3318	2
3319	0
3320	2
3321	1
3322	1
3323	5
3324	3
3325	2
3326	1
3327	3
3328	2
3329	1
3330	3
3331	1
3332	1
3333	1
3334	4
3335	5
3336	0
3337	2
3338	4
3339	1
3340	2
3341	3
3342	5
3343	1
3344	3
3345	2
3346	3
3347	4
3348	2
3349	1
3350	1
3351	2
3352	3
3353	1
3354	2
3355	4
3356	4
3357	1
3358	4
3359	1
3360	4
3361	4
3362	3
3363	1
3364	2
3365	2
3366	2
3367	1
3368	3
3369	2
3370	2
3371	5
3372	6
3373	4
3374	5
3375	5
3376	3
3377	1
3378	2
3379	2
3380	1
3381	1
3382	4
3383	3
3384	1
3385	2
3386	1
3387	2
3388	2
3389	2
3390	3
3391	1
3392	3
3393	3
3394	2
3395	5
3396	3
3397	4
3398	4
3399	4
3400	1
3401	5
3402	3
3403	2
3404	1
3405	2
3406	1
3407	4
3408	0
3409	1
3410	1
3411	2
3412	2
3413	4
3414	1
3415	2
3416	2
3417	3
3418	2
3419	3
3420	3
3421	2
3422	2
3423	4
3424	2
3425	4
3426	1
3427	0
3428	4
3429	3
3430	1
3431	4
3432	0
3433	1
3434	1
3435	2
3436	3
3437	1
3438	0
3439	5
3440	2
3441	1
3442	0
3443	2
3444	3
3445	1
3446	2
3447	2
3448	2
3449	3
3450	1
3451	1
3452	3
3453	3
3454	2
3455	2
3456	1
3457	3
3458	3
3459	3
3460	1
3461	0
3462	3
3463	3
3464	1
3465	3
3466	3
3467	0
3468	1
3469	1
3470	1
3471	4
3472	2
3473	5
3474	0
3475	5
3476	5
3477	0
3478	3
3479	2
3480	0
3481	2
3482	1
3483	1
3484	1
3485	1
3486	2
3487	0
3488	1
3489	0
3490	6
3491	0
3492	1
3493	0
3494	5
3495	1
3496	1
3497	0
3498	1
3499	0
3500	1
3501	3
3502	2
3503	4
3504	3
3505	0
3506	3
3507	1
3508	1
3509	0
3510	3
3511	1
3512	4
3513	3
3514	2
3515	2
3516	0
3517	1
3518	0
3519	1
3520	0
3521	2
3522	1
3523	3
3524	1
3525	0
3526	2
3527	1
3528	4
3529	0
3530	3
3531	1
3532	2
3533	1
3534	1
3535	0
3536	2
3537	1
3538	2
3539	0
3540	0
3541	1
3542	0
3543	3
3544	2
3545	1
3546	1
3547	5
3548	7
3549	3
3550	7
3551	7
3552	4
3553	3
3554	5
3555	3
3556	1
3557	4
3558	6
3559	8
3560	6
3561	13
3562	11
3563	4
3564	4
3565	4
3566	2
3567	3
3568	2
3569	1
3570	0
3571	1
3572	0
3573	3
3574	2
3575	3
3576	0
3577	2
3578	1
3579	1
3580	1
3581	1
3582	3
3583	3
3584	0
3585	2
3586	1
3587	5
3588	2
3589	0
3590	0
3591	1
3592	1
3593	1
3594	1
3595	3
3596	6
3597	1
3598	2
3599	1
3600	2
3601	3
3602	1
3603	0
3604	1
3605	1
3606	0
3607	0
3608	0
3609	1
3610	1
3611	1
3612	2
3613	1
3614	1
3615	1
3616	2
3617	1
3618	0
3619	0
3620	1
3621	1
3622	1
3623	1
3624	2
3625	0
3626	2
3627	2
3628	0
3629	3
3630	2
3631	3
3632	4
3633	27
3634	108
3635	288
3636	651
3637	1224
3638	1765
3639	1910
3640	1834
3641	1177
3642	648
3643	311
3644	83
3645	21
3646	8
3647	3
3648	0
3649	2
3650	1
3651	1
3652	0
3653	0
3654	0
3655	0
3656	2
3657	1
3658	0
3659	0
3660	4
3661	1
3662	1
3663	1
3664	0
3665	1
3666	0
3667	0
3668	0
3669	1
3670	1
3671	1
3672	1
3673	0
3674	1
3675	3
3676	3
3677	2
3678	2
3679	1
3680	1
3681	0
3682	3
3683	2
3684	4
3685	0
3686	0
3687	2
3688	1
3689	0
3690	2
3691	1
3692	2
3693	1
3694	3
3695	3
3696	0
3697	2
3698	1
3699	0
3700	1
3701	2
3702	1
3703	2
3704	1
3705	1
3706	1
3707	1
3708	0
3709	0
3710	1
3711	0
3712	1
3713	3
3714	2
3715	2
3716	1
3717	2
3718	3
3719	1
3720	2
3721	1
3722	2
3723	1
3724	0
3725	0
3726	0
3727	0
3728	1
3729	2
3730	1
3731	2
3732	0
3733	3
3734	2
3735	0
3736	1
3737	1
3738	1
3739	1
3740	0
3741	1
3742	0
3743	1
3744	1
3745	0
3746	0
3747	2
3748	2
3749	1
3750	2
3751	2
3752	0
3753	0
3754	2
3755	1
3756	0
3757	0
3758	2
3759	0
3760	1
3761	1
3762	2
3763	1
3764	0
3765	0
3766	2
3767	4
3768	0
3769	2
3770	0
3771	0
3772	1
3773	2
3774	1
3775	2
3776	1
3777	2
3778	2
3779	1
3780	1
3781	0
3782	1
3783	1
3784	1
3785	2
3786	0
3787	1
3788	0
3789	0
3790	0
3791	0
3792	0
3793	0
3794	2
3795	0
3796	1
3797	1
3798	0
3799	1
3800	0
3801	1
3802	2
3803	0
3804	2
3805	2
3806	1
3807	1
3808	0
3809	1
3810	3
3811	0
3812	0
3813	0
3814	0
3815	1
3816	0
3817	2
3818	2
3819	1
3820	2
3821	2
3822	1
3823	1
3824	1
3825	2
3826	0
3827	3
3828	2
3829	2
3830	2
3831	1
3832	3
3833	2
3834	3
3835	1
3836	0
3837	0
3838	2
3839	0
3840	0
3841	2
3842	1
3843	1
3844	0
3845	2
3846	1
3847	1
3848	0
3849	1
3850	1
3851	0
3852	1
3853	0
3854	0
3855	0
3856	0
3857	0
3858	1
3859	2
3860	2
3861	0
3862	1
3863	1
3864	1
3865	0
3866	0
3867	0
3868	0
3869	2
3870	2
3871	0
3872	0
3873	1
3874	0
3875	0
3876	1
3877	1
3878	2
3879	1
3880	0
3881	1
3882	5
3883	2
3884	1
3885	1
3886	1
3887	0
3888	1
3889	0
3890	2
3891	1
3892	0
3893	1
3894	1
3895	1
3896	1
3897	2
3898	0
3899	0
3900	1
3901	2
3902	3
3903	2
3904	1
3905	2
3906	0
3907	2
3908	0
3909	2
3910	1
3911	0
3912	1
3913	0
3914	0
3915	0
3916	0
3917	0
3918	0
3919	2
3920	0
3921	0
3922	2
3923	1
3924	0
3925	0
3926	2
3927	0
3928	2
3929	0
3930	0
3931	0
3932	1
3933	3
3934	1
3935	0
3936	0
3937	0
3938	0
3939	0
3940	0
3941	1
3942	1
3943	2
3944	1
3945	3
3946	1
3947	3
3948	3
3949	2
3950	0
3951	1
3952	1
3953	1
3954	0
3955	1
3956	1
3957	1
3958	1
3959	1
3960	1
3961	0
3962	0
3963	1
3964	1
3965	0
3966	2
3967	1
3968	1
3969	1
3970	0
3971	1
3972	1
3973	1
3974	1
3975	1
3976	2
3977	3
3978	2
3979	0
3980	2
3981	1
3982	2
3983	1
3984	4
3985	4
3986	2
3987	1
3988	0
3989	0
3990	3
3991	1
3992	0
3993	1
3994	1
3995	0
3996	0
3997	0
3998	0
3999	1
4000	1
4001	1
4002	1
4003	1
4004	1
4005	1
4006	0
4007	0
4008	0
4009	0
4010	0
4011	0
4012	0
4013	0
4014	0
4015	0
4016	2
4017	0
4018	0
4019	0
4020	1
4021	0
4022	0
4023	0
4024	0
4025	0
4026	0
4027	1
4028	1
4029	0
4030	3
4031	2
4032	2
4033	1
4034	0
4035	0
4036	1
4037	0
4038	0
4039	3
4040	1
4041	0
4042	2
4043	1
4044	0
4045	1
4046	0
4047	0
4048	2
4049	2
4050	1
4051	2
4052	0
4053	1
4054	1
4055	0
4056	0
4057	0
4058	2
4059	0
4060	0
4061	2
4062	0
4063	1
4064	0
4065	1
4066	0
4067	1
4068	1
4069	0
4070	1
4071	1
4072	0
4073	1
4074	0
4075	0
4076	1
4077	0
4078	3
4079	0
4080	0
4081	0
4082	0
4083	0
4084	0
4085	1
4086	0
4087	0
4088	0
4089	1
4090	1
4091	1
4092	0
4093	0
4094	0
4095	1
4096	2
4097	1
4098	4
4099	5
4100	2
4101	0
4102	1
4103	1
4104	0
4105	0
4106	0
4107	0
4108	2
4109	0
4110	2
4111	0
4112	0
4113	0
4114	1
4115	0
4116	1
4117	1
4118	0
4119	0
4120	2
4121	0
4122	0
4123	0
4124	0
4125	0
4126	2
4127	1
4128	0
4129	1
4130	2
4131	1
4132	0
4133	0
4134	0
4135	1
4136	0
4137	1
4138	0
4139	0
4140	1
4141	0
4142	0
4143	2
4144	4
4145	0
4146	0
4147	1
4148	1
4149	0
4150	1
4151	0
4152	2
4153	0
4154	0
4155	1
4156	0
4157	0
4158	1
4159	0
4160	0
4161	3
4162	1
4163	0
4164	0
4165	1
4166	0
4167	2
4168	1
4169	0
4170	1
4171	0
4172	0
4173	1
4174	0
4175	1
4176	0
4177	0
4178	0
4179	0
4180	2
4181	1
4182	2
4183	1
4184	3
4185	1
4186	4
4187	1
4188	0
4189	1
4190	0
4191	0
4192	0
4193	0
4194	1
4195	0
4196	0
4197	2
4198	0
4199	1
4200	0
4201	1
4202	3
4203	1
4204	1
4205	0
4206	1
4207	3
4208	0
4209	0
4210	0
4211	0
4212	0
4213	0
4214	0
4215	0
4216	0
4217	0
4218	1
4219	0
4220	0
4221	4
4222	1
4223	0
4224	1
4225	3
4226	0
4227	1
4228	1
4229	3
4230	1
4231	1
4232	0
4233	0
4234	2
4235	3
4236	0
4237	1
4238	1
4239	2
4240	0
4241	2
4242	2
4243	0
4244	1
4245	1
4246	2
4247	1
4248	1
4249	0
4250	1
4251	0
4252	1
4253	0
4254	0
4255	1
4256	3
4257	2
4258	3
4259	0
4260	1
4261	0
4262	1
4263	0
4264	0
4265	1
4266	1
4267	1
4268	2
4269	1
4270	2
4271	1
4272	2
4273	1
4274	0
4275	0
4276	0
4277	3
4278	1
4279	0
4280	3
4281	4
4282	2
4283	0
4284	0
4285	1
4286	1
4287	1
4288	3
4289	0
4290	0
4291	0
4292	3
4293	1
4294	0
4295	4
4296	0
4297	1
4298	2
4299	2
4300	0
4301	3
4302	1
4303	3
4304	0
4305	1
4306	0
4307	2
4308	0
4309	0
4310	0
4311	0
4312	0
4313	1
4314	1
4315	0
4316	0
4317	1
4318	0
4319	0
4320	0
4321	1
4322	0
4323	0
4324	0
4325	1
4326	0
4327	2
4328	1
4329	2
4330	0
4331	3
4332	2
4333	1
4334	0
4335	0
4336	1
4337	1
4338	1
4339	0
4340	0
4341	0
4342	0
4343	1
4344	2
4345	1
4346	0
4347	1
4348	0
4349	2
4350	1
4351	0
4352	1
4353	1
4354	0
4355	1
4356	1
4357	0
4358	0
4359	1
4360	1
4361	1
4362	1
4363	1
4364	0
4365	1
4366	2
4367	1
4368	0
4369	4
4370	3
4371	0
4372	1
4373	0
4374	1
4375	3
4376	0
4377	0
4378	0
4379	0
4380	1
4381	1
4382	0
4383	0
4384	0
4385	0
4386	1
4387	1
4388	0
4389	0
4390	3
4391	1
4392	2
4393	1
4394	2
4395	3
4396	0
4397	1
4398	2
4399	1
4400	0
4401	1
4402	0
4403	0
4404	0
4405	0
4406	0
4407	1
4408	2
4409	1
4410	4
4411	0
4412	1
4413	2
4414	2
4415	3
4416	1
4417	0
4418	1
4419	0
4420	0
4421	0
4422	0
4423	0
4424	2
4425	2
4426	1
4427	0
4428	0
4429	1
4430	0
4431	0
4432	0
4433	0
4434	0
4435	0
4436	0
4437	0
4438	0
4439	0
4440	0
4441	0
4442	1
4443	0
4444	0
4445	0
4446	2
4447	1
4448	0
4449	2
4450	1
4451	1
4452	1
4453	0
4454	0
4455	1
4456	0
4457	1
4458	0
4459	0
4460	0
4461	0
4462	0
4463	0
4464	0
4465	1
4466	0
4467	1
4468	0
4469	0
4470	0
4471	1
4472	0
4473	1
4474	0
4475	0
4476	0
4477	0
4478	2
4479	0
4480	2
4481	0
4482	2
4483	1
4484	3
4485	0
4486	2
4487	0
4488	0
4489	0
4490	0
4491	0
4492	1
4493	1
4494	1
4495	0
4496	0
4497	2
4498	0
4499	0
4500	0
4501	0
4502	0
4503	1
4504	2
4505	0
4506	0
4507	0
4508	0
4509	1
4510	0
4511	1
4512	1
4513	0
4514	1
4515	2
4516	1
4517	1
4518	1
4519	1
4520	0
4521	0
4522	0
4523	2
4524	0
4525	0
4526	0
4527	1
4528	1
4529	0
4530	0
4531	1
4532	0
4533	1
4534	3
4535	1
4536	0
4537	2
4538	1
4539	2
4540	0
4541	1
4542	2
4543	0
4544	1
4545	3
4546	1
4547	0
4548	0
4549	0
4550	0
4551	0
4552	0
4553	2
4554	1
4555	1
4556	1
4557	0
4558	1
4559	1
4560	1
4561	0
4562	3
4563	1
4564	1
4565	1
4566	1
4567	2
4568	1
4569	0
4570	3
4571	0
4572	2
4573	2
4574	0
4575	0
4576	0
4577	0
4578	0
4579	2
4580	0
4581	2
4582	2
4583	0
4584	0
4585	7
4586	0
4587	0
4588	0
4589	0
4590	0
4591	0
4592	0
4593	1
4594	0
4595	1
4596	2
4597	0
4598	2
4599	0
4600	1
4601	1
4602	1
4603	1
4604	0
4605	0
4606	0
4607	1
4608	0
4609	0
4610	2
4611	0
4612	1
4613	1
4614	0
4615	2
4616	3
4617	2
4618	2
4619	2
4620	0
4621	2
4622	1
4623	0
4624	1
4625	2
4626	0
4627	0
4628	1
4629	1
4630	3
4631	0
4632	1
4633	0
4634	0
4635	1
4636	1
4637	1
4638	0
4639	0
4640	1
4641	0
4642	0
4643	0
4644	0
4645	2
4646	1
4647	0
4648	2
4649	0
4650	0
4651	1
4652	0
4653	0
4654	0
4655	1
4656	0
4657	0
4658	1
4659	0
4660	0
4661	1
4662	0
4663	0
4664	0
4665	0
4666	0
4667	1
4668	0
4669	0
4670	0
4671	0
4672	0
4673	0
4674	0
4675	0
4676	1
4677	0
4678	2
4679	0
4680	2
4681	1
4682	1
4683	0
4684	0
4685	0
4686	0
4687	0
4688	0
4689	0
4690	1
4691	1
4692	1
4693	1
4694	1
4695	0
4696	1
4697	1
4698	1
4699	0
4700	2
4701	1
4702	0
4703	1
4704	0
4705	0
4706	0
4707	1
4708	0
4709	0
4710	1
4711	1
4712	0
4713	1
4714	0
4715	1
4716	2
4717	1
4718	0
4719	1
4720	2
4721	0
4722	1
4723	1
4724	1
4725	1
4726	1
4727	1
4728	0
4729	0
4730	0
4731	1
4732	1
4733	0
4734	0
4735	1
4736	0
4737	0
4738	1
4739	0
4740	2
4741	0
4742	2
4743	0
4744	0
4745	2
4746	0
4747	0
4748	1
4749	0
4750	1
4751	0
4752	0
4753	2
4754	0
4755	0
4756	1
4757	0
4758	1
4759	0
4760	0
4761	1
4762	1
4763	2
4764	0
4765	1
4766	0
4767	3
4768	1
4769	1
4770	1
4771	2
4772	0
4773	1
4774	0
4775	1
4776	2
4777	2
4778	0
4779	0
4780	1
4781	1
4782	1
4783	1
4784	0
4785	1
4786	3
4787	2
4788	0
4789	0
4790	0
4791	1
4792	1
4793	1
4794	1
4795	2
4796	0
4797	0
4798	2
4799	0
4800	1
4801	0
4802	2
4803	2
4804	2
4805	1
4806	2
4807	1
4808	0
4809	0
4810	1
4811	2
4812	1
4813	1
4814	0
4815	0
4816	1
4817	0
4818	0
4819	0
4820	0
4821	0
4822	0
4823	0
4824	0
4825	0
4826	1
4827	0
4828	0
4829	2
4830	0
4831	3
4832	0
4833	0
4834	2
4835	1
4836	0
4837	0
4838	0
4839	0
4840	0
4841	0
4842	0
4843	0
4844	0
4845	0
4846	0
4847	0
4848	1
4849	1
4850	0
4851	0
4852	0
4853	0
4854	0
4855	1
4856	0
4857	0
4858	0
4859	0
4860	0
4861	0
4862	1
4863	0
4864	0
4865	1
4866	0
4867	0
4868	1
4869	1
4870	0
4871	2
4872	0
4873	0
4874	1
4875	0
4876	1
4877	2
4878	2
4879	1
4880	0
4881	1
4882	0
4883	1
4884	1
4885	0
4886	1
4887	0
4888	0
4889	0
4890	1
4891	2
4892	0
4893	1
4894	0
4895	1
4896	1
4897	2
4898	1
4899	1
4900	0
4901	0
4902	2
4903	1
4904	1
4905	0
4906	0
4907	1
4908	0
4909	0
4910	0
4911	0
4912	0
4913	0
4914	0
4915	0
4916	0
4917	0
4918	0
4919	2
4920	1
4921	0
4922	0
4923	0
4924	1
4925	0
4926	0
4927	0
4928	1
4929	0
4930	0
4931	0
4932	0
4933	1
4934	0
4935	0
4936	0
4937	1
4938	1
4939	0
4940	0
4941	3
4942	0
4943	0
4944	2
4945	0
4946	0
4947	0
4948	2
4949	0
4950	0
4951	0
4952	0
4953	0
4954	0
4955	0
4956	2
4957	0
4958	1
4959	1
4960	1
4961	5
4962	2
4963	0
4964	2
4965	0
4966	1
4967	0
4968	1
4969	0
4970	0
4971	0
4972	3
4973	0
4974	2
4975	1
4976	0
4977	4
4978	0
4979	1
4980	1
4981	1
4982	0
4983	0
4984	0
4985	1
4986	0
4987	0
4988	0
4989	0
4990	0
4991	1
4992	2
4993	1
4994	0
4995	0
4996	0
4997	0
4998	1
4999	2
5000	1
5001	0
5002	0
5003	0
5004	0
5005	0
5006	0
5007	1
5008	0
5009	0
5010	0
5011	1
5012	0
5013	0
5014	1
5015	0
5016	1
5017	1
5018	0
5019	1
5020	1
5021	1
5022	0
5023	0
5024	0
5025	1
5026	0
5027	1
5028	0
5029	0
5030	0
5031	1
5032	0
5033	0
5034	0
5035	0
5036	3
5037	1
5038	1
5039	0
5040	0
5041	0
5042	1
5043	2
5044	3
5045	1
5046	2
5047	1
5048	0
5049	0
5050	1
5051	0
5052	1
5053	0
5054	0
5055	0
5056	0
5057	0
5058	1
5059	2
5060	0
5061	1
5062	0
5063	0
5064	0
5065	1
5066	1
5067	1
5068	1
5069	2
5070	2
5071	2
5072	2
5073	1
5074	1
5075	0
5076	0
5077	0
5078	2
5079	1
5080	0
5081	0
5082	1
5083	0
5084	0
5085	1
5086	0
5087	0
5088	2
5089	0
5090	0
5091	0
5092	0
5093	1
5094	0
5095	0
5096	0
5097	1
5098	0
5099	0
5100	0
5101	0
5102	0
5103	0
5104	0
5105	1
5106	1
5107	1
5108	0
5109	1
5110	1
5111	2
5112	0
5113	0
5114	0
5115	2
5116	2
5117	1
5118	0
5119	1
5120	1
5121	1
5122	0
5123	1
5124	0
5125	0
5126	0
5127	0
5128	0
5129	1
5130	0
5131	0
5132	1
5133	1
5134	1
5135	1
5136	1
5137	2
5138	1
5139	1
5140	0
5141	1
5142	0
5143	1
5144	0
5145	0
5146	1
5147	0
5148	0
5149	0
5150	1
5151	0
5152	2
5153	1
5154	1
5155	1
5156	1
5157	0
5158	0
5159	0
5160	0
5161	0
5162	0
5163	0
5164	0
5165	0
5166	0
5167	0
5168	0
5169	1
5170	0
5171	0
5172	0
5173	0
5174	0
5175	2
5176	2
5177	1
5178	0
5179	1
5180	1
5181	1
5182	0
5183	0
5184	1
5185	0
5186	0
5187	0
5188	0
5189	0
5190	0
5191	0
5192	2
5193	1
5194	2
5195	0
5196	2
5197	2
5198	0
5199	0
5200	2
5201	0
5202	1
5203	1
5204	0
5205	0
5206	0
5207	1
5208	0
5209	0
5210	1
5211	0
5212	0
5213	0
5214	0
5215	0
5216	1
5217	1
5218	0
5219	0
5220	0
5221	0
5222	1
5223	0
5224	0
5225	1
5226	0
5227	0
5228	1
5229	0
5230	1
5231	0
5232	1
5233	1
5234	0
5235	0
5236	0
5237	0
5238	0
5239	0
5240	0
5241	1
5242	1
5243	0
5244	0
5245	1
5246	0
5247	1
5248	2
5249	0
5250	0
5251	1
5252	3
5253	0
5254	1
5255	0
5256	0
5257	0
5258	1
5259	0
5260	1
5261	0
5262	0
5263	1
5264	1
5265	0
5266	0
5267	0
5268	1
5269	1
5270	2
5271	0
5272	2
5273	0
5274	0
5275	0
5276	0
5277	0
5278	1
5279	1
5280	0
5281	0
5282	1
5283	1
5284	0
5285	0
5286	0
5287	1
5288	1
5289	0
5290	0
5291	0
5292	0
5293	1
5294	0
5295	1
5296	0
5297	0
5298	1
5299	3
5300	0
5301	0
5302	0
5303	1
5304	0
5305	1
5306	0
5307	0
5308	0
5309	1
5310	0
5311	0
5312	0
5313	1
5314	0
5315	0
5316	0
5317	1
5318	1
5319	0
5320	1
5321	1
5322	0
5323	0
5324	0
5325	0
5326	1
5327	0
5328	1
5329	1
5330	2
5331	0
5332	0
5333	0
5334	1
5335	1
5336	1
5337	1
5338	1
5339	1
5340	0
5341	0
5342	0
5343	2
5344	2
5345	1
5346	0
5347	0
5348	0
5349	0
5350	1
5351	1
5352	2
5353	0
5354	1
5355	0
5356	1
5357	1
5358	0
5359	2
5360	0
5361	0
5362	1
5363	0
5364	0
5365	2
5366	0
5367	1
5368	1
5369	2
5370	0
5371	1
5372	0
5373	0
5374	1
5375	0
5376	0
5377	0
5378	0
5379	0
5380	0
5381	0
5382	1
5383	1
5384	0
5385	0
5386	0
5387	0
5388	1
5389	5
5390	1
5391	1
5392	2
5393	1
5394	1
5395	1
5396	1
5397	0
5398	1
5399	1
5400	2
5401	1
5402	1
5403	1
5404	1
5405	0
5406	0
5407	0
5408	1
5409	0
5410	1
5411	0
5412	1
5413	1
5414	0
5415	0
5416	0
5417	1
5418	1
5419	1
5420	1
5421	0
5422	0
5423	0
5424	0
5425	0
5426	0
5427	0
5428	0
5429	0
5430	1
5431	1
5432	1
5433	1
5434	2
5435	4
5436	0
5437	0
5438	0
5439	1
5440	1
5441	0
5442	1
5443	2
5444	1
5445	1
5446	0
5447	1
5448	1
5449	0
5450	2
5451	0
5452	1
5453	0
5454	0
5455	1
5456	1
5457	2
5458	0
5459	0
5460	0
5461	2
5462	0
5463	0
5464	0
5465	0
5466	0
5467	0
5468	0
5469	1
5470	0
5471	1
5472	0
5473	0
5474	0
5475	0
5476	0
5477	0
5478	0
5479	0
5480	0
5481	0
5482	0
5483	1
5484	0
5485	0
5486	1
5487	2
5488	0
5489	0
5490	2
5491	0
5492	1
5493	2
5494	0
5495	0
5496	0
5497	1
5498	0
5499	0
5500	0
5501	0
5502	1
5503	1
5504	0
5505	0
5506	0
5507	0
5508	0
5509	0
5510	0
5511	0
5512	2
5513	0
5514	0
5515	2
5516	1
5517	1
5518	1
5519	1
5520	0
5521	1
5522	0
5523	1
5524	0
5525	1
5526	1
5527	0
5528	0
5529	0
5530	0
5531	0
5532	2
5533	1
5534	1
5535	1
5536	0
5537	1
5538	1
5539	2
5540	1
5541	2
5542	1
5543	0
5544	0
5545	1
5546	1
5547	1
5548	1
5549	2
5550	0
5551	3
5552	2
5553	2
5554	1
5555	1
5556	1
5557	0
5558	0
5559	0
5560	0
5561	1
5562	1
5563	0
5564	0
5565	1
5566	2
5567	3
5568	2
5569	0
5570	0
5571	0
5572	5
5573	0
5574	1
5575	1
5576	1
5577	0
5578	1
5579	0
5580	1
5581	1
5582	0
5583	0
5584	0
5585	0
5586	0
5587	0
5588	1
5589	0
5590	1
5591	3
5592	0
5593	0
5594	0
5595	0
5596	0
5597	0
5598	2
5599	1
5600	2
5601	0
5602	0
5603	0
5604	0
5605	0
5606	1
5607	0
5608	0
5609	1
5610	0
5611	1
5612	0
5613	1
5614	1
5615	3
5616	0
5617	2
5618	0
5619	1
5620	0
5621	0
5622	0
5623	0
5624	0
5625	0
5626	0
5627	0
5628	1
5629	1
5630	0
5631	0
5632	3
5633	0
5634	1
5635	0
5636	1
5637	0
5638	0
5639	0
5640	0
5641	0
5642	0
5643	0
5644	1
5645	0
5646	1
5647	1
5648	2
5649	1
5650	0
5651	0
5652	1
5653	0
5654	0
5655	0
5656	1
5657	2
5658	0
5659	0
5660	0
5661	0
5662	1
5663	0
5664	0
5665	0
5666	0
5667	0
5668	0
5669	0
5670	0
5671	0
5672	0
5673	0
5674	1
5675	0
5676	1
5677	1
5678	1
5679	0
5680	2
5681	1
5682	0
5683	1
5684	0
5685	0
5686	1
5687	1
5688	1
5689	0
5690	0
5691	2
5692	1
5693	6
5694	1
5695	0
5696	0
5697	1
5698	3
5699	2
5700	0
5701	1
5702	1
5703	1
5704	0
5705	0
5706	0
5707	0
5708	0
5709	1
5710	1
5711	1
5712	2
5713	1
5714	0
5715	0
5716	0
5717	1
5718	3
5719	4
5720	1
5721	0
5722	0
5723	0
5724	0
5725	0
5726	0
5727	2
5728	0
5729	0
5730	2
5731	0
5732	2
5733	1
5734	1
5735	0
5736	1
5737	1
5738	1
5739	0
5740	0
5741	0
5742	1
5743	1
5744	1
5745	0
5746	0
5747	0
5748	0
5749	1
5750	0
5751	0
5752	1
5753	0
5754	3
5755	0
5756	1
5757	0
5758	2
5759	0
5760	1
5761	0
5762	1
5763	0
5764	0
5765	1
5766	0
5767	1
5768	0
5769	1
5770	0
5771	3
5772	2
5773	2
5774	0
5775	0
5776	0
5777	1
5778	2
5779	0
5780	0
5781	0
5782	0
5783	0
5784	0
5785	1
5786	0
5787	0
5788	0
5789	0
5790	0
5791	0
5792	1
5793	0
5794	0
5795	0
5796	0
5797	0
5798	0
5799	0
5800	0
5801	1
5802	0
5803	0
5804	1
5805	0
5806	0
5807	1
5808	1
5809	1
5810	0
5811	0
5812	1
5813	1
5814	1
5815	1
5816	0
5817	1
5818	0
5819	1
5820	1
5821	0
5822	0
5823	1
5824	0
5825	0
5826	0
5827	1
5828	1
5829	2
5830	0
5831	1
5832	0
5833	0
5834	1
5835	0
5836	0
5837	1
5838	1
5839	1
5840	0
5841	0
5842	1
5843	1
5844	0
5845	0
5846	0
5847	0
5848	1
5849	0
5850	0
5851	0
5852	0
5853	0
5854	1
5855	0
5856	0
5857	0
5858	0
5859	0
5860	0
5861	0
5862	0
5863	0
5864	0
5865	0
5866	0
5867	0
5868	0
5869	1
5870	1
5871	0
5872	0
5873	0
5874	0
5875	0
5876	0
5877	0
5878	0
5879	0
5880	0
5881	0
5882	0
5883	0
5884	0
5885	0
5886	1
5887	0
5888	1
5889	2
5890	1
5891	0
5892	1
5893	0
5894	0
5895	1
5896	1
5897	0
5898	0
5899	0
5900	0
5901	0
5902	0
5903	0
5904	0
5905	1
5906	0
5907	0
5908	0
5909	0
5910	0
5911	0
5912	0
5913	0
5914	0
5915	2
5916	0
5917	1
5918	1
5919	1
5920	0
5921	0
5922	0
5923	0
5924	1
5925	0
5926	0
5927	0
5928	0
5929	0
5930	0
5931	1
5932	0
5933	0
5934	0
5935	0
5936	0
5937	0
5938	0
5939	0
5940	0
5941	0
5942	0
5943	0
5944	0
5945	0
5946	1
5947	0
5948	0
5949	0
5950	0
5951	0
5952	0
5953	0
5954	0
5955	0
5956	0
5957	0
5958	0
5959	0
5960	0
5961	1
5962	0
5963	0
5964	0
5965	0
5966	0
5967	1
5968	2
5969	0
5970	1
5971	0
5972	0
5973	1
5974	1
5975	0
5976	0
5977	0
5978	0
5979	1
5980	1
5981	0
5982	0
5983	0
5984	0
5985	0
5986	0
5987	1
5988	0
5989	1
5990	3
5991	0
5992	1
5993	0
5994	3
5995	0
5996	1
5997	0
5998	0
5999	2
6000	0
6001	1
6002	0
6003	0
6004	0
6005	1
6006	0
6007	0
6008	1
6009	0
6010	0
6011	0
6012	0
6013	1
6014	2
6015	1
6016	0
6017	0
6018	3
6019	0
6020	0
6021	1
6022	1
6023	0
6024	0
6025	0
6026	0
6027	0
6028	0
6029	0
6030	1
6031	0
6032	0
6033	0
6034	1
6035	1
6036	1
6037	1
6038	0
6039	1
6040	2
6041	0
6042	1
6043	1
6044	1
6045	1
6046	0
6047	0
6048	0
6049	0
6050	1
6051	0
6052	0
6053	0
6054	0
6055	0
6056	2
6057	0
6058	1
6059	0
6060	0
6061	1
6062	0
6063	0
6064	0
6065	0
6066	0
6067	0
6068	0
6069	0
6070	0
6071	0
6072	0
6073	0
6074	0
6075	1
6076	0
6077	1
6078	1
6079	0
6080	0
6081	0
6082	1
6083	0
6084	0
6085	0
6086	0
6087	0
6088	1
6089	0
6090	0
6091	0
6092	0
6093	0
6094	0
6095	0
6096	0
6097	1
6098	0
6099	0
6100	0
6101	1
6102	0
6103	1
6104	0
6105	1
6106	0
6107	0
6108	1
6109	2
6110	0
6111	0
6112	0
6113	1
6114	0
6115	0
6116	0
6117	2
6118	0
6119	0
6120	0
6121	1
6122	0
6123	1
6124	0
6125	0
6126	3
6127	0
6128	0
6129	0
6130	0
6131	0
6132	0
6133	0
6134	1
6135	1
6136	0
6137	0
6138	1
6139	4
6140	0
6141	1
6142	2
6143	2
6144	1
6145	0
6146	1
6147	0
6148	0
6149	0
6150	0
6151	0
6152	1
6153	1
6154	2
6155	0
6156	0
6157	1
6158	1
6159	1
6160	0
6161	0
6162	1
6163	0
6164	0
6165	0
6166	0
6167	0
6168	0
6169	2
6170	1
6171	0
6172	0
6173	0
6174	0
6175	0
6176	0
6177	0
6178	0
6179	1
6180	0
6181	0
6182	0
6183	0
6184	0
6185	0
6186	0
6187	3
6188	0
6189	0
6190	2
6191	0
6192	0
6193	2
6194	0
6195	1
6196	0
6197	1
6198	0
6199	0
6200	0
6201	1
6202	0
6203	0
6204	0
6205	0
6206	1
6207	0
6208	1
6209	1
6210	0
6211	2
6212	0
6213	0
6214	2
6215	0
6216	2
6217	1
6218	1
6219	1
6220	1
6221	1
6222	0
6223	0
6224	0
6225	2
6226	0
6227	2
6228	1
6229	3
6230	2
6231	2
6232	2
6233	2
6234	1
6235	1
6236	1
6237	0
6238	1
6239	0
6240	1
6241	1
6242	2
6243	0
6244	1
6245	0
6246	0
6247	0
6248	1
6249	1
6250	1
6251	0
6252	0
6253	1
6254	0
6255	0
6256	0
6257	1
6258	0
6259	1
6260	0
6261	0
6262	0
6263	0
6264	2
6265	0
6266	0
6267	1
6268	0
6269	0
6270	0
6271	0
6272	0
6273	1
6274	0
6275	0
6276	0
6277	0
6278	0
6279	0
6280	0
6281	0
6282	0
6283	0
6284	0
6285	0
6286	0
6287	0
6288	0
6289	0
6290	0
6291	0
6292	0
6293	0
6294	0
6295	0
6296	1
6297	1
6298	1
6299	0
6300	0
6301	1
6302	2
6303	1
6304	2
6305	0
6306	0
6307	1
6308	1
6309	0
6310	0
6311	1
6312	0
6313	0
6314	0
6315	0
6316	0
6317	0
6318	0
6319	0
6320	0
6321	0
6322	0
6323	0
6324	0
6325	0
6326	0
6327	0
6328	0
6329	0
6330	0
6331	0
6332	0
6333	0
6334	0
6335	0
6336	0
6337	0
6338	0
6339	0
6340	0
6341	0
6342	0
6343	0
6344	0
6345	0
6346	1
6347	0
6348	0
6349	0
6350	0
6351	0
6352	0
6353	0
6354	0
6355	1
6356	0
6357	0
6358	0
6359	0
6360	0
6361	0
6362	0
6363	0
6364	0
6365	0
6366	0
6367	0
6368	1
6369	1
6370	0
6371	0
6372	0
6373	0
6374	0
6375	0
6376	0
6377	0
6378	0
6379	1
6380	0
6381	0
6382	0
6383	0
6384	0
6385	0
6386	0
6387	0
6388	0
6389	1
6390	0
6391	0
6392	1
6393	0
6394	0
6395	0
6396	0
6397	0
6398	0
6399	0
6400	0
6401	0
6402	0
6403	0
6404	0
6405	0
6406	0
6407	0
6408	0
6409	0
6410	0
6411	0
6412	0
6413	0
6414	0
6415	0
6416	0
6417	0
6418	0
6419	0
6420	0
6421	0
6422	0
6423	0
6424	0
6425	0
6426	0
6427	0
6428	0
6429	0
6430	0
6431	0
6432	0
6433	0
6434	0
6435	0
6436	1
6437	0
6438	0
6439	0
6440	0
6441	0
6442	0
6443	1
6444	0
6445	0
6446	0
6447	0
6448	0
6449	0
6450	0
6451	0
6452	0
6453	0
6454	0
6455	0
6456	0
6457	0
6458	0
6459	0
6460	0
6461	0
6462	0
6463	1
6464	1
6465	0
6466	0
6467	0
6468	0
6469	0
6470	0
6471	0
6472	0
6473	0
6474	0
6475	0
6476	0
6477	0
6478	0
6479	0
6480	0
6481	0
6482	0
6483	0
6484	0
6485	0
6486	0
6487	0
6488	0
6489	0
6490	0
6491	0
6492	0
6493	0
6494	0
6495	0
6496	0
6497	0
6498	0
6499	0
6500	0
6501	0
6502	0
6503	1
6504	0
6505	0
6506	0
6507	0
6508	0
6509	0
6510	0
6511	0
6512	0
6513	0
6514	0
6515	0
6516	0
6517	0
6518	0
6519	0
6520	0
6521	0
6522	0
6523	0
6524	0
6525	0
6526	0
6527	0
6528	0
6529	0
6530	0
6531	0
6532	0
6533	0
6534	0
6535	0
6536	0
6537	0
6538	0
6539	0
6540	0
6541	0
6542	0
6543	0
6544	0
6545	0
6546	0
6547	0
6548	0
6549	0
6550	0
6551	0
6552	0
6553	1
6554	0
6555	0
6556	0
6557	0
6558	0
6559	0
6560	0
6561	0
6562	0
6563	0
6564	0
6565	0
6566	0
6567	0
6568	0
6569	0
6570	0
6571	0
6572	0
6573	0
6574	0
6575	0
6576	0
6577	0
6578	0
6579	0
6580	0
6581	0
6582	0
6583	0
6584	0
6585	0
6586	0
6587	0
6588	0
6589	0
6590	0
6591	0
6592	0
6593	0
6594	0
6595	0
6596	0
6597	0
6598	1
6599	0
6600	0
6601	0
6602	0
6603	0
6604	0
6605	0
6606	0
6607	0
6608	0
6609	0
6610	0
6611	0
6612	0
6613	0
6614	0
6615	0
6616	0
6617	0
6618	0
6619	0
6620	0
6621	0
6622	0
6623	0
6624	0
6625	0
6626	0
6627	0
6628	0
6629	0
6630	0
6631	0
6632	0
6633	0
6634	0
6635	0
6636	0
6637	0
6638	0
6639	0
6640	0
6641	0
6642	0
6643	0
6644	0
6645	0
6646	0
6647	0
6648	0
6649	0
6650	0
6651	0
6652	0
6653	0
6654	0
6655	0
6656	0
6657	0
6658	0
6659	0
6660	0
6661	0
6662	0
6663	0
6664	0
6665	0
6666	0
6667	0
6668	0
6669	0
6670	1
6671	0
6672	0
6673	0
6674	0
6675	0
6676	0
6677	0
6678	0
6679	0
6680	1
6681	0
6682	0
6683	0
6684	0
6685	0
6686	0
6687	0
6688	0
6689	0
6690	0
6691	0
6692	0
6693	0
6694	0
6695	0
6696	1
6697	0
6698	0
6699	0
6700	0
6701	0
6702	0
6703	0
6704	0
6705	0
6706	0
6707	0
6708	0
6709	0
6710	0
6711	0
6712	0
6713	0
6714	0
6715	0
6716	0
6717	0
6718	0
6719	0
6720	0
6721	0
6722	0
6723	0
6724	0
6725	0
6726	0
6727	0
6728	0
6729	0
6730	0
6731	0
6732	0
6733	0
6734	0
6735	0
6736	0
6737	0
6738	0
6739	0
6740	0
6741	0
6742	0
6743	0
6744	0
6745	0
6746	0
6747	0
6748	0
6749	0
6750	0
6751	0
6752	0
6753	0
6754	0
6755	0
6756	1
6757	0
6758	0
6759	0
6760	0
6761	0
6762	0
6763	2
6764	0
6765	0
6766	0
6767	0
6768	0
6769	0
6770	0
6771	0
6772	0
6773	0
6774	0
6775	0
6776	0
6777	0
6778	0
6779	0
6780	0
6781	0
6782	0
6783	0
6784	0
6785	0
6786	0
6787	0
6788	0
6789	0
6790	0
6791	0
6792	0
6793	0
6794	0
6795	0
6796	0
6797	0
6798	0
6799	0
6800	0
6801	0
6802	0
6803	0
6804	0
6805	0
6806	0
6807	0
6808	0
6809	0
6810	0
6811	0
6812	0
6813	0
6814	0
6815	0
6816	0
6817	0
6818	0
6819	0
6820	0
6821	0
6822	0
6823	0
6824	0
6825	0
6826	0
6827	0
6828	0
6829	0
6830	0
6831	0
6832	0
6833	0
6834	0
6835	1
6836	0
6837	3
6838	4
6839	4
6840	11
6841	14
6842	14
6843	14
6844	17
6845	14
6846	7
6847	9
6848	2
6849	3
6850	0
6851	0
6852	0
6853	0
6854	0
6855	0
6856	0
6857	0
6858	0
6859	0
6860	0
6861	0
6862	0
6863	0
6864	0
6865	0
6866	0
6867	0
6868	0
6869	0
6870	0
6871	0
6872	0
6873	0
6874	0
6875	0
6876	0
6877	0
6878	0
6879	0
6880	0
6881	0
6882	0
6883	0
6884	0
6885	0
6886	0
6887	0
6888	0
6889	0
6890	0
6891	0
6892	0
6893	0
6894	0
6895	0
6896	0
6897	0
6898	0
6899	0
6900	0
6901	0
6902	0
6903	0
6904	0
6905	0
6906	0
6907	0
6908	0
6909	0
6910	0
6911	0
6912	0
6913	0
6914	0
6915	0
6916	0
6917	0
6918	0
6919	0
6920	0
6921	0
6922	0
6923	0
6924	0
6925	0
6926	0
6927	0
6928	0
6929	0
6930	0
6931	0
6932	0
6933	0
6934	0
6935	0
6936	0
6937	0
6938	0
6939	0
6940	0
6941	0
6942	0
6943	0
6944	0
6945	0
6946	0
6947	0
6948	0
6949	0
6950	0
6951	0
6952	0
6953	0
6954	0
6955	0
6956	0
6957	0
6958	0
6959	0
6960	0
6961	0
6962	0
6963	0
6964	0
6965	0
6966	0
6967	0
6968	0
6969	0
6970	0
6971	0
6972	0
6973	0
6974	0
6975	0
6976	0
6977	0
6978	0
6979	0
6980	0
6981	0
6982	0
6983	0
6984	0
6985	0
6986	0
6987	0
6988	0
6989	0
6990	0
6991	0
6992	0
6993	0
6994	0
6995	0
6996	0
6997	0
6998	0
6999	0
7000	0
7001	0
7002	0
7003	0
7004	0
7005	0
7006	0
7007	0
7008	0
7009	0
7010	0
7011	0
7012	0
7013	0
7014	0
7015	0
7016	0
7017	0
7018	0
7019	0
7020	0
7021	0
7022	0
7023	0
7024	0
7025	0
7026	0
7027	0
7028	0
7029	0
7030	0
7031	0
7032	0
7033	0
7034	0
7035	0
7036	0
7037	0
7038	0
7039	0
7040	0
7041	0
7042	0
7043	0
7044	0
7045	0
7046	0
7047	0
7048	0
7049	0
7050	0
7051	0
7052	0
7053	0
7054	0
7055	0
7056	0
7057	0
7058	0
7059	0
7060	0
7061	0
7062	0
7063	0
7064	0
7065	0
7066	0
7067	0
7068	0
7069	0
7070	0
7071	0
7072	0
7073	0
7074	0
7075	0
7076	0
7077	0
7078	0
7079	0
7080	0
7081	0
7082	0
7083	0
7084	0
7085	0
7086	0
7087	0
7088	0
7089	0
7090	0
7091	0
7092	0
7093	0
7094	0
7095	0
7096	0
7097	0
7098	0
7099	0
7100	0
7101	0
7102	0
7103	0
7104	0
7105	0
7106	0
7107	0
7108	0
7109	0
7110	0
7111	0
7112	0
7113	0
7114	0
7115	0
7116	0
7117	0
7118	0
7119	0
7120	0
7121	0
7122	0
7123	0
7124	0
7125	0
7126	0
7127	0
7128	0
7129	0
7130	0
7131	0
7132	0
7133	0
7134	0
7135	0
7136	0
7137	0
7138	0
7139	0
7140	0
7141	0
7142	0
7143	0
7144	0
7145	0
7146	0
7147	0
7148	0
7149	0
7150	0
7151	0
7152	0
7153	0
7154	0
7155	0
7156	0
7157	0
7158	0
7159	0
7160	0
7161	0
7162	0
7163	0
7164	0
7165	0
7166	0
7167	0
7168	0
7169	0
7170	0
7171	0
7172	0
7173	0
7174	0
7175	0
7176	0
7177	0
7178	0
7179	0
7180	0
7181	0
7182	0
7183	0
7184	0
7185	0
7186	0
7187	0
7188	0
7189	0
7190	0
7191	0
7192	0
7193	0
7194	0
7195	0
7196	0
7197	0
7198	0
7199	0
7200	0
7201	0
7202	0
7203	0
7204	0
7205	0
7206	0
7207	0
7208	0
7209	0
7210	0
7211	0
7212	0
7213	0
7214	0
7215	0
7216	0
7217	0
7218	0
7219	0
7220	0
7221	0
7222	0
7223	0
7224	0
7225	0
7226	0
7227	0
7228	0
7229	0
7230	0
7231	0
7232	0
7233	0
7234	0
7235	0
7236	0
7237	0
7238	0
7239	0
7240	0
7241	0
7242	0
7243	0
7244	0
7245	0
7246	0
7247	0
7248	0
7249	0
7250	0
7251	0
7252	0
7253	0
7254	0
7255	0
7256	0
7257	0
7258	0
7259	0
7260	0
7261	0
7262	0
7263	0
7264	0
7265	0
7266	0
7267	0
7268	0
7269	0
7270	0
7271	0
7272	0
7273	0
7274	0
7275	0
7276	0
7277	0
7278	0
7279	0
7280	0
7281	0
7282	0
7283	0
7284	0
7285	0
7286	0
7287	0
7288	0
7289	0
7290	0
7291	0
7292	0
7293	0
7294	0
7295	0
7296	0
7297	0
7298	0
7299	0
7300	0
7301	0
7302	0
7303	0
7304	0
7305	0
7306	0
7307	0
7308	0
7309	0
7310	0
7311	0
7312	0
7313	0
7314	0
7315	0
7316	0
7317	0
7318	0
7319	0
7320	0
7321	0
7322	0
7323	0
7324	0
7325	0
7326	0
7327	0
7328	0
7329	0
7330	0
7331	0
7332	0
7333	0
7334	0
7335	0
7336	0
7337	0
7338	0
7339	0
7340	0
7341	0
7342	0
7343	0
7344	0
7345	0
7346	0
7347	0
7348	0
7349	0
7350	0
7351	0
7352	0
7353	0
7354	0
7355	0
7356	0
7357	0
7358	0
7359	0
7360	0
7361	0
7362	0
7363	0
7364	0
7365	0
7366	0
7367	0
7368	0
7369	0
7370	0
7371	0
7372	0
7373	0
7374	0
7375	0
7376	0
7377	0
7378	0
7379	0
7380	0
7381	0
7382	0
7383	0
7384	0
7385	0
7386	0
7387	0
7388	0
7389	0
7390	0
7391	0
7392	0
7393	0
7394	0
7395	0
7396	0
7397	0
7398	0
7399	0
7400	0
7401	0
7402	0
7403	0
7404	0
7405	0
7406	0
7407	0
7408	0
7409	0
7410	0
7411	0
7412	0
7413	0
7414	0
7415	0
7416	0
7417	0
7418	0
7419	0
7420	0
7421	0
7422	0
7423	0
7424	0
7425	0
7426	0
7427	0
7428	0
7429	0
7430	0
7431	0
7432	0
7433	0
7434	0
7435	0
7436	0
7437	0
7438	0
7439	0
7440	0
7441	0
7442	0
7443	0
7444	0
7445	0
7446	0
7447	0
7448	0
7449	0
7450	0
7451	0
7452	0
7453	0
7454	0
7455	0
7456	0
7457	0
7458	0
7459	0
7460	0
7461	0
7462	0
7463	0
7464	0
7465	0
7466	0
7467	0
7468	0
7469	0
7470	0
7471	0
7472	0
7473	0
7474	0
7475	0
7476	0
7477	0
7478	0
7479	0
7480	0
7481	0
7482	0
7483	0
7484	0
7485	0
7486	0
7487	0
7488	0
7489	0
7490	0
7491	0
7492	0
7493	0
7494	0
7495	0
7496	0
7497	0
7498	0
7499	0
7500	0
7501	0
7502	0
7503	0
7504	0
7505	0
7506	0
7507	0
7508	0
7509	0
7510	0
7511	0
7512	0
7513	0
7514	0
7515	0
7516	0
7517	0
7518	0
7519	0
7520	0
7521	0
7522	0
7523	0
7524	0
7525	0
7526	0
7527	0
7528	0
7529	0
7530	0
7531	0
7532	0
7533	0
7534	0
7535	0
7536	0
7537	0
7538	0
7539	0
7540	0
7541	0
7542	0
7543	0
7544	0
7545	0
7546	0
7547	0
7548	0
7549	0
7550	0
7551	0
7552	0
7553	0
7554	0
7555	0
7556	0
7557	0
7558	0
7559	0
7560	0
7561	0
7562	0
7563	0
7564	0
7565	0
7566	0
7567	0
7568	0
7569	0
7570	0
7571	0
7572	0
7573	0
7574	0
7575	0
7576	0
7577	0
7578	0
7579	0
7580	0
7581	0
7582	0
7583	0
7584	0
7585	0
7586	0
7587	0
7588	0
7589	0
7590	0
7591	0
7592	0
7593	0
7594	0
7595	0
7596	0
7597	0
7598	0
7599	0
7600	0
7601	0
7602	0
7603	0
7604	0
7605	0
7606	0
7607	0
7608	0
7609	0
7610	0
7611	0
7612	0
7613	0
7614	0
7615	0
7616	0
7617	0
7618	0
7619	0
7620	0
7621	0
7622	0
7623	0
7624	0
7625	0
7626	0
7627	0
7628	0
7629	0
7630	0
7631	0
7632	0
7633	0
7634	0
7635	0
7636	0
7637	0
7638	0
7639	0
7640	0
7641	0
7642	0
7643	0
7644	0
7645	0
7646	0
7647	0
7648	0
7649	0
7650	0
7651	0
7652	0
7653	0
7654	0
7655	0
7656	0
7657	0
7658	0
7659	0
7660	0
7661	0
7662	0
7663	0
7664	0
7665	0
7666	0
7667	0
7668	0
7669	0
7670	0
7671	0
7672	0
7673	0
7674	0
7675	0
7676	0
7677	0
7678	0
7679	0
7680	0
7681	0
7682	0
7683	0
7684	0
7685	0
7686	0
7687	0
7688	0
7689	0
7690	0
7691	0
7692	0
7693	0
7694	0
7695	0
7696	0
7697	0
7698	0
7699	0
7700	0
7701	0
7702	0
7703	0
7704	0
7705	0
7706	0
7707	0
7708	0
7709	0
7710	0
7711	0
7712	0
7713	0
7714	0
7715	0
7716	0
7717	0
7718	0
7719	0
7720	0
7721	0
7722	0
7723	0
7724	0
7725	0
7726	0
7727	0
7728	0
7729	0
7730	0
7731	0
7732	0
7733	0
7734	0
7735	0
7736	0
7737	0
7738	0
7739	0
7740	0
7741	0
7742	0
7743	0
7744	0
7745	0
7746	0
7747	0
7748	0
7749	0
7750	0
7751	0
7752	0
7753	0
7754	0
7755	0
7756	0
7757	0
7758	0
7759	0
7760	0
7761	0
7762	0
7763	0
7764	0
7765	0
7766	0
7767	0
7768	0
7769	0
7770	0
7771	0
7772	0
7773	0
7774	0
7775	0
7776	0
7777	0
7778	0
7779	0
7780	0
7781	0
7782	0
7783	0
7784	0
7785	0
7786	0
7787	0
7788	0
7789	0
7790	0
7791	0
7792	0
7793	0
7794	0
7795	0
7796	0
7797	0
7798	0
7799	0
7800	0
7801	0
7802	0
7803	0
7804	0
7805	0
7806	0
7807	0
7808	0
7809	0
7810	0
7811	0
7812	0
7813	0
7814	0
7815	0
7816	0
7817	0
7818	0
7819	0
7820	0
7821	0
7822	0
7823	0
7824	0
7825	0
7826	0
7827	0
7828	0
7829	0
7830	0
7831	0
7832	0
7833	0
7834	0
7835	0
7836	0
7837	0
7838	0
7839	0
7840	0
7841	0
7842	0
7843	0
7844	0
7845	0
7846	0
7847	0
7848	0
7849	0
7850	0
7851	0
7852	0
7853	0
7854	0
7855	0
7856	0
7857	0
7858	0
7859	0
7860	0
7861	0
7862	0
7863	0
7864	0
7865	0
7866	0
7867	0
7868	0
7869	0
7870	0
7871	0
7872	0
7873	0
7874	0
7875	0
7876	0
7877	0
7878	0
7879	0
7880	0
7881	0
7882	0
7883	0
7884	0
7885	0
7886	0
7887	0
7888	0
7889	0
7890	0
7891	0
7892	0
7893	0
7894	0
7895	0
7896	0
7897	0
7898	0
7899	0
7900	0
7901	0
7902	0
7903	0
7904	0
7905	0
7906	0
7907	0
7908	0
7909	0
7910	0
7911	0
7912	0
7913	0
7914	0
7915	0
7916	0
7917	0
7918	0
7919	0
7920	0
7921	0
7922	0
7923	0
7924	0
7925	0
7926	0
7927	0
7928	0
7929	0
7930	0
7931	0
7932	0
7933	0
7934	0
7935	0
7936	0
7937	0
7938	0
7939	0
7940	0
7941	0
7942	0
7943	0
7944	0
7945	0
7946	0
7947	0
7948	0
7949	0
7950	0
7951	0
7952	0
7953	0
7954	0
7955	0
7956	0
7957	0
7958	0
7959	0
7960	0
7961	0
7962	0
7963	0
7964	0
7965	0
7966	0
7967	0
7968	0
7969	0
7970	0
7971	0
7972	0
7973	0
7974	0
7975	0
7976	0
7977	0
7978	0
7979	0
7980	0
7981	0
7982	0
7983	0
7984	0
7985	0
7986	0
7987	0
7988	0
7989	0
7990	0
7991	0
7992	0
7993	0
7994	0
7995	0
7996	0
7997	0
7998	0
7999	0
8000	0
8001	0
8002	0
8003	0
8004	0
8005	0
8006	0
8007	0
8008	0
8009	0
8010	0
8011	0
8012	0
8013	0
8014	0
8015	0
8016	0
8017	0
8018	0
8019	0
8020	0
8021	0
8022	0
8023	0
8024	0
8025	0
8026	0
8027	0
8028	0
8029	0
8030	0
8031	0
8032	0
8033	0
8034	0
8035	0
8036	0
8037	0
8038	0
8039	0
8040	0
8041	0
8042	0
8043	0
8044	0
8045	0
8046	0
8047	0
8048	0
8049	0
8050	0
8051	0
8052	0
8053	0
8054	0
8055	0
8056	0
8057	0
8058	0
8059	0
8060	0
8061	0
8062	0
8063	0
8064	0
8065	0
8066	0
8067	0
8068	0
8069	0
8070	0
8071	0
8072	0
8073	0
8074	0
8075	0
8076	0
8077	0
8078	0
8079	0
8080	0
8081	0
8082	0
8083	0
8084	0
8085	0
8086	0
8087	0
8088	0
8089	0
8090	0
8091	0
8092	0
8093	0
8094	0
8095	0
8096	0
8097	0
8098	0
8099	0
8100	0
8101	0
8102	0
8103	0
8104	0
8105	0
8106	0
8107	0
8108	0
8109	0
8110	0
8111	0
8112	0
8113	0
8114	0
8115	0
8116	0
8117	0
8118	0
8119	0
8120	0
8121	0
8122	0
8123	0
8124	0
8125	0
8126	0
8127	0
8128	0
8129	0
8130	0
8131	0
8132	0
8133	0
8134	0
8135	0
8136	0
8137	0
8138	0
8139	0
8140	0
8141	0
8142	0
8143	0
8144	0
8145	0
8146	0
8147	0
8148	0
8149	0
8150	0
8151	0
8152	0
8153	0
8154	0
8155	0
8156	0
8157	0
8158	0
8159	0
8160	0
8161	0
8162	0
8163	0
8164	0
8165	0
8166	0
8167	0
8168	0
8169	0
8170	0
8171	0
8172	0
8173	0
8174	0
8175	0
8176	0
8177	0
8178	0
8179	0
8180	0
8181	0
8182	0
8183	0
8184	0
8185	0
8186	0
8187	0
8188	0
8189	0
8190	0
8191	0
8192	0
