SHIFR=
TLIVE=100.0
TREAL=100.0
SPECTRTXT=8192
1	18
2	30
3	26
4	38
5	25
6	29
7	30
8	22
9	29
10	29
11	28
12	34
13	30
14	35
15	30
16	41
17	29
18	24
19	29
20	31
21	26
22	30
23	31
24	30
25	44
26	28
27	31
28	36
29	35
30	29
31	35
32	39
33	45
34	32
35	31
36	37
37	30
38	41
39	37
40	38
41	40
42	36
43	48
44	37
45	32
46	23
47	36
48	22
49	38
50	37
51	20
52	43
53	31
54	41
55	41
56	36
57	31
58	46
59	32
60	37
61	35
62	28
63	33
64	47
65	43
66	29
67	42
68	39
69	35
70	30
71	40
72	36
73	30
74	31
75	32
76	28
77	41
78	52
79	39
80	38
81	43
82	34
83	30
84	31
85	32
86	32
87	34
88	32
89	38
90	26
91	20
92	25
93	33
94	36
95	28
96	40
97	24
98	25
99	24
100	26
101	27
102	24
103	24
104	25
105	20
106	26
107	28
108	32
109	40
110	42
111	28
112	31
113	35
114	21
115	40
116	27
117	39
118	39
119	33
120	25
121	28
122	38
123	28
124	40
125	29
126	28
127	33
128	29
129	32
130	35
131	27
132	37
133	28
134	27
135	22
136	32
137	34
138	25
139	29
140	40
141	37
142	40
143	23
144	33
145	35
146	33
147	32
148	37
149	32
150	26
151	31
152	33
153	29
154	35
155	30
156	27
157	23
158	35
159	22
160	41
161	45
162	38
163	36
164	33
165	25
166	37
167	40
168	35
169	33
170	45
171	35
172	36
173	29
174	30
175	42
176	44
177	27
178	30
179	42
180	35
181	42
182	43
183	38
184	36
185	46
186	45
187	48
188	43
189	36
190	45
191	35
192	47
193	36
194	21
195	24
196	33
197	30
198	31
199	31
200	25
201	29
202	36
203	33
204	31
205	29
206	35
207	23
208	27
209	36
210	38
211	22
212	21
213	42
214	38
215	21
216	22
217	34
218	30
219	21
220	21
221	36
222	39
223	28
224	27
225	36
226	28
227	22
228	31
229	19
230	26
231	34
232	23
233	27
234	25
235	20
236	26
237	34
238	24
239	26
240	26
241	28
242	32
243	31
244	31
245	24
246	25
247	26
248	25
249	30
250	32
251	28
252	37
253	28
254	35
255	30
256	23
257	36
258	17
259	24
260	32
261	31
262	25
263	31
264	25
265	18
266	28
267	38
268	24
269	24
270	37
271	25
272	31
273	30
274	31
275	32
276	35
277	35
278	34
279	36
280	26
281	25
282	32
283	22
284	34
285	35
286	36
287	31
288	35
289	30
290	24
291	30
292	30
293	31
294	29
295	28
296	29
297	38
298	43
299	34
300	37
301	31
302	37
303	29
304	28
305	34
306	34
307	43
308	42
309	45
310	34
311	30
312	25
313	27
314	28
315	24
316	32
317	39
318	35
319	34
320	33
321	30
322	36
323	28
324	29
325	23
326	34
327	34
328	38
329	28
330	36
331	24
332	35
333	44
334	25
335	40
336	30
337	32
338	37
339	33
340	30
341	37
342	38
343	42
344	37
345	27
346	38
347	30
348	32
349	32
350	39
351	38
352	41
353	37
354	28
355	17
356	20
357	29
358	26
359	24
360	30
361	19
362	35
363	34
364	31
365	34
366	28
367	36
368	47
369	37
370	33
371	29
372	33
373	30
374	43
375	39
376	34
377	29
378	34
379	25
380	31
381	30
382	26
383	44
384	32
385	29
386	34
387	31
388	19
389	20
390	40
391	32
392	41
393	29
394	35
395	28
396	29
397	33
398	29
399	43
400	28
401	23
402	38
403	35
404	22
405	29
406	28
407	33
408	34
409	34
410	36
411	50
412	44
413	37
414	43
415	31
416	28
417	30
418	27
419	26
420	30
421	32
422	29
423	28
424	25
425	30
426	27
427	23
428	26
429	26
430	29
431	29
432	32
433	26
434	31
435	23
436	31
437	25
438	33
439	36
440	32
441	31
442	40
443	32
444	31
445	34
446	38
447	32
448	37
449	42
450	29
451	32
452	23
453	40
454	28
455	38
456	34
457	38
458	46
459	30
460	30
461	30
462	48
463	34
464	32
465	31
466	33
467	29
468	28
469	31
470	26
471	28
472	43
473	37
474	33
475	37
476	24
477	21
478	31
479	36
480	37
481	37
482	36
483	41
484	39
485	33
486	46
487	36
488	42
489	34
490	28
491	35
492	36
493	32
494	20
495	38
496	32
497	39
498	37
499	35
500	35
501	32
502	25
503	33
504	31
505	30
506	27
507	38
508	35
509	38
510	42
511	32
512	34
513	37
514	36
515	22
516	41
517	31
518	40
519	41
520	27
521	30
522	27
523	26
524	41
525	23
526	33
527	35
528	29
529	30
530	33
531	36
532	28
533	36
534	32
535	26
536	26
537	33
538	38
539	35
540	29
541	31
542	35
543	39
544	34
545	43
546	35
547	40
548	30
549	34
550	33
551	33
552	26
553	22
554	35
555	22
556	25
557	40
558	28
559	36
560	43
561	40
562	32
563	29
564	36
565	40
566	32
567	37
568	36
569	34
570	42
571	47
572	38
573	47
574	38
575	48
576	42
577	48
578	44
579	48
580	38
581	54
582	43
583	47
584	45
585	34
586	44
587	54
588	43
589	55
590	44
591	47
592	35
593	45
594	42
595	50
596	46
597	47
598	40
599	49
600	50
601	54
602	44
603	50
604	51
605	35
606	53
607	37
608	41
609	37
610	44
611	49
612	42
613	52
614	34
615	43
616	44
617	37
618	51
619	52
620	34
621	43
622	33
623	37
624	43
625	41
626	48
627	46
628	43
629	28
630	46
631	41
632	38
633	46
634	43
635	40
636	37
637	45
638	39
639	37
640	38
641	35
642	34
643	35
644	40
645	34
646	36
647	47
648	50
649	54
650	46
651	45
652	49
653	45
654	31
655	49
656	42
657	24
658	45
659	38
660	42
661	31
662	29
663	40
664	42
665	32
666	37
667	37
668	48
669	38
670	44
671	51
672	43
673	33
674	34
675	25
676	30
677	29
678	38
679	32
680	45
681	32
682	30
683	48
684	43
685	35
686	35
687	17
688	30
689	36
690	45
691	35
692	31
693	38
694	41
695	46
696	37
697	39
698	36
699	39
700	45
701	31
702	27
703	39
704	41
705	33
706	49
707	41
708	40
709	38
710	35
711	35
712	37
713	32
714	33
715	33
716	42
717	36
718	34
719	42
720	36
721	37
722	38
723	36
724	48
725	35
726	31
727	36
728	28
729	31
730	26
731	33
732	44
733	38
734	36
735	33
736	44
737	29
738	43
739	35
740	38
741	40
742	39
743	36
744	37
745	33
746	34
747	42
748	29
749	27
750	32
751	30
752	32
753	42
754	41
755	35
756	35
757	33
758	25
759	38
760	29
761	35
762	25
763	39
764	39
765	40
766	35
767	40
768	37
769	24
770	25
771	34
772	30
773	34
774	38
775	35
776	30
777	38
778	38
779	26
780	35
781	30
782	26
783	41
784	29
785	31
786	22
787	22
788	27
789	32
790	36
791	35
792	42
793	33
794	42
795	36
796	41
797	48
798	32
799	41
800	42
801	32
802	39
803	31
804	36
805	28
806	30
807	34
808	34
809	32
810	20
811	28
812	28
813	32
814	36
815	38
816	38
817	46
818	31
819	25
820	32
821	41
822	31
823	39
824	36
825	46
826	35
827	27
828	27
829	25
830	27
831	35
832	39
833	35
834	31
835	27
836	34
837	26
838	45
839	34
840	32
841	32
842	37
843	31
844	39
845	33
846	53
847	51
848	51
849	47
850	28
851	36
852	25
853	32
854	38
855	34
856	27
857	21
858	34
859	36
860	46
861	30
862	46
863	34
864	25
865	39
866	30
867	34
868	24
869	27
870	25
871	32
872	22
873	30
874	26
875	28
876	32
877	26
878	37
879	28
880	38
881	33
882	28
883	23
884	28
885	41
886	36
887	38
888	32
889	45
890	32
891	29
892	51
893	33
894	52
895	42
896	37
897	34
898	52
899	59
900	30
901	32
902	34
903	12
904	27
905	33
906	31
907	36
908	39
909	39
910	32
911	28
912	29
913	30
914	39
915	34
916	34
917	27
918	36
919	32
920	36
921	36
922	30
923	29
924	24
925	34
926	30
927	39
928	38
929	43
930	35
931	42
932	38
933	34
934	32
935	33
936	35
937	37
938	37
939	26
940	34
941	33
942	25
943	26
944	27
945	26
946	32
947	32
948	34
949	33
950	33
951	34
952	30
953	44
954	27
955	32
956	27
957	33
958	35
959	32
960	26
961	28
962	28
963	36
964	34
965	43
966	33
967	33
968	22
969	27
970	33
971	25
972	30
973	31
974	20
975	27
976	33
977	33
978	24
979	28
980	27
981	39
982	32
983	33
984	37
985	35
986	23
987	38
988	28
989	33
990	27
991	27
992	25
993	32
994	31
995	21
996	27
997	28
998	32
999	33
1000	35
1001	31
1002	37
1003	31
1004	37
1005	36
1006	36
1007	34
1008	37
1009	33
1010	43
1011	38
1012	34
1013	31
1014	23
1015	28
1016	39
1017	28
1018	39
1019	31
1020	34
1021	34
1022	32
1023	33
1024	29
1025	33
1026	23
1027	35
1028	29
1029	35
1030	26
1031	37
1032	28
1033	30
1034	31
1035	34
1036	23
1037	24
1038	20
1039	23
1040	30
1041	23
1042	34
1043	33
1044	22
1045	26
1046	29
1047	31
1048	29
1049	28
1050	25
1051	29
1052	31
1053	14
1054	29
1055	33
1056	28
1057	34
1058	30
1059	36
1060	24
1061	35
1062	28
1063	29
1064	37
1065	33
1066	28
1067	42
1068	30
1069	28
1070	28
1071	27
1072	21
1073	25
1074	31
1075	26
1076	33
1077	29
1078	30
1079	16
1080	30
1081	24
1082	38
1083	38
1084	23
1085	35
1086	20
1087	33
1088	34
1089	32
1090	24
1091	25
1092	29
1093	37
1094	27
1095	24
1096	23
1097	28
1098	24
1099	36
1100	27
1101	33
1102	34
1103	27
1104	37
1105	20
1106	30
1107	26
1108	29
1109	21
1110	29
1111	26
1112	26
1113	38
1114	25
1115	36
1116	36
1117	32
1118	19
1119	26
1120	29
1121	26
1122	23
1123	27
1124	29
1125	25
1126	27
1127	35
1128	32
1129	24
1130	32
1131	26
1132	26
1133	27
1134	29
1135	27
1136	30
1137	25
1138	21
1139	29
1140	38
1141	28
1142	35
1143	28
1144	28
1145	35
1146	30
1147	29
1148	37
1149	30
1150	33
1151	29
1152	30
1153	32
1154	34
1155	37
1156	30
1157	47
1158	27
1159	32
1160	29
1161	28
1162	26
1163	28
1164	30
1165	20
1166	30
1167	38
1168	37
1169	34
1170	17
1171	20
1172	22
1173	22
1174	32
1175	24
1176	25
1177	32
1178	26
1179	33
1180	25
1181	34
1182	21
1183	41
1184	19
1185	32
1186	19
1187	27
1188	34
1189	34
1190	27
1191	32
1192	33
1193	34
1194	28
1195	21
1196	23
1197	26
1198	15
1199	27
1200	26
1201	36
1202	39
1203	27
1204	40
1205	27
1206	26
1207	23
1208	26
1209	32
1210	25
1211	31
1212	22
1213	30
1214	25
1215	22
1216	36
1217	32
1218	25
1219	30
1220	28
1221	26
1222	30
1223	23
1224	28
1225	37
1226	24
1227	33
1228	28
1229	27
1230	39
1231	31
1232	24
1233	29
1234	26
1235	35
1236	30
1237	18
1238	24
1239	29
1240	35
1241	26
1242	23
1243	26
1244	33
1245	29
1246	25
1247	38
1248	26
1249	31
1250	31
1251	23
1252	34
1253	21
1254	31
1255	25
1256	28
1257	22
1258	27
1259	22
1260	22
1261	27
1262	26
1263	27
1264	24
1265	20
1266	23
1267	30
1268	21
1269	40
1270	35
1271	35
1272	31
1273	33
1274	22
1275	33
1276	30
1277	28
1278	26
1279	34
1280	34
1281	32
1282	37
1283	33
1284	31
1285	25
1286	33
1287	33
1288	36
1289	39
1290	22
1291	22
1292	35
1293	27
1294	27
1295	20
1296	37
1297	31
1298	23
1299	47
1300	29
1301	37
1302	26
1303	24
1304	27
1305	27
1306	22
1307	24
1308	28
1309	34
1310	20
1311	28
1312	18
1313	31
1314	20
1315	28
1316	24
1317	39
1318	44
1319	32
1320	33
1321	24
1322	39
1323	30
1324	29
1325	26
1326	36
1327	39
1328	35
1329	32
1330	26
1331	27
1332	33
1333	36
1334	23
1335	26
1336	29
1337	25
1338	26
1339	29
1340	31
1341	33
1342	18
1343	25
1344	22
1345	19
1346	26
1347	15
1348	32
1349	31
1350	26
1351	20
1352	20
1353	29
1354	21
1355	25
1356	26
1357	31
1358	24
1359	24
1360	31
1361	29
1362	27
1363	35
1364	27
1365	41
1366	22
1367	37
1368	35
1369	30
1370	29
1371	31
1372	26
1373	35
1374	28
1375	28
1376	22
1377	22
1378	25
1379	36
1380	30
1381	47
1382	37
1383	36
1384	29
1385	27
1386	27
1387	31
1388	39
1389	34
1390	21
1391	33
1392	43
1393	28
1394	33
1395	33
1396	24
1397	31
1398	23
1399	31
1400	24
1401	32
1402	32
1403	24
1404	41
1405	26
1406	43
1407	34
1408	24
1409	42
1410	48
1411	34
1412	29
1413	33
1414	30
1415	32
1416	30
1417	31
1418	31
1419	28
1420	22
1421	22
1422	23
1423	34
1424	26
1425	18
1426	19
1427	27
1428	27
1429	21
1430	35
1431	23
1432	21
1433	35
1434	27
1435	33
1436	27
1437	31
1438	23
1439	24
1440	31
1441	28
1442	39
1443	29
1444	43
1445	35
1446	30
1447	18
1448	18
1449	19
1450	16
1451	16
1452	27
1453	17
1454	32
1455	31
1456	18
1457	22
1458	37
1459	29
1460	33
1461	30
1462	30
1463	26
1464	35
1465	34
1466	27
1467	35
1468	35
1469	26
1470	24
1471	27
1472	26
1473	27
1474	24
1475	31
1476	27
1477	26
1478	22
1479	24
1480	25
1481	21
1482	25
1483	24
1484	32
1485	22
1486	27
1487	26
1488	32
1489	36
1490	22
1491	22
1492	25
1493	22
1494	26
1495	16
1496	25
1497	29
1498	31
1499	27
1500	30
1501	32
1502	28
1503	29
1504	23
1505	29
1506	23
1507	33
1508	30
1509	31
1510	27
1511	18
1512	23
1513	25
1514	34
1515	19
1516	20
1517	23
1518	29
1519	29
1520	27
1521	25
1522	30
1523	28
1524	34
1525	28
1526	22
1527	19
1528	25
1529	32
1530	29
1531	32
1532	33
1533	39
1534	38
1535	30
1536	40
1537	25
1538	32
1539	32
1540	22
1541	26
1542	27
1543	34
1544	32
1545	24
1546	41
1547	28
1548	23
1549	30
1550	28
1551	32
1552	32
1553	25
1554	31
1555	30
1556	22
1557	33
1558	22
1559	30
1560	30
1561	28
1562	21
1563	30
1564	34
1565	29
1566	23
1567	32
1568	25
1569	19
1570	20
1571	22
1572	23
1573	22
1574	25
1575	27
1576	21
1577	25
1578	32
1579	30
1580	23
1581	27
1582	33
1583	22
1584	28
1585	39
1586	27
1587	26
1588	28
1589	33
1590	34
1591	28
1592	23
1593	25
1594	33
1595	22
1596	35
1597	34
1598	42
1599	28
1600	40
1601	27
1602	24
1603	33
1604	31
1605	33
1606	40
1607	32
1608	29
1609	25
1610	26
1611	37
1612	36
1613	24
1614	33
1615	23
1616	35
1617	27
1618	27
1619	29
1620	26
1621	35
1622	30
1623	27
1624	34
1625	35
1626	26
1627	19
1628	27
1629	20
1630	26
1631	25
1632	39
1633	36
1634	38
1635	32
1636	35
1637	31
1638	27
1639	25
1640	39
1641	37
1642	31
1643	23
1644	26
1645	33
1646	24
1647	25
1648	29
1649	29
1650	19
1651	36
1652	27
1653	28
1654	21
1655	22
1656	34
1657	34
1658	26
1659	29
1660	35
1661	35
1662	23
1663	28
1664	30
1665	28
1666	24
1667	23
1668	26
1669	22
1670	26
1671	35
1672	27
1673	19
1674	23
1675	23
1676	37
1677	30
1678	23
1679	21
1680	27
1681	17
1682	28
1683	34
1684	29
1685	31
1686	36
1687	35
1688	51
1689	31
1690	42
1691	40
1692	27
1693	36
1694	23
1695	23
1696	29
1697	22
1698	30
1699	22
1700	34
1701	20
1702	35
1703	29
1704	29
1705	25
1706	23
1707	29
1708	21
1709	25
1710	28
1711	23
1712	21
1713	23
1714	27
1715	31
1716	25
1717	28
1718	35
1719	30
1720	31
1721	26
1722	19
1723	29
1724	20
1725	30
1726	36
1727	31
1728	28
1729	19
1730	34
1731	26
1732	40
1733	23
1734	41
1735	20
1736	35
1737	29
1738	21
1739	30
1740	44
1741	32
1742	34
1743	33
1744	23
1745	35
1746	17
1747	19
1748	31
1749	25
1750	29
1751	28
1752	16
1753	29
1754	31
1755	30
1756	25
1757	24
1758	25
1759	20
1760	21
1761	26
1762	32
1763	25
1764	32
1765	23
1766	28
1767	33
1768	25
1769	34
1770	27
1771	29
1772	25
1773	21
1774	19
1775	24
1776	23
1777	22
1778	24
1779	27
1780	14
1781	39
1782	26
1783	29
1784	32
1785	27
1786	27
1787	21
1788	25
1789	34
1790	36
1791	27
1792	33
1793	25
1794	31
1795	26
1796	21
1797	22
1798	28
1799	30
1800	27
1801	30
1802	18
1803	29
1804	38
1805	29
1806	24
1807	40
1808	38
1809	28
1810	37
1811	30
1812	34
1813	29
1814	37
1815	44
1816	31
1817	32
1818	34
1819	24
1820	39
1821	23
1822	35
1823	27
1824	34
1825	32
1826	40
1827	25
1828	16
1829	22
1830	30
1831	22
1832	9
1833	33
1834	33
1835	28
1836	26
1837	34
1838	32
1839	24
1840	25
1841	30
1842	28
1843	36
1844	24
1845	30
1846	26
1847	30
1848	27
1849	32
1850	22
1851	31
1852	36
1853	32
1854	44
1855	29
1856	25
1857	27
1858	26
1859	29
1860	28
1861	30
1862	28
1863	30
1864	30
1865	28
1866	38
1867	37
1868	17
1869	35
1870	42
1871	28
1872	23
1873	25
1874	25
1875	28
1876	36
1877	37
1878	24
1879	12
1880	20
1881	36
1882	35
1883	34
1884	26
1885	36
1886	35
1887	32
1888	31
1889	38
1890	26
1891	22
1892	31
1893	39
1894	21
1895	32
1896	27
1897	23
1898	35
1899	30
1900	20
1901	37
1902	37
1903	33
1904	30
1905	35
1906	17
1907	37
1908	28
1909	24
1910	37
1911	29
1912	39
1913	33
1914	33
1915	31
1916	42
1917	32
1918	24
1919	35
1920	15
1921	40
1922	35
1923	27
1924	27
1925	34
1926	45
1927	43
1928	38
1929	27
1930	19
1931	31
1932	34
1933	33
1934	26
1935	25
1936	26
1937	30
1938	20
1939	18
1940	30
1941	32
1942	26
1943	28
1944	39
1945	37
1946	33
1947	26
1948	43
1949	16
1950	24
1951	36
1952	33
1953	39
1954	33
1955	24
1956	34
1957	31
1958	25
1959	38
1960	39
1961	37
1962	36
1963	38
1964	28
1965	31
1966	42
1967	31
1968	27
1969	17
1970	36
1971	32
1972	24
1973	30
1974	40
1975	27
1976	25
1977	29
1978	35
1979	29
1980	19
1981	34
1982	30
1983	20
1984	17
1985	27
1986	27
1987	29
1988	20
1989	24
1990	26
1991	42
1992	28
1993	24
1994	29
1995	26
1996	27
1997	33
1998	37
1999	38
2000	22
2001	34
2002	30
2003	32
2004	24
2005	28
2006	17
2007	26
2008	22
2009	25
2010	20
2011	20
2012	36
2013	28
2014	21
2015	23
2016	32
2017	29
2018	26
2019	30
2020	22
2021	24
2022	44
2023	35
2024	29
2025	35
2026	29
2027	29
2028	44
2029	45
2030	35
2031	32
2032	24
2033	29
2034	25
2035	17
2036	29
2037	20
2038	26
2039	32
2040	40
2041	40
2042	38
2043	24
2044	24
2045	32
2046	36
2047	30
2048	25
2049	27
2050	33
2051	32
2052	29
2053	26
2054	28
2055	24
2056	29
2057	34
2058	33
2059	27
2060	34
2061	23
2062	26
2063	36
2064	30
2065	22
2066	26
2067	19
2068	30
2069	24
2070	31
2071	22
2072	24
2073	29
2074	26
2075	34
2076	32
2077	32
2078	19
2079	33
2080	28
2081	30
2082	30
2083	29
2084	23
2085	37
2086	30
2087	32
2088	27
2089	26
2090	33
2091	37
2092	20
2093	32
2094	40
2095	31
2096	29
2097	27
2098	28
2099	43
2100	29
2101	24
2102	24
2103	32
2104	25
2105	25
2106	29
2107	21
2108	36
2109	32
2110	36
2111	32
2112	38
2113	25
2114	31
2115	17
2116	36
2117	42
2118	22
2119	25
2120	30
2121	28
2122	34
2123	27
2124	21
2125	34
2126	37
2127	23
2128	33
2129	28
2130	30
2131	24
2132	33
2133	27
2134	27
2135	29
2136	41
2137	41
2138	38
2139	40
2140	40
2141	23
2142	23
2143	32
2144	33
2145	38
2146	29
2147	28
2148	33
2149	32
2150	30
2151	33
2152	28
2153	36
2154	44
2155	23
2156	36
2157	24
2158	27
2159	34
2160	31
2161	24
2162	34
2163	37
2164	27
2165	25
2166	36
2167	35
2168	24
2169	29
2170	27
2171	25
2172	35
2173	28
2174	26
2175	31
2176	40
2177	33
2178	42
2179	38
2180	35
2181	25
2182	39
2183	38
2184	36
2185	25
2186	37
2187	31
2188	37
2189	27
2190	28
2191	22
2192	28
2193	22
2194	22
2195	29
2196	25
2197	27
2198	29
2199	34
2200	24
2201	23
2202	18
2203	23
2204	21
2205	34
2206	26
2207	41
2208	37
2209	34
2210	34
2211	24
2212	36
2213	38
2214	25
2215	46
2216	21
2217	27
2218	33
2219	23
2220	35
2221	29
2222	39
2223	31
2224	33
2225	28
2226	33
2227	42
2228	35
2229	29
2230	26
2231	29
2232	45
2233	23
2234	32
2235	34
2236	40
2237	31
2238	40
2239	37
2240	42
2241	47
2242	48
2243	57
2244	41
2245	30
2246	34
2247	16
2248	31
2249	29
2250	30
2251	22
2252	41
2253	34
2254	33
2255	30
2256	35
2257	31
2258	34
2259	34
2260	37
2261	43
2262	35
2263	24
2264	26
2265	31
2266	28
2267	22
2268	41
2269	33
2270	31
2271	29
2272	35
2273	34
2274	32
2275	33
2276	35
2277	26
2278	31
2279	38
2280	31
2281	30
2282	31
2283	34
2284	24
2285	33
2286	29
2287	35
2288	47
2289	17
2290	28
2291	37
2292	33
2293	27
2294	30
2295	27
2296	37
2297	24
2298	25
2299	31
2300	33
2301	35
2302	35
2303	37
2304	33
2305	39
2306	27
2307	36
2308	28
2309	24
2310	29
2311	33
2312	26
2313	29
2314	34
2315	22
2316	27
2317	36
2318	39
2319	37
2320	33
2321	40
2322	26
2323	31
2324	22
2325	34
2326	35
2327	39
2328	29
2329	41
2330	40
2331	32
2332	26
2333	44
2334	31
2335	24
2336	37
2337	24
2338	32
2339	33
2340	26
2341	33
2342	28
2343	33
2344	31
2345	38
2346	37
2347	40
2348	40
2349	37
2350	38
2351	22
2352	30
2353	28
2354	35
2355	38
2356	29
2357	25
2358	36
2359	30
2360	27
2361	33
2362	46
2363	29
2364	28
2365	27
2366	29
2367	34
2368	24
2369	38
2370	26
2371	29
2372	34
2373	38
2374	43
2375	32
2376	33
2377	27
2378	37
2379	32
2380	36
2381	34
2382	42
2383	32
2384	45
2385	30
2386	34
2387	41
2388	31
2389	35
2390	20
2391	25
2392	39
2393	17
2394	30
2395	45
2396	40
2397	24
2398	37
2399	39
2400	42
2401	40
2402	21
2403	28
2404	34
2405	35
2406	33
2407	26
2408	26
2409	27
2410	30
2411	41
2412	38
2413	40
2414	32
2415	43
2416	54
2417	37
2418	44
2419	36
2420	42
2421	30
2422	29
2423	38
2424	19
2425	36
2426	31
2427	31
2428	31
2429	46
2430	30
2431	30
2432	44
2433	34
2434	33
2435	30
2436	28
2437	33
2438	35
2439	33
2440	36
2441	35
2442	36
2443	26
2444	34
2445	29
2446	38
2447	40
2448	29
2449	30
2450	30
2451	30
2452	35
2453	29
2454	37
2455	32
2456	43
2457	33
2458	50
2459	41
2460	33
2461	37
2462	29
2463	31
2464	30
2465	43
2466	37
2467	34
2468	32
2469	37
2470	37
2471	33
2472	44
2473	36
2474	31
2475	46
2476	43
2477	37
2478	29
2479	31
2480	39
2481	32
2482	35
2483	27
2484	32
2485	34
2486	36
2487	37
2488	22
2489	28
2490	34
2491	33
2492	44
2493	34
2494	39
2495	33
2496	41
2497	29
2498	33
2499	40
2500	25
2501	36
2502	36
2503	35
2504	39
2505	37
2506	27
2507	33
2508	30
2509	32
2510	40
2511	41
2512	36
2513	35
2514	40
2515	42
2516	34
2517	25
2518	34
2519	36
2520	29
2521	25
2522	41
2523	39
2524	45
2525	23
2526	33
2527	28
2528	38
2529	34
2530	36
2531	36
2532	26
2533	35
2534	18
2535	31
2536	29
2537	28
2538	35
2539	44
2540	46
2541	47
2542	36
2543	30
2544	27
2545	23
2546	30
2547	33
2548	37
2549	30
2550	30
2551	31
2552	32
2553	33
2554	32
2555	43
2556	35
2557	36
2558	28
2559	32
2560	34
2561	33
2562	42
2563	42
2564	39
2565	37
2566	46
2567	55
2568	37
2569	33
2570	35
2571	30
2572	37
2573	33
2574	30
2575	37
2576	38
2577	45
2578	51
2579	34
2580	43
2581	38
2582	37
2583	48
2584	39
2585	42
2586	40
2587	30
2588	32
2589	36
2590	41
2591	39
2592	35
2593	42
2594	31
2595	33
2596	38
2597	46
2598	36
2599	46
2600	36
2601	43
2602	40
2603	46
2604	61
2605	63
2606	43
2607	37
2608	47
2609	50
2610	44
2611	40
2612	39
2613	41
2614	40
2615	58
2616	42
2617	35
2618	36
2619	45
2620	51
2621	49
2622	38
2623	44
2624	48
2625	41
2626	37
2627	41
2628	46
2629	47
2630	36
2631	30
2632	35
2633	27
2634	21
2635	26
2636	25
2637	25
2638	27
2639	17
2640	14
2641	23
2642	14
2643	24
2644	25
2645	22
2646	25
2647	26
2648	20
2649	25
2650	24
2651	27
2652	23
2653	19
2654	22
2655	22
2656	22
2657	20
2658	16
2659	21
2660	20
2661	29
2662	21
2663	30
2664	27
2665	33
2666	27
2667	30
2668	17
2669	20
2670	19
2671	23
2672	22
2673	20
2674	13
2675	23
2676	20
2677	19
2678	20
2679	24
2680	16
2681	24
2682	27
2683	19
2684	27
2685	28
2686	15
2687	26
2688	22
2689	13
2690	24
2691	23
2692	15
2693	27
2694	25
2695	27
2696	24
2697	24
2698	23
2699	17
2700	19
2701	12
2702	27
2703	27
2704	22
2705	30
2706	16
2707	23
2708	28
2709	24
2710	22
2711	19
2712	23
2713	19
2714	20
2715	17
2716	27
2717	25
2718	16
2719	20
2720	21
2721	22
2722	25
2723	20
2724	18
2725	17
2726	26
2727	17
2728	18
2729	26
2730	20
2731	15
2732	19
2733	23
2734	14
2735	14
2736	16
2737	30
2738	15
2739	24
2740	22
2741	23
2742	26
2743	12
2744	12
2745	17
2746	24
2747	21
2748	22
2749	21
2750	21
2751	23
2752	31
2753	31
2754	18
2755	6
2756	17
2757	21
2758	18
2759	21
2760	24
2761	15
2762	24
2763	21
2764	13
2765	19
2766	15
2767	19
2768	16
2769	16
2770	22
2771	16
2772	16
2773	20
2774	25
2775	15
2776	20
2777	31
2778	23
2779	12
2780	19
2781	33
2782	30
2783	21
2784	23
2785	15
2786	25
2787	19
2788	18
2789	23
2790	28
2791	23
2792	26
2793	15
2794	23
2795	21
2796	21
2797	19
2798	23
2799	27
2800	12
2801	19
2802	19
2803	27
2804	25
2805	20
2806	22
2807	20
2808	22
2809	18
2810	20
2811	19
2812	19
2813	25
2814	17
2815	20
2816	26
2817	16
2818	17
2819	21
2820	17
2821	18
2822	20
2823	24
2824	21
2825	18
2826	24
2827	19
2828	23
2829	22
2830	20
2831	19
2832	23
2833	16
2834	20
2835	22
2836	13
2837	23
2838	11
2839	27
2840	19
2841	21
2842	18
2843	16
2844	25
2845	19
2846	18
2847	15
2848	18
2849	18
2850	15
2851	19
2852	18
2853	29
2854	23
2855	27
2856	25
2857	24
2858	22
2859	15
2860	26
2861	17
2862	17
2863	25
2864	25
2865	18
2866	26
2867	17
2868	20
2869	15
2870	19
2871	27
2872	31
2873	35
2874	19
2875	33
2876	18
2877	20
2878	15
2879	24
2880	28
2881	25
2882	32
2883	20
2884	30
2885	25
2886	12
2887	15
2888	21
2889	22
2890	21
2891	30
2892	17
2893	11
2894	24
2895	13
2896	30
2897	26
2898	25
2899	21
2900	16
2901	21
2902	19
2903	17
2904	19
2905	29
2906	23
2907	22
2908	15
2909	16
2910	25
2911	19
2912	14
2913	19
2914	20
2915	20
2916	31
2917	21
2918	27
2919	24
2920	28
2921	13
2922	18
2923	18
2924	21
2925	21
2926	20
2927	27
2928	23
2929	21
2930	19
2931	20
2932	23
2933	13
2934	17
2935	12
2936	21
2937	26
2938	18
2939	18
2940	19
2941	23
2942	22
2943	17
2944	23
2945	26
2946	17
2947	22
2948	19
2949	24
2950	23
2951	16
2952	20
2953	25
2954	22
2955	22
2956	14
2957	18
2958	25
2959	22
2960	18
2961	21
2962	21
2963	24
2964	14
2965	25
2966	24
2967	19
2968	15
2969	19
2970	21
2971	24
2972	32
2973	27
2974	25
2975	25
2976	28
2977	28
2978	21
2979	27
2980	21
2981	24
2982	24
2983	22
2984	29
2985	39
2986	23
2987	26
2988	28
2989	24
2990	28
2991	25
2992	21
2993	18
2994	21
2995	26
2996	29
2997	23
2998	15
2999	17
3000	23
3001	22
3002	26
3003	21
3004	20
3005	27
3006	18
3007	27
3008	32
3009	24
3010	19
3011	21
3012	15
3013	23
3014	30
3015	21
3016	21
3017	18
3018	21
3019	25
3020	17
3021	24
3022	24
3023	17
3024	13
3025	29
3026	20
3027	33
3028	15
3029	26
3030	19
3031	24
3032	22
3033	17
3034	26
3035	20
3036	23
3037	20
3038	22
3039	21
3040	14
3041	19
3042	21
3043	27
3044	24
3045	32
3046	20
3047	27
3048	19
3049	18
3050	23
3051	23
3052	24
3053	18
3054	15
3055	14
3056	2
3057	15
3058	14
3059	10
3060	10
3061	10
3062	8
3063	6
3064	7
3065	8
3066	10
3067	10
3068	13
3069	8
3070	6
3071	7
3072	9
3073	9
3074	10
3075	9
3076	14
3077	12
3078	10
3079	5
3080	7
3081	6
3082	5
3083	12
3084	4
3085	8
3086	13
3087	13
3088	6
3089	7
3090	12
3091	8
3092	6
3093	12
3094	13
3095	11
3096	2
3097	5
3098	2
3099	7
3100	8
3101	7
3102	6
3103	15
3104	12
3105	10
3106	8
3107	11
3108	9
3109	7
3110	14
3111	14
3112	8
3113	15
3114	11
3115	12
3116	12
3117	7
3118	14
3119	9
3120	9
3121	11
3122	13
3123	17
3124	16
3125	18
3126	17
3127	13
3128	11
3129	9
3130	9
3131	6
3132	8
3133	7
3134	7
3135	11
3136	13
3137	4
3138	3
3139	1
3140	3
3141	8
3142	8
3143	7
3144	14
3145	5
3146	4
3147	9
3148	7
3149	5
3150	4
3151	9
3152	5
3153	9
3154	7
3155	8
3156	9
3157	10
3158	5
3159	5
3160	4
3161	4
3162	6
3163	5
3164	3
3165	4
3166	3
3167	3
3168	6
3169	3
3170	4
3171	1
3172	3
3173	5
3174	2
3175	8
3176	7
3177	3
3178	5
3179	5
3180	2
3181	4
3182	1
3183	9
3184	3
3185	5
3186	5
3187	1
3188	7
3189	3
3190	6
3191	1
3192	5
3193	6
3194	2
3195	4
3196	2
3197	7
3198	25
3199	65
3200	280
3201	702
3202	1492
3203	2302
3204	2533
3205	2177
3206	1487
3207	719
3208	265
3209	88
3210	18
3211	4
3212	2
3213	1
3214	2
3215	1
3216	2
3217	3
3218	5
3219	6
3220	4
3221	4
3222	6
3223	4
3224	4
3225	3
3226	3
3227	2
3228	0
3229	4
3230	3
3231	0
3232	3
3233	2
3234	4
3235	2
3236	3
3237	4
3238	3
3239	5
3240	4
3241	5
3242	3
3243	2
3244	0
3245	1
3246	4
3247	1
3248	5
3249	6
3250	2
3251	2
3252	3
3253	2
3254	2
3255	5
3256	1
3257	1
3258	3
3259	7
3260	7
3261	7
3262	5
3263	5
3264	3
3265	5
3266	4
3267	3
3268	7
3269	2
3270	0
3271	1
3272	2
3273	1
3274	1
3275	2
3276	2
3277	5
3278	1
3279	6
3280	0
3281	3
3282	1
3283	2
3284	0
3285	3
3286	2
3287	1
3288	2
3289	1
3290	2
3291	0
3292	3
3293	1
3294	2
3295	3
3296	3
3297	2
3298	4
3299	3
3300	2
3301	2
3302	2
3303	2
3304	1
3305	5
3306	1
3307	1
3308	0
3309	2
3310	4
3311	3
3312	4
3313	2
3314	3
3315	0
3316	1
3317	1
3318	1
3319	3
3320	4
3321	3
3322	2
3323	1
3324	3
3325	2
3326	2
3327	2
3328	1
3329	2
3330	0
3331	3
3332	0
3333	3
3334	3
3335	0
3336	2
3337	0
3338	0
3339	3
3340	1
3341	1
3342	2
3343	1
3344	3
3345	2
3346	1
3347	0
3348	1
3349	1
3350	3
3351	0
3352	0
3353	4
3354	1
3355	2
3356	3
3357	5
3358	2
3359	1
3360	3
3361	0
3362	3
3363	1
3364	2
3365	2
3366	1
3367	1
3368	4
3369	1
3370	2
3371	0
3372	1
3373	0
3374	0
3375	3
3376	1
3377	2
3378	3
3379	0
3380	0
3381	1
3382	1
3383	3
3384	1
3385	0
3386	3
3387	0
3388	2
3389	3
3390	1
3391	1
3392	3
3393	1
3394	3
3395	2
3396	0
3397	1
3398	4
3399	1
3400	4
3401	2
3402	1
3403	1
3404	1
3405	2
3406	1
3407	1
3408	0
3409	0
3410	1
3411	0
3412	0
3413	1
3414	1
3415	2
3416	2
3417	2
3418	2
3419	1
3420	3
3421	0
3422	4
3423	3
3424	0
3425	0
3426	2
3427	1
3428	0
3429	1
3430	2
3431	3
3432	2
3433	0
3434	1
3435	1
3436	2
3437	1
3438	2
3439	2
3440	1
3441	2
3442	3
3443	0
3444	1
3445	3
3446	0
3447	1
3448	1
3449	0
3450	0
3451	0
3452	1
3453	1
3454	0
3455	0
3456	0
3457	0
3458	1
3459	3
3460	1
3461	1
3462	0
3463	1
3464	1
3465	1
3466	2
3467	1
3468	0
3469	1
3470	0
3471	1
3472	1
3473	0
3474	0
3475	1
3476	1
3477	1
3478	1
3479	0
3480	4
3481	2
3482	3
3483	2
3484	1
3485	2
3486	3
3487	2
3488	1
3489	2
3490	4
3491	1
3492	1
3493	0
3494	0
3495	0
3496	0
3497	1
3498	1
3499	3
3500	1
3501	1
3502	1
3503	1
3504	0
3505	0
3506	0
3507	1
3508	2
3509	0
3510	1
3511	0
3512	0
3513	0
3514	0
3515	1
3516	0
3517	1
3518	2
3519	0
3520	0
3521	3
3522	1
3523	0
3524	1
3525	0
3526	0
3527	1
3528	1
3529	3
3530	1
3531	4
3532	1
3533	0
3534	4
3535	2
3536	1
3537	0
3538	2
3539	2
3540	1
3541	0
3542	0
3543	2
3544	2
3545	1
3546	0
3547	0
3548	5
3549	4
3550	3
3551	5
3552	5
3553	6
3554	3
3555	5
3556	3
3557	7
3558	9
3559	6
3560	9
3561	6
3562	4
3563	3
3564	2
3565	2
3566	3
3567	2
3568	3
3569	4
3570	0
3571	2
3572	0
3573	2
3574	0
3575	0
3576	0
3577	0
3578	1
3579	0
3580	1
3581	0
3582	0
3583	0
3584	0
3585	2
3586	1
3587	0
3588	5
3589	1
3590	1
3591	0
3592	1
3593	3
3594	0
3595	0
3596	0
3597	0
3598	0
3599	0
3600	1
3601	1
3602	0
3603	2
3604	0
3605	0
3606	0
3607	0
3608	1
3609	1
3610	2
3611	0
3612	0
3613	1
3614	3
3615	1
3616	0
3617	1
3618	1
3619	0
3620	0
3621	3
3622	2
3623	1
3624	2
3625	1
3626	0
3627	0
3628	0
3629	0
3630	0
3631	1
3632	3
3633	18
3634	92
3635	282
3636	659
3637	1270
3638	1894
3639	2074
3640	1951
3641	1252
3642	657
3643	295
3644	84
3645	17
3646	5
3647	1
3648	0
3649	0
3650	0
3651	0
3652	0
3653	0
3654	0
3655	0
3656	0
3657	0
3658	0
3659	0
3660	0
3661	0
3662	0
3663	0
3664	0
3665	0
3666	0
3667	0
3668	0
3669	0
3670	0
3671	0
3672	0
3673	0
3674	0
3675	0
3676	0
3677	0
3678	0
3679	0
3680	0
3681	0
3682	0
3683	0
3684	0
3685	0
3686	0
3687	0
3688	0
3689	0
3690	0
3691	0
3692	0
3693	0
3694	0
3695	0
3696	0
3697	0
3698	0
3699	0
3700	0
3701	0
3702	0
3703	0
3704	0
3705	0
3706	0
3707	0
3708	0
3709	0
3710	0
3711	0
3712	0
3713	0
3714	0
3715	0
3716	0
3717	0
3718	0
3719	0
3720	0
3721	0
3722	0
3723	0
3724	0
3725	0
3726	0
3727	0
3728	0
3729	0
3730	0
3731	0
3732	0
3733	0
3734	0
3735	0
3736	0
3737	0
3738	0
3739	0
3740	0
3741	0
3742	0
3743	0
3744	0
3745	0
3746	0
3747	0
3748	0
3749	0
3750	0
3751	0
3752	0
3753	0
3754	0
3755	0
3756	0
3757	0
3758	0
3759	0
3760	0
3761	0
3762	0
3763	0
3764	0
3765	0
3766	0
3767	0
3768	0
3769	0
3770	0
3771	0
3772	0
3773	0
3774	0
3775	0
3776	0
3777	0
3778	0
3779	0
3780	0
3781	0
3782	0
3783	0
3784	0
3785	0
3786	0
3787	0
3788	0
3789	0
3790	0
3791	0
3792	0
3793	0
3794	0
3795	0
3796	0
3797	0
3798	0
3799	0
3800	0
3801	0
3802	0
3803	0
3804	0
3805	0
3806	0
3807	0
3808	0
3809	0
3810	0
3811	0
3812	0
3813	0
3814	0
3815	0
3816	0
3817	0
3818	0
3819	0
3820	0
3821	0
3822	0
3823	0
3824	0
3825	0
3826	0
3827	0
3828	0
3829	0
3830	0
3831	0
3832	0
3833	0
3834	0
3835	0
3836	0
3837	0
3838	0
3839	0
3840	0
3841	0
3842	0
3843	0
3844	0
3845	0
3846	0
3847	0
3848	0
3849	0
3850	0
3851	0
3852	0
3853	0
3854	0
3855	0
3856	0
3857	0
3858	0
3859	0
3860	0
3861	0
3862	0
3863	0
3864	0
3865	0
3866	0
3867	0
3868	0
3869	0
3870	0
3871	0
3872	0
3873	0
3874	0
3875	0
3876	0
3877	0
3878	0
3879	0
3880	0
3881	0
3882	0
3883	0
3884	0
3885	0
3886	0
3887	0
3888	0
3889	0
3890	0
3891	0
3892	0
3893	0
3894	0
3895	0
3896	0
3897	0
3898	0
3899	0
3900	0
3901	0
3902	0
3903	0
3904	0
3905	0
3906	0
3907	0
3908	0
3909	0
3910	0
3911	0
3912	0
3913	0
3914	0
3915	0
3916	0
3917	0
3918	0
3919	0
3920	0
3921	0
3922	0
3923	0
3924	0
3925	0
3926	0
3927	0
3928	0
3929	0
3930	0
3931	0
3932	0
3933	0
3934	0
3935	0
3936	0
3937	0
3938	0
3939	0
3940	0
3941	0
3942	0
3943	0
3944	0
3945	0
3946	0
3947	0
3948	0
3949	0
3950	0
3951	0
3952	0
3953	0
3954	0
3955	0
3956	0
3957	0
3958	0
3959	0
3960	0
3961	0
3962	0
3963	0
3964	0
3965	0
3966	0
3967	0
3968	0
3969	0
3970	0
3971	0
3972	0
3973	0
3974	0
3975	0
3976	0
3977	0
3978	0
3979	0
3980	0
3981	0
3982	0
3983	0
3984	0
3985	0
3986	0
3987	0
3988	0
3989	0
3990	0
3991	0
3992	0
3993	0
3994	0
3995	0
3996	0
3997	0
3998	0
3999	0
4000	0
4001	0
4002	0
4003	0
4004	0
4005	0
4006	0
4007	0
4008	0
4009	0
4010	0
4011	0
4012	0
4013	0
4014	0
4015	0
4016	0
4017	0
4018	0
4019	0
4020	0
4021	0
4022	0
4023	0
4024	0
4025	0
4026	0
4027	0
4028	0
4029	0
4030	0
4031	0
4032	0
4033	0
4034	0
4035	0
4036	0
4037	0
4038	0
4039	0
4040	0
4041	0
4042	0
4043	0
4044	0
4045	0
4046	0
4047	0
4048	0
4049	0
4050	0
4051	0
4052	0
4053	0
4054	0
4055	0
4056	0
4057	0
4058	0
4059	0
4060	0
4061	0
4062	0
4063	0
4064	0
4065	0
4066	0
4067	0
4068	0
4069	0
4070	0
4071	0
4072	0
4073	0
4074	0
4075	0
4076	0
4077	0
4078	0
4079	0
4080	0
4081	0
4082	0
4083	0
4084	0
4085	0
4086	0
4087	0
4088	0
4089	0
4090	0
4091	0
4092	0
4093	0
4094	0
4095	0
4096	0
4097	0
4098	0
4099	0
4100	0
4101	0
4102	0
4103	0
4104	0
4105	0
4106	0
4107	0
4108	0
4109	0
4110	0
4111	0
4112	0
4113	0
4114	0
4115	0
4116	0
4117	0
4118	0
4119	0
4120	0
4121	0
4122	0
4123	0
4124	0
4125	0
4126	0
4127	0
4128	0
4129	0
4130	0
4131	0
4132	0
4133	0
4134	0
4135	0
4136	0
4137	0
4138	0
4139	0
4140	0
4141	0
4142	0
4143	0
4144	0
4145	0
4146	0
4147	0
4148	0
4149	0
4150	0
4151	0
4152	0
4153	0
4154	0
4155	0
4156	0
4157	0
4158	0
4159	0
4160	0
4161	0
4162	0
4163	0
4164	0
4165	0
4166	0
4167	0
4168	0
4169	0
4170	0
4171	0
4172	0
4173	0
4174	0
4175	0
4176	0
4177	0
4178	0
4179	0
4180	0
4181	0
4182	0
4183	0
4184	0
4185	0
4186	0
4187	0
4188	0
4189	0
4190	0
4191	0
4192	0
4193	0
4194	0
4195	0
4196	0
4197	0
4198	0
4199	0
4200	0
4201	0
4202	0
4203	0
4204	0
4205	0
4206	0
4207	0
4208	0
4209	0
4210	0
4211	0
4212	0
4213	0
4214	0
4215	0
4216	0
4217	0
4218	0
4219	0
4220	0
4221	0
4222	0
4223	0
4224	0
4225	0
4226	0
4227	0
4228	0
4229	0
4230	0
4231	0
4232	0
4233	0
4234	0
4235	0
4236	0
4237	0
4238	0
4239	0
4240	0
4241	0
4242	0
4243	0
4244	0
4245	0
4246	0
4247	0
4248	0
4249	0
4250	0
4251	0
4252	0
4253	0
4254	0
4255	0
4256	0
4257	0
4258	0
4259	0
4260	0
4261	0
4262	0
4263	0
4264	0
4265	0
4266	0
4267	0
4268	0
4269	0
4270	0
4271	0
4272	0
4273	0
4274	0
4275	0
4276	0
4277	0
4278	0
4279	0
4280	0
4281	0
4282	0
4283	0
4284	0
4285	0
4286	0
4287	0
4288	0
4289	0
4290	0
4291	0
4292	0
4293	0
4294	0
4295	0
4296	0
4297	0
4298	0
4299	0
4300	0
4301	0
4302	0
4303	0
4304	0
4305	0
4306	0
4307	0
4308	0
4309	0
4310	0
4311	0
4312	0
4313	0
4314	0
4315	0
4316	0
4317	0
4318	0
4319	0
4320	0
4321	0
4322	0
4323	0
4324	0
4325	0
4326	0
4327	0
4328	0
4329	0
4330	0
4331	0
4332	0
4333	0
4334	0
4335	0
4336	0
4337	0
4338	0
4339	0
4340	0
4341	0
4342	0
4343	0
4344	0
4345	0
4346	0
4347	0
4348	0
4349	0
4350	0
4351	0
4352	0
4353	0
4354	0
4355	0
4356	0
4357	0
4358	0
4359	0
4360	0
4361	0
4362	0
4363	0
4364	0
4365	0
4366	0
4367	0
4368	0
4369	0
4370	0
4371	0
4372	0
4373	0
4374	0
4375	0
4376	0
4377	0
4378	0
4379	0
4380	0
4381	0
4382	0
4383	0
4384	0
4385	0
4386	0
4387	0
4388	0
4389	0
4390	0
4391	0
4392	0
4393	0
4394	0
4395	0
4396	0
4397	0
4398	0
4399	0
4400	0
4401	0
4402	0
4403	0
4404	0
4405	0
4406	0
4407	0
4408	0
4409	0
4410	0
4411	0
4412	0
4413	0
4414	0
4415	0
4416	0
4417	0
4418	0
4419	0
4420	0
4421	0
4422	0
4423	0
4424	0
4425	0
4426	0
4427	0
4428	0
4429	0
4430	0
4431	0
4432	0
4433	0
4434	0
4435	0
4436	0
4437	0
4438	0
4439	0
4440	0
4441	0
4442	0
4443	0
4444	0
4445	0
4446	0
4447	0
4448	0
4449	0
4450	0
4451	0
4452	0
4453	0
4454	0
4455	0
4456	0
4457	0
4458	0
4459	0
4460	0
4461	0
4462	0
4463	0
4464	0
4465	0
4466	0
4467	0
4468	0
4469	0
4470	0
4471	0
4472	0
4473	0
4474	0
4475	0
4476	0
4477	0
4478	0
4479	0
4480	0
4481	0
4482	0
4483	0
4484	0
4485	0
4486	0
4487	0
4488	0
4489	0
4490	0
4491	0
4492	0
4493	0
4494	0
4495	0
4496	0
4497	0
4498	0
4499	0
4500	0
4501	0
4502	0
4503	0
4504	0
4505	0
4506	0
4507	0
4508	0
4509	0
4510	0
4511	0
4512	0
4513	0
4514	0
4515	0
4516	0
4517	0
4518	0
4519	0
4520	0
4521	0
4522	0
4523	0
4524	0
4525	0
4526	0
4527	0
4528	0
4529	0
4530	0
4531	0
4532	0
4533	0
4534	0
4535	0
4536	0
4537	0
4538	0
4539	0
4540	0
4541	0
4542	0
4543	0
4544	0
4545	0
4546	0
4547	0
4548	0
4549	0
4550	0
4551	0
4552	0
4553	0
4554	0
4555	0
4556	0
4557	0
4558	0
4559	0
4560	0
4561	0
4562	0
4563	0
4564	0
4565	0
4566	0
4567	0
4568	0
4569	0
4570	0
4571	0
4572	0
4573	0
4574	0
4575	0
4576	0
4577	0
4578	0
4579	0
4580	0
4581	0
4582	0
4583	0
4584	0
4585	0
4586	0
4587	0
4588	0
4589	0
4590	0
4591	0
4592	0
4593	0
4594	0
4595	0
4596	0
4597	0
4598	0
4599	0
4600	0
4601	0
4602	0
4603	0
4604	0
4605	0
4606	0
4607	0
4608	0
4609	0
4610	0
4611	0
4612	0
4613	0
4614	0
4615	0
4616	0
4617	0
4618	0
4619	0
4620	0
4621	0
4622	0
4623	0
4624	0
4625	0
4626	0
4627	0
4628	0
4629	0
4630	0
4631	0
4632	0
4633	0
4634	0
4635	0
4636	0
4637	0
4638	0
4639	0
4640	0
4641	0
4642	0
4643	0
4644	0
4645	0
4646	0
4647	0
4648	0
4649	0
4650	0
4651	0
4652	0
4653	0
4654	0
4655	0
4656	0
4657	0
4658	0
4659	0
4660	0
4661	0
4662	0
4663	0
4664	0
4665	0
4666	0
4667	0
4668	0
4669	0
4670	0
4671	0
4672	0
4673	0
4674	0
4675	0
4676	0
4677	0
4678	0
4679	0
4680	0
4681	0
4682	0
4683	0
4684	0
4685	0
4686	0
4687	0
4688	0
4689	0
4690	0
4691	0
4692	0
4693	0
4694	0
4695	0
4696	0
4697	0
4698	0
4699	0
4700	0
4701	0
4702	0
4703	0
4704	0
4705	0
4706	0
4707	0
4708	0
4709	0
4710	0
4711	0
4712	0
4713	0
4714	0
4715	0
4716	0
4717	0
4718	0
4719	0
4720	0
4721	0
4722	0
4723	0
4724	0
4725	0
4726	0
4727	0
4728	0
4729	0
4730	0
4731	0
4732	0
4733	0
4734	0
4735	0
4736	0
4737	0
4738	0
4739	0
4740	0
4741	0
4742	0
4743	0
4744	0
4745	0
4746	0
4747	0
4748	0
4749	0
4750	0
4751	0
4752	0
4753	0
4754	0
4755	0
4756	0
4757	0
4758	0
4759	0
4760	0
4761	0
4762	0
4763	0
4764	0
4765	0
4766	0
4767	0
4768	0
4769	0
4770	0
4771	0
4772	0
4773	0
4774	0
4775	0
4776	0
4777	0
4778	0
4779	0
4780	0
4781	0
4782	0
4783	0
4784	0
4785	0
4786	0
4787	0
4788	0
4789	0
4790	0
4791	0
4792	0
4793	0
4794	0
4795	0
4796	0
4797	0
4798	0
4799	0
4800	0
4801	0
4802	0
4803	0
4804	0
4805	0
4806	0
4807	0
4808	0
4809	0
4810	0
4811	0
4812	0
4813	0
4814	0
4815	0
4816	0
4817	0
4818	0
4819	0
4820	0
4821	0
4822	0
4823	0
4824	0
4825	0
4826	0
4827	0
4828	0
4829	0
4830	0
4831	0
4832	0
4833	0
4834	0
4835	0
4836	0
4837	0
4838	0
4839	0
4840	0
4841	0
4842	0
4843	0
4844	0
4845	0
4846	0
4847	0
4848	0
4849	0
4850	0
4851	0
4852	0
4853	0
4854	0
4855	0
4856	0
4857	0
4858	0
4859	0
4860	0
4861	0
4862	0
4863	0
4864	0
4865	0
4866	0
4867	0
4868	0
4869	0
4870	0
4871	0
4872	0
4873	0
4874	0
4875	0
4876	0
4877	0
4878	0
4879	0
4880	0
4881	0
4882	0
4883	0
4884	0
4885	0
4886	0
4887	0
4888	0
4889	0
4890	0
4891	0
4892	0
4893	0
4894	0
4895	0
4896	0
4897	0
4898	0
4899	0
4900	0
4901	0
4902	0
4903	0
4904	0
4905	0
4906	0
4907	0
4908	0
4909	0
4910	0
4911	0
4912	0
4913	0
4914	0
4915	0
4916	0
4917	0
4918	0
4919	0
4920	0
4921	0
4922	0
4923	0
4924	0
4925	0
4926	0
4927	0
4928	0
4929	0
4930	0
4931	0
4932	0
4933	0
4934	0
4935	0
4936	0
4937	0
4938	0
4939	0
4940	0
4941	0
4942	0
4943	0
4944	0
4945	0
4946	0
4947	0
4948	0
4949	0
4950	0
4951	0
4952	0
4953	0
4954	0
4955	0
4956	0
4957	0
4958	0
4959	0
4960	0
4961	0
4962	0
4963	0
4964	0
4965	0
4966	0
4967	0
4968	0
4969	0
4970	0
4971	0
4972	0
4973	0
4974	0
4975	0
4976	0
4977	0
4978	0
4979	0
4980	0
4981	0
4982	0
4983	0
4984	0
4985	0
4986	0
4987	0
4988	0
4989	0
4990	0
4991	0
4992	0
4993	0
4994	0
4995	0
4996	0
4997	0
4998	0
4999	0
5000	0
5001	0
5002	0
5003	0
5004	0
5005	0
5006	0
5007	0
5008	0
5009	0
5010	0
5011	0
5012	0
5013	0
5014	0
5015	0
5016	0
5017	0
5018	0
5019	0
5020	0
5021	0
5022	0
5023	0
5024	0
5025	0
5026	0
5027	0
5028	0
5029	0
5030	0
5031	0
5032	0
5033	0
5034	0
5035	0
5036	0
5037	0
5038	0
5039	0
5040	0
5041	0
5042	0
5043	0
5044	0
5045	0
5046	0
5047	0
5048	0
5049	0
5050	0
5051	0
5052	0
5053	0
5054	0
5055	0
5056	0
5057	0
5058	0
5059	0
5060	0
5061	0
5062	0
5063	0
5064	0
5065	0
5066	0
5067	0
5068	0
5069	0
5070	0
5071	0
5072	0
5073	0
5074	0
5075	0
5076	0
5077	0
5078	0
5079	0
5080	0
5081	0
5082	0
5083	0
5084	0
5085	0
5086	0
5087	0
5088	0
5089	0
5090	0
5091	0
5092	0
5093	0
5094	0
5095	0
5096	0
5097	0
5098	0
5099	0
5100	0
5101	0
5102	0
5103	0
5104	0
5105	0
5106	0
5107	0
5108	0
5109	0
5110	0
5111	0
5112	0
5113	0
5114	0
5115	0
5116	0
5117	0
5118	0
5119	0
5120	0
5121	0
5122	0
5123	0
5124	0
5125	0
5126	0
5127	0
5128	0
5129	0
5130	0
5131	0
5132	0
5133	0
5134	0
5135	0
5136	0
5137	0
5138	0
5139	0
5140	0
5141	0
5142	0
5143	0
5144	0
5145	0
5146	0
5147	0
5148	0
5149	0
5150	0
5151	0
5152	0
5153	0
5154	0
5155	0
5156	0
5157	0
5158	0
5159	0
5160	0
5161	0
5162	0
5163	0
5164	0
5165	0
5166	0
5167	0
5168	0
5169	0
5170	0
5171	0
5172	0
5173	0
5174	0
5175	0
5176	0
5177	0
5178	0
5179	0
5180	0
5181	0
5182	0
5183	0
5184	0
5185	0
5186	0
5187	0
5188	0
5189	0
5190	0
5191	0
5192	0
5193	0
5194	0
5195	0
5196	0
5197	0
5198	0
5199	0
5200	0
5201	0
5202	0
5203	0
5204	0
5205	0
5206	0
5207	0
5208	0
5209	0
5210	0
5211	0
5212	0
5213	0
5214	0
5215	0
5216	0
5217	0
5218	0
5219	0
5220	0
5221	0
5222	0
5223	0
5224	0
5225	0
5226	0
5227	0
5228	0
5229	0
5230	0
5231	0
5232	0
5233	0
5234	0
5235	0
5236	0
5237	0
5238	0
5239	0
5240	0
5241	0
5242	0
5243	0
5244	0
5245	0
5246	0
5247	0
5248	0
5249	0
5250	0
5251	0
5252	0
5253	0
5254	0
5255	0
5256	0
5257	0
5258	0
5259	0
5260	0
5261	0
5262	0
5263	0
5264	0
5265	0
5266	0
5267	0
5268	0
5269	0
5270	0
5271	0
5272	0
5273	0
5274	0
5275	0
5276	0
5277	0
5278	0
5279	0
5280	0
5281	0
5282	0
5283	0
5284	0
5285	0
5286	0
5287	0
5288	0
5289	0
5290	0
5291	0
5292	0
5293	0
5294	0
5295	0
5296	0
5297	0
5298	0
5299	0
5300	0
5301	0
5302	0
5303	0
5304	0
5305	0
5306	0
5307	0
5308	0
5309	0
5310	0
5311	0
5312	0
5313	0
5314	0
5315	0
5316	0
5317	0
5318	0
5319	0
5320	0
5321	0
5322	0
5323	0
5324	0
5325	0
5326	0
5327	0
5328	0
5329	0
5330	0
5331	0
5332	0
5333	0
5334	0
5335	0
5336	0
5337	0
5338	0
5339	0
5340	0
5341	0
5342	0
5343	0
5344	0
5345	0
5346	0
5347	0
5348	0
5349	0
5350	0
5351	0
5352	0
5353	0
5354	0
5355	0
5356	0
5357	0
5358	0
5359	0
5360	0
5361	0
5362	0
5363	0
5364	0
5365	0
5366	0
5367	0
5368	0
5369	0
5370	0
5371	0
5372	0
5373	0
5374	0
5375	0
5376	0
5377	0
5378	0
5379	0
5380	0
5381	0
5382	0
5383	0
5384	0
5385	0
5386	0
5387	0
5388	0
5389	0
5390	0
5391	0
5392	0
5393	0
5394	0
5395	0
5396	0
5397	0
5398	0
5399	0
5400	0
5401	0
5402	0
5403	0
5404	0
5405	0
5406	0
5407	0
5408	0
5409	0
5410	0
5411	0
5412	0
5413	0
5414	0
5415	0
5416	0
5417	0
5418	0
5419	0
5420	0
5421	0
5422	0
5423	0
5424	0
5425	0
5426	0
5427	0
5428	0
5429	0
5430	0
5431	0
5432	0
5433	0
5434	0
5435	0
5436	0
5437	0
5438	0
5439	0
5440	0
5441	0
5442	0
5443	0
5444	0
5445	0
5446	0
5447	0
5448	0
5449	0
5450	0
5451	0
5452	0
5453	0
5454	0
5455	0
5456	0
5457	0
5458	0
5459	0
5460	0
5461	0
5462	0
5463	0
5464	0
5465	0
5466	0
5467	0
5468	0
5469	0
5470	0
5471	0
5472	0
5473	0
5474	0
5475	0
5476	0
5477	0
5478	0
5479	0
5480	0
5481	0
5482	0
5483	0
5484	0
5485	0
5486	0
5487	0
5488	0
5489	0
5490	0
5491	0
5492	0
5493	0
5494	0
5495	0
5496	0
5497	0
5498	0
5499	0
5500	0
5501	0
5502	0
5503	0
5504	0
5505	0
5506	0
5507	0
5508	0
5509	0
5510	0
5511	0
5512	0
5513	0
5514	0
5515	0
5516	0
5517	0
5518	0
5519	0
5520	0
5521	0
5522	0
5523	0
5524	0
5525	0
5526	0
5527	0
5528	0
5529	0
5530	0
5531	0
5532	0
5533	0
5534	0
5535	0
5536	0
5537	0
5538	0
5539	0
5540	0
5541	0
5542	0
5543	0
5544	0
5545	0
5546	0
5547	0
5548	0
5549	0
5550	0
5551	0
5552	0
5553	0
5554	0
5555	0
5556	0
5557	0
5558	0
5559	0
5560	0
5561	0
5562	0
5563	0
5564	0
5565	0
5566	0
5567	0
5568	0
5569	0
5570	0
5571	0
5572	0
5573	0
5574	0
5575	0
5576	0
5577	0
5578	0
5579	0
5580	0
5581	0
5582	0
5583	0
5584	0
5585	0
5586	0
5587	0
5588	0
5589	0
5590	0
5591	0
5592	0
5593	0
5594	0
5595	0
5596	0
5597	0
5598	0
5599	0
5600	0
5601	0
5602	0
5603	0
5604	0
5605	0
5606	0
5607	0
5608	0
5609	0
5610	0
5611	0
5612	0
5613	0
5614	0
5615	0
5616	0
5617	0
5618	0
5619	0
5620	0
5621	0
5622	0
5623	0
5624	0
5625	0
5626	0
5627	0
5628	0
5629	0
5630	0
5631	0
5632	0
5633	0
5634	0
5635	0
5636	0
5637	0
5638	0
5639	0
5640	0
5641	0
5642	0
5643	0
5644	0
5645	0
5646	0
5647	0
5648	0
5649	0
5650	0
5651	0
5652	0
5653	0
5654	0
5655	0
5656	0
5657	0
5658	0
5659	0
5660	0
5661	0
5662	0
5663	0
5664	0
5665	0
5666	0
5667	0
5668	0
5669	0
5670	0
5671	0
5672	0
5673	0
5674	0
5675	0
5676	0
5677	0
5678	0
5679	0
5680	0
5681	0
5682	0
5683	0
5684	0
5685	0
5686	0
5687	0
5688	0
5689	0
5690	0
5691	0
5692	0
5693	0
5694	0
5695	0
5696	0
5697	0
5698	0
5699	0
5700	0
5701	0
5702	0
5703	0
5704	0
5705	0
5706	0
5707	0
5708	0
5709	0
5710	0
5711	0
5712	0
5713	0
5714	0
5715	0
5716	0
5717	0
5718	0
5719	0
5720	0
5721	0
5722	0
5723	0
5724	0
5725	0
5726	0
5727	0
5728	0
5729	0
5730	0
5731	0
5732	0
5733	0
5734	0
5735	0
5736	0
5737	0
5738	0
5739	0
5740	0
5741	0
5742	0
5743	0
5744	0
5745	0
5746	0
5747	0
5748	0
5749	0
5750	0
5751	0
5752	0
5753	0
5754	0
5755	0
5756	0
5757	0
5758	0
5759	0
5760	0
5761	0
5762	0
5763	0
5764	0
5765	0
5766	0
5767	0
5768	0
5769	0
5770	0
5771	0
5772	0
5773	0
5774	0
5775	0
5776	0
5777	0
5778	0
5779	0
5780	0
5781	0
5782	0
5783	0
5784	0
5785	0
5786	0
5787	0
5788	0
5789	0
5790	0
5791	0
5792	0
5793	0
5794	0
5795	0
5796	0
5797	0
5798	0
5799	0
5800	0
5801	0
5802	0
5803	0
5804	0
5805	0
5806	0
5807	0
5808	0
5809	0
5810	0
5811	0
5812	0
5813	0
5814	0
5815	0
5816	0
5817	0
5818	0
5819	0
5820	0
5821	0
5822	0
5823	0
5824	0
5825	0
5826	0
5827	0
5828	0
5829	0
5830	0
5831	0
5832	0
5833	0
5834	0
5835	0
5836	0
5837	0
5838	0
5839	0
5840	0
5841	0
5842	0
5843	0
5844	0
5845	0
5846	0
5847	0
5848	0
5849	0
5850	0
5851	0
5852	0
5853	0
5854	0
5855	0
5856	0
5857	0
5858	0
5859	0
5860	0
5861	0
5862	0
5863	0
5864	0
5865	0
5866	0
5867	0
5868	0
5869	0
5870	0
5871	0
5872	0
5873	0
5874	0
5875	0
5876	0
5877	0
5878	0
5879	0
5880	0
5881	0
5882	0
5883	0
5884	0
5885	0
5886	0
5887	0
5888	0
5889	0
5890	0
5891	0
5892	0
5893	0
5894	0
5895	0
5896	0
5897	0
5898	0
5899	0
5900	0
5901	0
5902	0
5903	0
5904	0
5905	0
5906	0
5907	0
5908	0
5909	0
5910	0
5911	0
5912	0
5913	0
5914	0
5915	0
5916	0
5917	0
5918	0
5919	0
5920	0
5921	0
5922	0
5923	0
5924	0
5925	0
5926	0
5927	0
5928	0
5929	0
5930	0
5931	0
5932	0
5933	0
5934	0
5935	0
5936	0
5937	0
5938	0
5939	0
5940	0
5941	0
5942	0
5943	0
5944	0
5945	0
5946	0
5947	0
5948	0
5949	0
5950	0
5951	0
5952	0
5953	0
5954	0
5955	0
5956	0
5957	0
5958	0
5959	0
5960	0
5961	0
5962	0
5963	0
5964	0
5965	0
5966	0
5967	0
5968	0
5969	0
5970	0
5971	0
5972	0
5973	0
5974	0
5975	0
5976	0
5977	0
5978	0
5979	0
5980	0
5981	0
5982	0
5983	0
5984	0
5985	0
5986	0
5987	0
5988	0
5989	0
5990	0
5991	0
5992	0
5993	0
5994	0
5995	0
5996	0
5997	0
5998	0
5999	0
6000	0
6001	0
6002	0
6003	0
6004	0
6005	0
6006	0
6007	0
6008	0
6009	0
6010	0
6011	0
6012	0
6013	0
6014	0
6015	0
6016	0
6017	0
6018	0
6019	0
6020	0
6021	0
6022	0
6023	0
6024	0
6025	0
6026	0
6027	0
6028	0
6029	0
6030	0
6031	0
6032	0
6033	0
6034	0
6035	0
6036	0
6037	0
6038	0
6039	0
6040	0
6041	0
6042	0
6043	0
6044	0
6045	0
6046	0
6047	0
6048	0
6049	0
6050	0
6051	0
6052	0
6053	0
6054	0
6055	0
6056	0
6057	0
6058	0
6059	0
6060	0
6061	0
6062	0
6063	0
6064	0
6065	0
6066	0
6067	0
6068	0
6069	0
6070	0
6071	0
6072	0
6073	0
6074	0
6075	0
6076	0
6077	0
6078	0
6079	0
6080	0
6081	0
6082	0
6083	0
6084	0
6085	0
6086	0
6087	0
6088	0
6089	0
6090	0
6091	0
6092	0
6093	0
6094	0
6095	0
6096	0
6097	0
6098	0
6099	0
6100	0
6101	0
6102	0
6103	0
6104	0
6105	0
6106	0
6107	0
6108	0
6109	0
6110	0
6111	0
6112	0
6113	0
6114	0
6115	0
6116	0
6117	0
6118	0
6119	0
6120	0
6121	0
6122	0
6123	0
6124	0
6125	0
6126	0
6127	0
6128	0
6129	0
6130	0
6131	0
6132	0
6133	0
6134	0
6135	0
6136	0
6137	0
6138	0
6139	0
6140	0
6141	0
6142	0
6143	0
6144	0
6145	0
6146	0
6147	0
6148	0
6149	0
6150	0
6151	0
6152	0
6153	0
6154	0
6155	0
6156	0
6157	0
6158	0
6159	0
6160	0
6161	0
6162	0
6163	0
6164	0
6165	0
6166	0
6167	0
6168	0
6169	0
6170	0
6171	0
6172	0
6173	0
6174	0
6175	0
6176	0
6177	0
6178	0
6179	0
6180	0
6181	0
6182	0
6183	0
6184	0
6185	0
6186	0
6187	0
6188	0
6189	0
6190	0
6191	0
6192	0
6193	0
6194	0
6195	0
6196	0
6197	0
6198	0
6199	0
6200	0
6201	0
6202	0
6203	0
6204	0
6205	0
6206	0
6207	0
6208	0
6209	0
6210	0
6211	0
6212	0
6213	0
6214	0
6215	0
6216	0
6217	0
6218	0
6219	0
6220	0
6221	0
6222	0
6223	0
6224	0
6225	0
6226	0
6227	0
6228	0
6229	0
6230	0
6231	0
6232	0
6233	0
6234	0
6235	0
6236	0
6237	0
6238	0
6239	0
6240	0
6241	0
6242	0
6243	0
6244	0
6245	0
6246	0
6247	0
6248	0
6249	0
6250	0
6251	0
6252	0
6253	0
6254	0
6255	0
6256	0
6257	0
6258	0
6259	0
6260	0
6261	0
6262	0
6263	0
6264	0
6265	0
6266	0
6267	0
6268	0
6269	0
6270	0
6271	0
6272	0
6273	0
6274	0
6275	0
6276	0
6277	0
6278	0
6279	0
6280	0
6281	0
6282	0
6283	0
6284	0
6285	0
6286	0
6287	0
6288	0
6289	0
6290	0
6291	0
6292	0
6293	0
6294	0
6295	0
6296	0
6297	0
6298	0
6299	0
6300	0
6301	0
6302	0
6303	0
6304	0
6305	0
6306	0
6307	0
6308	0
6309	0
6310	0
6311	0
6312	0
6313	0
6314	0
6315	0
6316	0
6317	0
6318	0
6319	0
6320	0
6321	0
6322	0
6323	0
6324	0
6325	0
6326	0
6327	0
6328	0
6329	0
6330	0
6331	0
6332	0
6333	0
6334	0
6335	0
6336	0
6337	0
6338	0
6339	0
6340	0
6341	0
6342	0
6343	0
6344	0
6345	0
6346	0
6347	0
6348	0
6349	0
6350	0
6351	0
6352	0
6353	0
6354	0
6355	0
6356	0
6357	0
6358	0
6359	0
6360	0
6361	0
6362	0
6363	0
6364	0
6365	0
6366	0
6367	0
6368	0
6369	0
6370	0
6371	0
6372	0
6373	0
6374	0
6375	0
6376	0
6377	0
6378	0
6379	0
6380	0
6381	0
6382	0
6383	0
6384	0
6385	0
6386	0
6387	0
6388	0
6389	0
6390	0
6391	0
6392	0
6393	0
6394	0
6395	0
6396	0
6397	0
6398	0
6399	0
6400	0
6401	0
6402	0
6403	0
6404	0
6405	0
6406	0
6407	0
6408	0
6409	0
6410	0
6411	0
6412	0
6413	0
6414	0
6415	0
6416	0
6417	0
6418	0
6419	0
6420	0
6421	0
6422	0
6423	0
6424	0
6425	0
6426	0
6427	0
6428	0
6429	0
6430	0
6431	0
6432	0
6433	0
6434	0
6435	0
6436	0
6437	0
6438	0
6439	0
6440	0
6441	0
6442	0
6443	0
6444	0
6445	0
6446	0
6447	0
6448	0
6449	0
6450	0
6451	0
6452	0
6453	0
6454	0
6455	0
6456	0
6457	0
6458	0
6459	0
6460	0
6461	0
6462	0
6463	0
6464	0
6465	0
6466	0
6467	0
6468	0
6469	0
6470	0
6471	0
6472	0
6473	0
6474	0
6475	0
6476	0
6477	0
6478	0
6479	0
6480	0
6481	0
6482	0
6483	0
6484	0
6485	0
6486	0
6487	0
6488	0
6489	0
6490	0
6491	0
6492	0
6493	0
6494	0
6495	0
6496	0
6497	0
6498	0
6499	0
6500	0
6501	0
6502	0
6503	0
6504	0
6505	0
6506	0
6507	0
6508	0
6509	0
6510	0
6511	0
6512	0
6513	0
6514	0
6515	0
6516	0
6517	0
6518	0
6519	0
6520	0
6521	0
6522	0
6523	0
6524	0
6525	0
6526	0
6527	0
6528	0
6529	0
6530	0
6531	0
6532	0
6533	0
6534	0
6535	0
6536	0
6537	0
6538	0
6539	0
6540	0
6541	0
6542	0
6543	0
6544	0
6545	0
6546	0
6547	0
6548	0
6549	0
6550	0
6551	0
6552	0
6553	0
6554	0
6555	0
6556	0
6557	0
6558	0
6559	0
6560	0
6561	0
6562	0
6563	0
6564	0
6565	0
6566	0
6567	0
6568	0
6569	0
6570	0
6571	0
6572	0
6573	0
6574	0
6575	0
6576	0
6577	0
6578	0
6579	0
6580	0
6581	0
6582	0
6583	0
6584	0
6585	0
6586	0
6587	0
6588	0
6589	0
6590	0
6591	0
6592	0
6593	0
6594	0
6595	0
6596	0
6597	0
6598	0
6599	0
6600	0
6601	0
6602	0
6603	0
6604	0
6605	0
6606	0
6607	0
6608	0
6609	0
6610	0
6611	0
6612	0
6613	0
6614	0
6615	0
6616	0
6617	0
6618	0
6619	0
6620	0
6621	0
6622	0
6623	0
6624	0
6625	0
6626	0
6627	0
6628	0
6629	0
6630	0
6631	0
6632	0
6633	0
6634	0
6635	0
6636	0
6637	0
6638	0
6639	0
6640	0
6641	0
6642	0
6643	0
6644	0
6645	0
6646	0
6647	0
6648	0
6649	0
6650	0
6651	0
6652	0
6653	0
6654	0
6655	0
6656	0
6657	0
6658	0
6659	0
6660	0
6661	0
6662	0
6663	0
6664	0
6665	0
6666	0
6667	0
6668	0
6669	0
6670	0
6671	0
6672	0
6673	0
6674	0
6675	0
6676	0
6677	0
6678	0
6679	0
6680	0
6681	0
6682	0
6683	0
6684	0
6685	0
6686	0
6687	0
6688	0
6689	0
6690	0
6691	0
6692	0
6693	0
6694	0
6695	0
6696	0
6697	0
6698	0
6699	0
6700	0
6701	0
6702	0
6703	0
6704	0
6705	0
6706	0
6707	0
6708	0
6709	0
6710	0
6711	0
6712	0
6713	0
6714	0
6715	0
6716	0
6717	0
6718	0
6719	0
6720	0
6721	0
6722	0
6723	0
6724	0
6725	0
6726	0
6727	0
6728	0
6729	0
6730	0
6731	0
6732	0
6733	0
6734	0
6735	0
6736	0
6737	0
6738	0
6739	0
6740	0
6741	0
6742	0
6743	0
6744	0
6745	0
6746	0
6747	0
6748	0
6749	0
6750	0
6751	0
6752	0
6753	0
6754	0
6755	0
6756	0
6757	0
6758	0
6759	0
6760	0
6761	0
6762	0
6763	0
6764	0
6765	0
6766	0
6767	0
6768	0
6769	0
6770	0
6771	0
6772	0
6773	0
6774	0
6775	0
6776	0
6777	0
6778	0
6779	0
6780	0
6781	0
6782	0
6783	0
6784	0
6785	0
6786	0
6787	0
6788	0
6789	0
6790	0
6791	0
6792	0
6793	0
6794	0
6795	0
6796	0
6797	0
6798	0
6799	0
6800	0
6801	0
6802	0
6803	0
6804	0
6805	0
6806	0
6807	0
6808	0
6809	0
6810	0
6811	0
6812	0
6813	0
6814	0
6815	0
6816	0
6817	0
6818	0
6819	0
6820	0
6821	0
6822	0
6823	0
6824	0
6825	0
6826	0
6827	0
6828	0
6829	0
6830	0
6831	0
6832	0
6833	0
6834	0
6835	0
6836	0
6837	0
6838	0
6839	0
6840	0
6841	0
6842	0
6843	0
6844	0
6845	0
6846	0
6847	0
6848	0
6849	0
6850	0
6851	0
6852	0
6853	0
6854	0
6855	0
6856	0
6857	0
6858	0
6859	0
6860	0
6861	0
6862	0
6863	0
6864	0
6865	0
6866	0
6867	0
6868	0
6869	0
6870	0
6871	0
6872	0
6873	0
6874	0
6875	0
6876	0
6877	0
6878	0
6879	0
6880	0
6881	0
6882	0
6883	0
6884	0
6885	0
6886	0
6887	0
6888	0
6889	0
6890	0
6891	0
6892	0
6893	0
6894	0
6895	0
6896	0
6897	0
6898	0
6899	0
6900	0
6901	0
6902	0
6903	0
6904	0
6905	0
6906	0
6907	0
6908	0
6909	0
6910	0
6911	0
6912	0
6913	0
6914	0
6915	0
6916	0
6917	0
6918	0
6919	0
6920	0
6921	0
6922	0
6923	0
6924	0
6925	0
6926	0
6927	0
6928	0
6929	0
6930	0
6931	0
6932	0
6933	0
6934	0
6935	0
6936	0
6937	0
6938	0
6939	0
6940	0
6941	0
6942	0
6943	0
6944	0
6945	0
6946	0
6947	0
6948	0
6949	0
6950	0
6951	0
6952	0
6953	0
6954	0
6955	0
6956	0
6957	0
6958	0
6959	0
6960	0
6961	0
6962	0
6963	0
6964	0
6965	0
6966	0
6967	0
6968	0
6969	0
6970	0
6971	0
6972	0
6973	0
6974	0
6975	0
6976	0
6977	0
6978	0
6979	0
6980	0
6981	0
6982	0
6983	0
6984	0
6985	0
6986	0
6987	0
6988	0
6989	0
6990	0
6991	0
6992	0
6993	0
6994	0
6995	0
6996	0
6997	0
6998	0
6999	0
7000	0
7001	0
7002	0
7003	0
7004	0
7005	0
7006	0
7007	0
7008	0
7009	0
7010	0
7011	0
7012	0
7013	0
7014	0
7015	0
7016	0
7017	0
7018	0
7019	0
7020	0
7021	0
7022	0
7023	0
7024	0
7025	0
7026	0
7027	0
7028	0
7029	0
7030	0
7031	0
7032	0
7033	0
7034	0
7035	0
7036	0
7037	0
7038	0
7039	0
7040	0
7041	0
7042	0
7043	0
7044	0
7045	0
7046	0
7047	0
7048	0
7049	0
7050	0
7051	0
7052	0
7053	0
7054	0
7055	0
7056	0
7057	0
7058	0
7059	0
7060	0
7061	0
7062	0
7063	0
7064	0
7065	0
7066	0
7067	0
7068	0
7069	0
7070	0
7071	0
7072	0
7073	0
7074	0
7075	0
7076	0
7077	0
7078	0
7079	0
7080	0
7081	0
7082	0
7083	0
7084	0
7085	0
7086	0
7087	0
7088	0
7089	0
7090	0
7091	0
7092	0
7093	0
7094	0
7095	0
7096	0
7097	0
7098	0
7099	0
7100	0
7101	0
7102	0
7103	0
7104	0
7105	0
7106	0
7107	0
7108	0
7109	0
7110	0
7111	0
7112	0
7113	0
7114	0
7115	0
7116	0
7117	0
7118	0
7119	0
7120	0
7121	0
7122	0
7123	0
7124	0
7125	0
7126	0
7127	0
7128	0
7129	0
7130	0
7131	0
7132	0
7133	0
7134	0
7135	0
7136	0
7137	0
7138	0
7139	0
7140	0
7141	0
7142	0
7143	0
7144	0
7145	0
7146	0
7147	0
7148	0
7149	0
7150	0
7151	0
7152	0
7153	0
7154	0
7155	0
7156	0
7157	0
7158	0
7159	0
7160	0
7161	0
7162	0
7163	0
7164	0
7165	0
7166	0
7167	0
7168	0
7169	0
7170	0
7171	0
7172	0
7173	0
7174	0
7175	0
7176	0
7177	0
7178	0
7179	0
7180	0
7181	0
7182	0
7183	0
7184	0
7185	0
7186	0
7187	0
7188	0
7189	0
7190	0
7191	0
7192	0
7193	0
7194	0
7195	0
7196	0
7197	0
7198	0
7199	0
7200	0
7201	0
7202	0
7203	0
7204	0
7205	0
7206	0
7207	0
7208	0
7209	0
7210	0
7211	0
7212	0
7213	0
7214	0
7215	0
7216	0
7217	0
7218	0
7219	0
7220	0
7221	0
7222	0
7223	0
7224	0
7225	0
7226	0
7227	0
7228	0
7229	0
7230	0
7231	0
7232	0
7233	0
7234	0
7235	0
7236	0
7237	0
7238	0
7239	0
7240	0
7241	0
7242	0
7243	0
7244	0
7245	0
7246	0
7247	0
7248	0
7249	0
7250	0
7251	0
7252	0
7253	0
7254	0
7255	0
7256	0
7257	0
7258	0
7259	0
7260	0
7261	0
7262	0
7263	0
7264	0
7265	0
7266	0
7267	0
7268	0
7269	0
7270	0
7271	0
7272	0
7273	0
7274	0
7275	0
7276	0
7277	0
7278	0
7279	0
7280	0
7281	0
7282	0
7283	0
7284	0
7285	0
7286	0
7287	0
7288	0
7289	0
7290	0
7291	0
7292	0
7293	0
7294	0
7295	0
7296	0
7297	0
7298	0
7299	0
7300	0
7301	0
7302	0
7303	0
7304	0
7305	0
7306	0
7307	0
7308	0
7309	0
7310	0
7311	0
7312	0
7313	0
7314	0
7315	0
7316	0
7317	0
7318	0
7319	0
7320	0
7321	0
7322	0
7323	0
7324	0
7325	0
7326	0
7327	0
7328	0
7329	0
7330	0
7331	0
7332	0
7333	0
7334	0
7335	0
7336	0
7337	0
7338	0
7339	0
7340	0
7341	0
7342	0
7343	0
7344	0
7345	0
7346	0
7347	0
7348	0
7349	0
7350	0
7351	0
7352	0
7353	0
7354	0
7355	0
7356	0
7357	0
7358	0
7359	0
7360	0
7361	0
7362	0
7363	0
7364	0
7365	0
7366	0
7367	0
7368	0
7369	0
7370	0
7371	0
7372	0
7373	0
7374	0
7375	0
7376	0
7377	0
7378	0
7379	0
7380	0
7381	0
7382	0
7383	0
7384	0
7385	0
7386	0
7387	0
7388	0
7389	0
7390	0
7391	0
7392	0
7393	0
7394	0
7395	0
7396	0
7397	0
7398	0
7399	0
7400	0
7401	0
7402	0
7403	0
7404	0
7405	0
7406	0
7407	0
7408	0
7409	0
7410	0
7411	0
7412	0
7413	0
7414	0
7415	0
7416	0
7417	0
7418	0
7419	0
7420	0
7421	0
7422	0
7423	0
7424	0
7425	0
7426	0
7427	0
7428	0
7429	0
7430	0
7431	0
7432	0
7433	0
7434	0
7435	0
7436	0
7437	0
7438	0
7439	0
7440	0
7441	0
7442	0
7443	0
7444	0
7445	0
7446	0
7447	0
7448	0
7449	0
7450	0
7451	0
7452	0
7453	0
7454	0
7455	0
7456	0
7457	0
7458	0
7459	0
7460	0
7461	0
7462	0
7463	0
7464	0
7465	0
7466	0
7467	0
7468	0
7469	0
7470	0
7471	0
7472	0
7473	0
7474	0
7475	0
7476	0
7477	0
7478	0
7479	0
7480	0
7481	0
7482	0
7483	0
7484	0
7485	0
7486	0
7487	0
7488	0
7489	0
7490	0
7491	0
7492	0
7493	0
7494	0
7495	0
7496	0
7497	0
7498	0
7499	0
7500	0
7501	0
7502	0
7503	0
7504	0
7505	0
7506	0
7507	0
7508	0
7509	0
7510	0
7511	0
7512	0
7513	0
7514	0
7515	0
7516	0
7517	0
7518	0
7519	0
7520	0
7521	0
7522	0
7523	0
7524	0
7525	0
7526	0
7527	0
7528	0
7529	0
7530	0
7531	0
7532	0
7533	0
7534	0
7535	0
7536	0
7537	0
7538	0
7539	0
7540	0
7541	0
7542	0
7543	0
7544	0
7545	0
7546	0
7547	0
7548	0
7549	0
7550	0
7551	0
7552	0
7553	0
7554	0
7555	0
7556	0
7557	0
7558	0
7559	0
7560	0
7561	0
7562	0
7563	0
7564	0
7565	0
7566	0
7567	0
7568	0
7569	0
7570	0
7571	0
7572	0
7573	0
7574	0
7575	0
7576	0
7577	0
7578	0
7579	0
7580	0
7581	0
7582	0
7583	0
7584	0
7585	0
7586	0
7587	0
7588	0
7589	0
7590	0
7591	0
7592	0
7593	0
7594	0
7595	0
7596	0
7597	0
7598	0
7599	0
7600	0
7601	0
7602	0
7603	0
7604	0
7605	0
7606	0
7607	0
7608	0
7609	0
7610	0
7611	0
7612	0
7613	0
7614	0
7615	0
7616	0
7617	0
7618	0
7619	0
7620	0
7621	0
7622	0
7623	0
7624	0
7625	0
7626	0
7627	0
7628	0
7629	0
7630	0
7631	0
7632	0
7633	0
7634	0
7635	0
7636	0
7637	0
7638	0
7639	0
7640	0
7641	0
7642	0
7643	0
7644	0
7645	0
7646	0
7647	0
7648	0
7649	0
7650	0
7651	0
7652	0
7653	0
7654	0
7655	0
7656	0
7657	0
7658	0
7659	0
7660	0
7661	0
7662	0
7663	0
7664	0
7665	0
7666	0
7667	0
7668	0
7669	0
7670	0
7671	0
7672	0
7673	0
7674	0
7675	0
7676	0
7677	0
7678	0
7679	0
7680	0
7681	0
7682	0
7683	0
7684	0
7685	0
7686	0
7687	0
7688	0
7689	0
7690	0
7691	0
7692	0
7693	0
7694	0
7695	0
7696	0
7697	0
7698	0
7699	0
7700	0
7701	0
7702	0
7703	0
7704	0
7705	0
7706	0
7707	0
7708	0
7709	0
7710	0
7711	0
7712	0
7713	0
7714	0
7715	0
7716	0
7717	0
7718	0
7719	0
7720	0
7721	0
7722	0
7723	0
7724	0
7725	0
7726	0
7727	0
7728	0
7729	0
7730	0
7731	0
7732	0
7733	0
7734	0
7735	0
7736	0
7737	0
7738	0
7739	0
7740	0
7741	0
7742	0
7743	0
7744	0
7745	0
7746	0
7747	0
7748	0
7749	0
7750	0
7751	0
7752	0
7753	0
7754	0
7755	0
7756	0
7757	0
7758	0
7759	0
7760	0
7761	0
7762	0
7763	0
7764	0
7765	0
7766	0
7767	0
7768	0
7769	0
7770	0
7771	0
7772	0
7773	0
7774	0
7775	0
7776	0
7777	0
7778	0
7779	0
7780	0
7781	0
7782	0
7783	0
7784	0
7785	0
7786	0
7787	0
7788	0
7789	0
7790	0
7791	0
7792	0
7793	0
7794	0
7795	0
7796	0
7797	0
7798	0
7799	0
7800	0
7801	0
7802	0
7803	0
7804	0
7805	0
7806	0
7807	0
7808	0
7809	0
7810	0
7811	0
7812	0
7813	0
7814	0
7815	0
7816	0
7817	0
7818	0
7819	0
7820	0
7821	0
7822	0
7823	0
7824	0
7825	0
7826	0
7827	0
7828	0
7829	0
7830	0
7831	0
7832	0
7833	0
7834	0
7835	0
7836	0
7837	0
7838	0
7839	0
7840	0
7841	0
7842	0
7843	0
7844	0
7845	0
7846	0
7847	0
7848	0
7849	0
7850	0
7851	0
7852	0
7853	0
7854	0
7855	0
7856	0
7857	0
7858	0
7859	0
7860	0
7861	0
7862	0
7863	0
7864	0
7865	0
7866	0
7867	0
7868	0
7869	0
7870	0
7871	0
7872	0
7873	0
7874	0
7875	0
7876	0
7877	0
7878	0
7879	0
7880	0
7881	0
7882	0
7883	0
7884	0
7885	0
7886	0
7887	0
7888	0
7889	0
7890	0
7891	0
7892	0
7893	0
7894	0
7895	0
7896	0
7897	0
7898	0
7899	0
7900	0
7901	0
7902	0
7903	0
7904	0
7905	0
7906	0
7907	0
7908	0
7909	0
7910	0
7911	0
7912	0
7913	0
7914	0
7915	0
7916	0
7917	0
7918	0
7919	0
7920	0
7921	0
7922	0
7923	0
7924	0
7925	0
7926	0
7927	0
7928	0
7929	0
7930	0
7931	0
7932	0
7933	0
7934	0
7935	0
7936	0
7937	0
7938	0
7939	0
7940	0
7941	0
7942	0
7943	0
7944	0
7945	0
7946	0
7947	0
7948	0
7949	0
7950	0
7951	0
7952	0
7953	0
7954	0
7955	0
7956	0
7957	0
7958	0
7959	0
7960	0
7961	0
7962	0
7963	0
7964	0
7965	0
7966	0
7967	0
7968	0
7969	0
7970	0
7971	0
7972	0
7973	0
7974	0
7975	0
7976	0
7977	0
7978	0
7979	0
7980	0
7981	0
7982	0
7983	0
7984	0
7985	0
7986	0
7987	0
7988	0
7989	0
7990	0
7991	0
7992	0
7993	0
7994	0
7995	0
7996	0
7997	0
7998	0
7999	0
8000	0
8001	0
8002	0
8003	0
8004	0
8005	0
8006	0
8007	0
8008	0
8009	0
8010	0
8011	0
8012	0
8013	0
8014	0
8015	0
8016	0
8017	0
8018	0
8019	0
8020	0
8021	0
8022	0
8023	0
8024	0
8025	0
8026	0
8027	0
8028	0
8029	0
8030	0
8031	0
8032	0
8033	0
8034	0
8035	0
8036	0
8037	0
8038	0
8039	0
8040	0
8041	0
8042	0
8043	0
8044	0
8045	0
8046	0
8047	0
8048	0
8049	0
8050	0
8051	0
8052	0
8053	0
8054	0
8055	0
8056	0
8057	0
8058	0
8059	0
8060	0
8061	0
8062	0
8063	0
8064	0
8065	0
8066	0
8067	0
8068	0
8069	0
8070	0
8071	0
8072	0
8073	0
8074	0
8075	0
8076	0
8077	0
8078	0
8079	0
8080	0
8081	0
8082	0
8083	0
8084	0
8085	0
8086	0
8087	0
8088	0
8089	0
8090	0
8091	0
8092	0
8093	0
8094	0
8095	0
8096	0
8097	0
8098	0
8099	0
8100	0
8101	0
8102	0
8103	0
8104	0
8105	0
8106	0
8107	0
8108	0
8109	0
8110	0
8111	0
8112	0
8113	0
8114	0
8115	0
8116	0
8117	0
8118	0
8119	0
8120	0
8121	0
8122	0
8123	0
8124	0
8125	0
8126	0
8127	0
8128	0
8129	0
8130	0
8131	0
8132	0
8133	0
8134	0
8135	0
8136	0
8137	0
8138	0
8139	0
8140	0
8141	0
8142	0
8143	0
8144	0
8145	0
8146	0
8147	0
8148	0
8149	0
8150	0
8151	0
8152	0
8153	0
8154	0
8155	0
8156	0
8157	0
8158	0
8159	0
8160	0
8161	0
8162	0
8163	0
8164	0
8165	0
8166	0
8167	0
8168	0
8169	0
8170	0
8171	0
8172	0
8173	0
8174	0
8175	0
8176	0
8177	0
8178	0
8179	0
8180	0
8181	0
8182	0
8183	0
8184	0
8185	0
8186	0
8187	0
8188	0
8189	0
8190	0
8191	0
8192	0
