SHIFR=
TLIVE=100.0
TREAL=100.0
SPECTRTXT=8192
1	91
2	120
3	115
4	136
5	111
6	119
7	103
8	114
9	107
10	103
11	114
12	114
13	117
14	115
15	96
16	94
17	86
18	109
19	120
20	104
21	100
22	99
23	112
24	145
25	149
26	134
27	133
28	111
29	93
30	104
31	113
32	88
33	88
34	92
35	91
36	107
37	100
38	100
39	107
40	102
41	126
42	108
43	97
44	80
45	100
46	82
47	113
48	114
49	84
50	99
51	91
52	100
53	95
54	103
55	90
56	101
57	107
58	82
59	90
60	98
61	99
62	103
63	91
64	101
65	91
66	107
67	90
68	114
69	85
70	94
71	101
72	98
73	112
74	113
75	90
76	100
77	106
78	120
79	113
80	108
81	83
82	115
83	120
84	114
85	127
86	112
87	106
88	145
89	123
90	124
91	127
92	117
93	120
94	113
95	133
96	135
97	131
98	148
99	115
100	124
101	130
102	125
103	126
104	126
105	112
106	125
107	226
108	374
109	487
110	705
111	362
112	96
113	97
114	79
115	88
116	70
117	98
118	88
119	94
120	78
121	81
122	101
123	166
124	408
125	531
126	250
127	187
128	308
129	180
130	78
131	85
132	95
133	86
134	72
135	81
136	84
137	74
138	78
139	89
140	85
141	70
142	75
143	65
144	60
145	84
146	82
147	79
148	84
149	69
150	63
151	71
152	72
153	68
154	75
155	79
156	68
157	77
158	65
159	75
160	68
161	61
162	58
163	71
164	72
165	72
166	72
167	61
168	76
169	77
170	66
171	64
172	60
173	85
174	80
175	69
176	89
177	93
178	72
179	64
180	75
181	76
182	70
183	88
184	74
185	66
186	72
187	64
188	66
189	72
190	82
191	75
192	74
193	78
194	76
195	89
196	75
197	53
198	77
199	58
200	62
201	59
202	63
203	63
204	63
205	58
206	87
207	76
208	77
209	76
210	82
211	72
212	61
213	66
214	75
215	86
216	80
217	60
218	59
219	94
220	89
221	65
222	65
223	82
224	75
225	66
226	63
227	68
228	85
229	73
230	79
231	96
232	86
233	76
234	86
235	63
236	72
237	84
238	58
239	81
240	79
241	80
242	92
243	90
244	80
245	83
246	92
247	83
248	99
249	85
250	83
251	86
252	86
253	88
254	96
255	93
256	80
257	80
258	77
259	79
260	90
261	71
262	105
263	94
264	75
265	87
266	92
267	64
268	76
269	90
270	92
271	88
272	96
273	97
274	71
275	84
276	81
277	91
278	83
279	78
280	87
281	89
282	99
283	102
284	117
285	106
286	101
287	103
288	88
289	91
290	104
291	92
292	97
293	94
294	100
295	97
296	101
297	99
298	105
299	108
300	106
301	118
302	106
303	109
304	96
305	118
306	135
307	126
308	136
309	136
310	123
311	131
312	101
313	117
314	130
315	139
316	116
317	129
318	139
319	113
320	108
321	145
322	140
323	143
324	134
325	144
326	123
327	126
328	144
329	131
330	204
331	1504
332	9119
333	17061
334	9152
335	1424
336	125
337	57
338	60
339	54
340	72
341	75
342	84
343	94
344	63
345	59
346	63
347	56
348	55
349	70
350	59
351	70
352	70
353	75
354	76
355	80
356	72
357	58
358	73
359	65
360	70
361	73
362	61
363	75
364	70
365	60
366	49
367	54
368	69
369	65
370	64
371	75
372	61
373	82
374	77
375	74
376	61
377	69
378	90
379	82
380	60
381	58
382	61
383	58
384	75
385	61
386	66
387	64
388	75
389	64
390	71
391	68
392	61
393	83
394	63
395	63
396	73
397	70
398	54
399	54
400	64
401	71
402	86
403	73
404	75
405	77
406	72
407	71
408	66
409	88
410	70
411	63
412	89
413	85
414	66
415	90
416	67
417	77
418	75
419	71
420	70
421	85
422	74
423	67
424	75
425	67
426	71
427	76
428	71
429	75
430	77
431	71
432	88
433	77
434	75
435	72
436	67
437	83
438	62
439	108
440	102
441	114
442	120
443	109
444	96
445	74
446	79
447	69
448	76
449	73
450	69
451	72
452	66
453	69
454	89
455	85
456	100
457	116
458	95
459	99
460	100
461	102
462	103
463	72
464	88
465	72
466	62
467	53
468	61
469	60
470	64
471	81
472	86
473	78
474	85
475	81
476	68
477	65
478	59
479	65
480	92
481	78
482	77
483	72
484	73
485	68
486	70
487	74
488	64
489	65
490	83
491	71
492	82
493	69
494	80
495	81
496	80
497	84
498	77
499	62
500	78
501	87
502	71
503	77
504	78
505	75
506	81
507	90
508	82
509	98
510	78
511	98
512	96
513	102
514	82
515	92
516	89
517	82
518	79
519	76
520	84
521	88
522	87
523	95
524	80
525	84
526	99
527	96
528	82
529	97
530	93
531	111
532	93
533	83
534	113
535	110
536	99
537	94
538	69
539	88
540	67
541	73
542	69
543	52
544	60
545	53
546	56
547	77
548	54
549	65
550	65
551	58
552	73
553	65
554	62
555	55
556	56
557	48
558	60
559	58
560	56
561	54
562	74
563	62
564	57
565	58
566	61
567	66
568	56
569	67
570	57
571	66
572	55
573	60
574	69
575	56
576	69
577	75
578	51
579	70
580	55
581	59
582	69
583	60
584	54
585	52
586	59
587	65
588	54
589	59
590	59
591	59
592	68
593	66
594	67
595	70
596	57
597	59
598	65
599	58
600	58
601	42
602	58
603	50
604	59
605	59
606	46
607	54
608	66
609	53
610	65
611	50
612	51
613	38
614	50
615	58
616	55
617	51
618	49
619	56
620	55
621	57
622	46
623	55
624	59
625	44
626	64
627	50
628	44
629	51
630	56
631	49
632	60
633	41
634	50
635	49
636	40
637	52
638	55
639	40
640	55
641	47
642	54
643	61
644	57
645	62
646	60
647	57
648	40
649	60
650	51
651	49
652	58
653	57
654	55
655	53
656	64
657	56
658	52
659	53
660	48
661	45
662	44
663	50
664	49
665	45
666	84
667	365
668	1409
669	2198
670	1397
671	400
672	73
673	54
674	53
675	54
676	30
677	40
678	21
679	31
680	49
681	37
682	34
683	46
684	49
685	40
686	49
687	58
688	79
689	61
690	62
691	67
692	58
693	48
694	49
695	36
696	38
697	32
698	37
699	30
700	45
701	35
702	33
703	50
704	33
705	48
706	52
707	40
708	42
709	23
710	37
711	43
712	57
713	50
714	52
715	54
716	43
717	44
718	41
719	44
720	50
721	35
722	30
723	40
724	42
725	35
726	53
727	46
728	45
729	43
730	40
731	40
732	42
733	35
734	36
735	37
736	48
737	43
738	51
739	43
740	53
741	51
742	40
743	39
744	30
745	34
746	30
747	38
748	52
749	42
750	45
751	47
752	32
753	46
754	56
755	55
756	37
757	36
758	47
759	55
760	35
761	41
762	43
763	52
764	44
765	43
766	46
767	40
768	51
769	36
770	31
771	38
772	35
773	33
774	35
775	45
776	51
777	53
778	58
779	39
780	38
781	38
782	45
783	49
784	45
785	30
786	30
787	37
788	33
789	38
790	29
791	43
792	41
793	37
794	46
795	49
796	37
797	45
798	36
799	31
800	48
801	40
802	35
803	31
804	36
805	36
806	28
807	42
808	87
809	120
810	84
811	52
812	39
813	37
814	36
815	43
816	34
817	42
818	36
819	39
820	43
821	28
822	39
823	43
824	36
825	46
826	41
827	46
828	36
829	36
830	40
831	39
832	31
833	36
834	22
835	28
836	26
837	30
838	28
839	33
840	40
841	33
842	45
843	29
844	37
845	39
846	44
847	48
848	45
849	40
850	31
851	29
852	38
853	37
854	36
855	44
856	48
857	42
858	37
859	32
860	42
861	33
862	53
863	39
864	36
865	34
866	37
867	30
868	37
869	27
870	38
871	30
872	31
873	33
874	22
875	33
876	22
877	29
878	37
879	36
880	30
881	21
882	32
883	40
884	24
885	42
886	19
887	45
888	55
889	51
890	34
891	34
892	22
893	25
894	28
895	20
896	31
897	26
898	40
899	53
900	53
901	58
902	48
903	40
904	33
905	27
906	32
907	46
908	42
909	48
910	44
911	59
912	42
913	35
914	40
915	44
916	52
917	22
918	37
919	32
920	35
921	40
922	42
923	59
924	31
925	32
926	34
927	13
928	33
929	45
930	43
931	40
932	39
933	39
934	39
935	33
936	30
937	45
938	216
939	1250
940	3661
941	5296
942	3566
943	1153
944	214
945	54
946	42
947	29
948	34
949	32
950	24
951	33
952	28
953	36
954	34
955	38
956	33
957	40
958	36
959	32
960	32
961	35
962	38
963	33
964	17
965	31
966	35
967	35
968	37
969	31
970	32
971	35
972	32
973	33
974	34
975	37
976	43
977	36
978	47
979	28
980	32
981	26
982	30
983	30
984	26
985	21
986	24
987	26
988	35
989	32
990	41
991	31
992	32
993	22
994	26
995	33
996	28
997	46
998	82
999	114
1000	227
1001	308
1002	208
1003	157
1004	118
1005	157
1006	108
1007	55
1008	38
1009	32
1010	22
1011	18
1012	41
1013	32
1014	37
1015	30
1016	29
1017	28
1018	36
1019	36
1020	26
1021	31
1022	38
1023	34
1024	36
1025	25
1026	42
1027	39
1028	34
1029	27
1030	36
1031	32
1032	32
1033	26
1034	24
1035	33
1036	30
1037	29
1038	25
1039	31
1040	26
1041	41
1042	29
1043	42
1044	34
1045	43
1046	22
1047	32
1048	28
1049	37
1050	42
1051	33
1052	44
1053	40
1054	40
1055	32
1056	29
1057	25
1058	27
1059	19
1060	18
1061	23
1062	42
1063	25
1064	20
1065	26
1066	28
1067	31
1068	31
1069	37
1070	37
1071	17
1072	31
1073	33
1074	28
1075	34
1076	34
1077	31
1078	39
1079	31
1080	31
1081	40
1082	35
1083	30
1084	46
1085	33
1086	29
1087	28
1088	27
1089	19
1090	24
1091	30
1092	30
1093	23
1094	32
1095	29
1096	33
1097	20
1098	33
1099	26
1100	36
1101	33
1102	20
1103	24
1104	19
1105	33
1106	35
1107	33
1108	25
1109	25
1110	30
1111	38
1112	31
1113	28
1114	27
1115	31
1116	25
1117	36
1118	26
1119	32
1120	48
1121	103
1122	232
1123	324
1124	214
1125	105
1126	44
1127	41
1128	30
1129	35
1130	30
1131	29
1132	21
1133	28
1134	34
1135	35
1136	29
1137	42
1138	40
1139	33
1140	30
1141	38
1142	39
1143	31
1144	31
1145	19
1146	29
1147	27
1148	33
1149	27
1150	26
1151	27
1152	28
1153	27
1154	32
1155	27
1156	24
1157	31
1158	25
1159	34
1160	28
1161	27
1162	34
1163	30
1164	27
1165	34
1166	28
1167	32
1168	30
1169	32
1170	35
1171	36
1172	37
1173	28
1174	43
1175	24
1176	30
1177	29
1178	29
1179	31
1180	34
1181	35
1182	22
1183	30
1184	36
1185	36
1186	34
1187	19
1188	23
1189	27
1190	28
1191	38
1192	28
1193	26
1194	36
1195	30
1196	36
1197	34
1198	30
1199	41
1200	28
1201	50
1202	36
1203	28
1204	28
1205	35
1206	32
1207	23
1208	27
1209	32
1210	51
1211	131
1212	320
1213	395
1214	299
1215	154
1216	47
1217	39
1218	30
1219	38
1220	39
1221	26
1222	40
1223	28
1224	27
1225	23
1226	25
1227	29
1228	22
1229	28
1230	20
1231	28
1232	25
1233	21
1234	31
1235	24
1236	27
1237	24
1238	24
1239	29
1240	23
1241	30
1242	21
1243	40
1244	29
1245	32
1246	28
1247	39
1248	30
1249	29
1250	25
1251	33
1252	28
1253	16
1254	22
1255	29
1256	38
1257	31
1258	30
1259	34
1260	43
1261	36
1262	37
1263	25
1264	32
1265	37
1266	38
1267	30
1268	23
1269	33
1270	32
1271	31
1272	29
1273	32
1274	24
1275	30
1276	24
1277	22
1278	25
1279	23
1280	26
1281	28
1282	25
1283	30
1284	36
1285	22
1286	37
1287	31
1288	27
1289	28
1290	20
1291	34
1292	34
1293	32
1294	29
1295	26
1296	33
1297	32
1298	29
1299	33
1300	27
1301	24
1302	19
1303	27
1304	28
1305	30
1306	31
1307	16
1308	16
1309	33
1310	26
1311	27
1312	19
1313	34
1314	27
1315	19
1316	44
1317	31
1318	41
1319	31
1320	27
1321	29
1322	29
1323	23
1324	23
1325	25
1326	30
1327	18
1328	28
1329	19
1330	32
1331	21
1332	31
1333	36
1334	72
1335	54
1336	63
1337	45
1338	25
1339	37
1340	28
1341	28
1342	27
1343	43
1344	38
1345	44
1346	42
1347	31
1348	37
1349	36
1350	38
1351	40
1352	29
1353	32
1354	27
1355	29
1356	32
1357	34
1358	36
1359	21
1360	30
1361	29
1362	25
1363	33
1364	21
1365	41
1366	39
1367	32
1368	23
1369	20
1370	27
1371	20
1372	26
1373	33
1374	38
1375	49
1376	42
1377	34
1378	35
1379	31
1380	26
1381	31
1382	23
1383	36
1384	21
1385	37
1386	36
1387	32
1388	31
1389	33
1390	28
1391	38
1392	31
1393	31
1394	26
1395	28
1396	34
1397	41
1398	30
1399	42
1400	31
1401	30
1402	25
1403	24
1404	25
1405	30
1406	39
1407	34
1408	22
1409	33
1410	41
1411	29
1412	36
1413	37
1414	28
1415	36
1416	28
1417	35
1418	27
1419	34
1420	36
1421	29
1422	46
1423	28
1424	40
1425	32
1426	35
1427	27
1428	34
1429	34
1430	31
1431	44
1432	39
1433	36
1434	37
1435	37
1436	32
1437	31
1438	32
1439	32
1440	43
1441	34
1442	40
1443	33
1444	38
1445	29
1446	29
1447	23
1448	38
1449	27
1450	25
1451	39
1452	32
1453	37
1454	34
1455	32
1456	31
1457	39
1458	34
1459	49
1460	25
1461	34
1462	43
1463	29
1464	41
1465	27
1466	32
1467	27
1468	17
1469	20
1470	24
1471	21
1472	21
1473	33
1474	23
1475	39
1476	40
1477	27
1478	32
1479	46
1480	39
1481	36
1482	31
1483	24
1484	41
1485	32
1486	40
1487	36
1488	26
1489	22
1490	26
1491	36
1492	26
1493	26
1494	35
1495	31
1496	32
1497	29
1498	30
1499	30
1500	23
1501	27
1502	25
1503	21
1504	36
1505	34
1506	32
1507	39
1508	44
1509	30
1510	30
1511	32
1512	31
1513	34
1514	23
1515	32
1516	35
1517	37
1518	31
1519	35
1520	37
1521	32
1522	33
1523	28
1524	36
1525	31
1526	34
1527	48
1528	38
1529	32
1530	26
1531	31
1532	34
1533	44
1534	28
1535	29
1536	32
1537	40
1538	42
1539	49
1540	64
1541	87
1542	88
1543	78
1544	61
1545	57
1546	50
1547	55
1548	52
1549	36
1550	35
1551	34
1552	39
1553	45
1554	36
1555	34
1556	43
1557	27
1558	34
1559	34
1560	25
1561	29
1562	30
1563	37
1564	34
1565	26
1566	37
1567	38
1568	27
1569	18
1570	31
1571	37
1572	43
1573	40
1574	45
1575	25
1576	37
1577	29
1578	38
1579	26
1580	36
1581	34
1582	39
1583	33
1584	45
1585	45
1586	47
1587	29
1588	38
1589	44
1590	35
1591	35
1592	29
1593	35
1594	44
1595	48
1596	34
1597	38
1598	41
1599	39
1600	55
1601	71
1602	59
1603	35
1604	30
1605	33
1606	21
1607	22
1608	27
1609	38
1610	26
1611	26
1612	29
1613	35
1614	38
1615	34
1616	29
1617	39
1618	27
1619	27
1620	39
1621	40
1622	25
1623	34
1624	23
1625	21
1626	31
1627	31
1628	35
1629	21
1630	26
1631	29
1632	38
1633	37
1634	25
1635	35
1636	26
1637	39
1638	30
1639	29
1640	30
1641	26
1642	33
1643	28
1644	26
1645	35
1646	39
1647	30
1648	33
1649	23
1650	28
1651	23
1652	34
1653	24
1654	24
1655	26
1656	19
1657	34
1658	32
1659	35
1660	34
1661	27
1662	40
1663	37
1664	31
1665	23
1666	29
1667	37
1668	29
1669	29
1670	30
1671	18
1672	34
1673	27
1674	29
1675	23
1676	23
1677	35
1678	35
1679	29
1680	34
1681	40
1682	39
1683	23
1684	25
1685	24
1686	22
1687	20
1688	21
1689	25
1690	21
1691	25
1692	26
1693	24
1694	16
1695	27
1696	30
1697	26
1698	25
1699	33
1700	24
1701	21
1702	26
1703	37
1704	30
1705	30
1706	32
1707	29
1708	23
1709	27
1710	40
1711	40
1712	28
1713	37
1714	25
1715	25
1716	31
1717	23
1718	31
1719	22
1720	33
1721	19
1722	29
1723	30
1724	27
1725	25
1726	31
1727	24
1728	28
1729	35
1730	31
1731	21
1732	21
1733	23
1734	28
1735	34
1736	27
1737	30
1738	38
1739	34
1740	37
1741	31
1742	22
1743	34
1744	22
1745	33
1746	39
1747	32
1748	26
1749	16
1750	29
1751	27
1752	23
1753	37
1754	21
1755	39
1756	19
1757	33
1758	26
1759	19
1760	27
1761	39
1762	28
1763	30
1764	21
1765	33
1766	15
1767	18
1768	30
1769	24
1770	30
1771	30
1772	18
1773	32
1774	33
1775	30
1776	24
1777	23
1778	24
1779	18
1780	19
1781	24
1782	30
1783	24
1784	32
1785	23
1786	28
1787	32
1788	25
1789	35
1790	30
1791	37
1792	37
1793	33
1794	27
1795	29
1796	25
1797	23
1798	25
1799	27
1800	37
1801	23
1802	27
1803	32
1804	24
1805	28
1806	23
1807	23
1808	17
1809	22
1810	31
1811	32
1812	24
1813	27
1814	25
1815	33
1816	29
1817	25
1818	25
1819	30
1820	31
1821	27
1822	29
1823	16
1824	26
1825	35
1826	26
1827	22
1828	39
1829	36
1830	24
1831	32
1832	27
1833	32
1834	27
1835	34
1836	39
1837	25
1838	26
1839	28
1840	19
1841	34
1842	23
1843	37
1844	30
1845	33
1846	30
1847	38
1848	24
1849	15
1850	23
1851	21
1852	32
1853	50
1854	47
1855	24
1856	42
1857	33
1858	24
1859	19
1860	26
1861	26
1862	20
1863	21
1864	28
1865	29
1866	21
1867	34
1868	28
1869	32
1870	28
1871	32
1872	28
1873	29
1874	17
1875	22
1876	26
1877	25
1878	46
1879	47
1880	84
1881	89
1882	82
1883	55
1884	41
1885	33
1886	31
1887	26
1888	32
1889	31
1890	28
1891	35
1892	33
1893	15
1894	31
1895	38
1896	25
1897	19
1898	21
1899	22
1900	24
1901	33
1902	34
1903	23
1904	11
1905	18
1906	33
1907	31
1908	29
1909	21
1910	30
1911	30
1912	28
1913	29
1914	36
1915	22
1916	17
1917	26
1918	18
1919	15
1920	23
1921	23
1922	33
1923	29
1924	20
1925	23
1926	31
1927	31
1928	30
1929	15
1930	34
1931	26
1932	20
1933	23
1934	31
1935	23
1936	18
1937	26
1938	15
1939	36
1940	30
1941	30
1942	31
1943	33
1944	49
1945	32
1946	43
1947	41
1948	46
1949	40
1950	32
1951	23
1952	16
1953	28
1954	32
1955	32
1956	26
1957	25
1958	41
1959	26
1960	30
1961	20
1962	18
1963	34
1964	43
1965	39
1966	37
1967	26
1968	32
1969	27
1970	21
1971	37
1972	13
1973	20
1974	31
1975	27
1976	32
1977	26
1978	18
1979	28
1980	27
1981	32
1982	29
1983	27
1984	27
1985	29
1986	34
1987	30
1988	41
1989	30
1990	27
1991	17
1992	36
1993	31
1994	23
1995	29
1996	38
1997	26
1998	24
1999	28
2000	34
2001	30
2002	21
2003	36
2004	31
2005	20
2006	26
2007	26
2008	28
2009	20
2010	25
2011	27
2012	43
2013	30
2014	25
2015	31
2016	28
2017	28
2018	34
2019	39
2020	35
2021	26
2022	27
2023	24
2024	27
2025	18
2026	29
2027	27
2028	29
2029	22
2030	19
2031	33
2032	24
2033	17
2034	19
2035	30
2036	31
2037	27
2038	31
2039	22
2040	22
2041	41
2042	31
2043	26
2044	30
2045	25
2046	24
2047	39
2048	39
2049	32
2050	29
2051	23
2052	30
2053	26
2054	18
2055	31
2056	21
2057	26
2058	30
2059	38
2060	43
2061	51
2062	47
2063	53
2064	60
2065	53
2066	38
2067	27
2068	28
2069	33
2070	31
2071	29
2072	27
2073	29
2074	25
2075	32
2076	38
2077	39
2078	32
2079	38
2080	32
2081	27
2082	25
2083	32
2084	25
2085	19
2086	25
2087	22
2088	36
2089	31
2090	36
2091	24
2092	23
2093	26
2094	19
2095	23
2096	22
2097	23
2098	27
2099	24
2100	29
2101	27
2102	23
2103	24
2104	20
2105	18
2106	28
2107	32
2108	16
2109	27
2110	23
2111	28
2112	23
2113	16
2114	17
2115	21
2116	18
2117	19
2118	29
2119	22
2120	23
2121	27
2122	22
2123	60
2124	142
2125	316
2126	592
2127	758
2128	623
2129	334
2130	144
2131	42
2132	29
2133	25
2134	36
2135	23
2136	14
2137	31
2138	20
2139	19
2140	24
2141	15
2142	22
2143	31
2144	18
2145	29
2146	25
2147	19
2148	24
2149	30
2150	22
2151	21
2152	20
2153	29
2154	27
2155	25
2156	27
2157	13
2158	22
2159	17
2160	24
2161	24
2162	29
2163	29
2164	26
2165	26
2166	20
2167	27
2168	35
2169	18
2170	31
2171	23
2172	27
2173	34
2174	31
2175	24
2176	32
2177	33
2178	22
2179	20
2180	31
2181	30
2182	19
2183	23
2184	20
2185	17
2186	25
2187	17
2188	12
2189	15
2190	21
2191	16
2192	24
2193	21
2194	20
2195	13
2196	25
2197	24
2198	22
2199	20
2200	14
2201	25
2202	21
2203	29
2204	21
2205	23
2206	19
2207	25
2208	18
2209	18
2210	25
2211	25
2212	33
2213	45
2214	56
2215	40
2216	31
2217	18
2218	19
2219	14
2220	20
2221	17
2222	21
2223	11
2224	19
2225	23
2226	14
2227	27
2228	31
2229	20
2230	39
2231	17
2232	21
2233	23
2234	18
2235	18
2236	28
2237	30
2238	25
2239	20
2240	21
2241	22
2242	16
2243	24
2244	26
2245	20
2246	30
2247	26
2248	17
2249	22
2250	16
2251	17
2252	22
2253	19
2254	18
2255	27
2256	23
2257	18
2258	16
2259	23
2260	21
2261	16
2262	25
2263	29
2264	25
2265	20
2266	28
2267	19
2268	12
2269	26
2270	18
2271	21
2272	25
2273	25
2274	29
2275	24
2276	27
2277	22
2278	33
2279	18
2280	24
2281	31
2282	14
2283	27
2284	19
2285	21
2286	14
2287	14
2288	12
2289	21
2290	23
2291	21
2292	35
2293	30
2294	29
2295	22
2296	22
2297	30
2298	30
2299	38
2300	48
2301	14
2302	27
2303	34
2304	15
2305	26
2306	21
2307	24
2308	21
2309	29
2310	17
2311	17
2312	22
2313	24
2314	22
2315	22
2316	26
2317	27
2318	23
2319	26
2320	15
2321	22
2322	19
2323	18
2324	18
2325	23
2326	19
2327	23
2328	29
2329	17
2330	21
2331	28
2332	30
2333	26
2334	33
2335	21
2336	26
2337	17
2338	31
2339	29
2340	30
2341	21
2342	24
2343	37
2344	25
2345	25
2346	18
2347	36
2348	26
2349	19
2350	32
2351	19
2352	24
2353	23
2354	15
2355	20
2356	16
2357	21
2358	21
2359	27
2360	32
2361	32
2362	30
2363	32
2364	19
2365	33
2366	54
2367	116
2368	201
2369	213
2370	173
2371	141
2372	61
2373	32
2374	30
2375	41
2376	25
2377	25
2378	25
2379	28
2380	17
2381	29
2382	24
2383	35
2384	39
2385	27
2386	27
2387	20
2388	35
2389	28
2390	28
2391	25
2392	33
2393	25
2394	38
2395	23
2396	27
2397	33
2398	25
2399	29
2400	16
2401	21
2402	23
2403	32
2404	25
2405	35
2406	28
2407	24
2408	26
2409	26
2410	28
2411	16
2412	10
2413	17
2414	22
2415	24
2416	23
2417	18
2418	18
2419	21
2420	15
2421	17
2422	25
2423	19
2424	20
2425	18
2426	24
2427	18
2428	30
2429	40
2430	28
2431	34
2432	28
2433	33
2434	25
2435	20
2436	28
2437	20
2438	29
2439	28
2440	16
2441	18
2442	30
2443	20
2444	32
2445	25
2446	20
2447	21
2448	21
2449	22
2450	29
2451	33
2452	31
2453	30
2454	15
2455	17
2456	22
2457	20
2458	28
2459	23
2460	31
2461	31
2462	21
2463	20
2464	20
2465	21
2466	23
2467	25
2468	15
2469	22
2470	23
2471	19
2472	30
2473	24
2474	19
2475	23
2476	17
2477	19
2478	19
2479	25
2480	22
2481	19
2482	22
2483	21
2484	22
2485	24
2486	15
2487	12
2488	24
2489	23
2490	19
2491	11
2492	13
2493	15
2494	13
2495	12
2496	15
2497	9
2498	12
2499	13
2500	15
2501	17
2502	13
2503	18
2504	18
2505	17
2506	24
2507	19
2508	15
2509	19
2510	33
2511	45
2512	30
2513	27
2514	27
2515	11
2516	19
2517	19
2518	18
2519	16
2520	17
2521	22
2522	20
2523	16
2524	15
2525	20
2526	20
2527	18
2528	19
2529	27
2530	31
2531	24
2532	14
2533	18
2534	21
2535	20
2536	22
2537	21
2538	19
2539	16
2540	22
2541	24
2542	22
2543	28
2544	17
2545	24
2546	18
2547	15
2548	5
2549	12
2550	9
2551	7
2552	10
2553	15
2554	12
2555	19
2556	14
2557	19
2558	15
2559	13
2560	15
2561	9
2562	5
2563	17
2564	20
2565	13
2566	12
2567	18
2568	14
2569	19
2570	12
2571	14
2572	15
2573	18
2574	16
2575	21
2576	14
2577	11
2578	11
2579	8
2580	12
2581	10
2582	14
2583	15
2584	16
2585	20
2586	19
2587	17
2588	14
2589	14
2590	13
2591	16
2592	11
2593	15
2594	14
2595	6
2596	7
2597	14
2598	11
2599	10
2600	15
2601	7
2602	8
2603	11
2604	16
2605	9
2606	16
2607	9
2608	15
2609	12
2610	12
2611	14
2612	10
2613	17
2614	19
2615	16
2616	15
2617	15
2618	18
2619	18
2620	11
2621	12
2622	18
2623	23
2624	14
2625	14
2626	21
2627	21
2628	32
2629	71
2630	164
2631	328
2632	571
2633	653
2634	581
2635	363
2636	167
2637	58
2638	29
2639	15
2640	9
2641	9
2642	9
2643	12
2644	15
2645	16
2646	14
2647	8
2648	19
2649	14
2650	7
2651	16
2652	12
2653	10
2654	12
2655	14
2656	3
2657	11
2658	11
2659	10
2660	8
2661	16
2662	17
2663	10
2664	11
2665	11
2666	12
2667	11
2668	9
2669	9
2670	12
2671	9
2672	7
2673	15
2674	18
2675	8
2676	9
2677	12
2678	13
2679	10
2680	10
2681	13
2682	11
2683	13
2684	6
2685	16
2686	18
2687	11
2688	9
2689	14
2690	13
2691	9
2692	15
2693	11
2694	16
2695	14
2696	11
2697	8
2698	16
2699	17
2700	27
2701	38
2702	31
2703	36
2704	25
2705	10
2706	12
2707	11
2708	11
2709	10
2710	7
2711	11
2712	9
2713	9
2714	14
2715	8
2716	6
2717	12
2718	18
2719	16
2720	17
2721	10
2722	13
2723	11
2724	13
2725	17
2726	13
2727	18
2728	9
2729	10
2730	14
2731	10
2732	12
2733	6
2734	10
2735	11
2736	10
2737	12
2738	16
2739	12
2740	22
2741	10
2742	21
2743	20
2744	39
2745	29
2746	38
2747	33
2748	32
2749	17
2750	18
2751	12
2752	18
2753	12
2754	12
2755	9
2756	17
2757	11
2758	13
2759	10
2760	18
2761	8
2762	17
2763	11
2764	13
2765	9
2766	12
2767	10
2768	20
2769	14
2770	14
2771	6
2772	9
2773	5
2774	11
2775	7
2776	5
2777	13
2778	6
2779	12
2780	14
2781	14
2782	9
2783	12
2784	16
2785	10
2786	10
2787	10
2788	12
2789	6
2790	8
2791	17
2792	19
2793	17
2794	18
2795	4
2796	10
2797	9
2798	10
2799	8
2800	11
2801	8
2802	8
2803	13
2804	10
2805	13
2806	12
2807	8
2808	10
2809	10
2810	13
2811	11
2812	9
2813	5
2814	11
2815	10
2816	11
2817	14
2818	8
2819	16
2820	12
2821	8
2822	9
2823	7
2824	14
2825	5
2826	4
2827	6
2828	7
2829	7
2830	12
2831	6
2832	7
2833	8
2834	12
2835	7
2836	6
2837	11
2838	7
2839	11
2840	8
2841	11
2842	11
2843	14
2844	8
2845	12
2846	13
2847	14
2848	6
2849	15
2850	13
2851	7
2852	11
2853	7
2854	10
2855	3
2856	5
2857	8
2858	7
2859	10
2860	8
2861	10
2862	10
2863	8
2864	7
2865	10
2866	6
2867	6
2868	15
2869	10
2870	13
2871	7
2872	10
2873	6
2874	10
2875	7
2876	14
2877	7
2878	15
2879	13
2880	6
2881	9
2882	13
2883	9
2884	6
2885	19
2886	12
2887	4
2888	7
2889	7
2890	8
2891	9
2892	7
2893	19
2894	11
2895	9
2896	12
2897	12
2898	8
2899	14
2900	14
2901	5
2902	5
2903	11
2904	12
2905	9
2906	14
2907	13
2908	10
2909	18
2910	9
2911	8
2912	13
2913	12
2914	17
2915	15
2916	11
2917	18
2918	8
2919	4
2920	2
2921	5
2922	8
2923	10
2924	15
2925	6
2926	4
2927	10
2928	8
2929	6
2930	11
2931	11
2932	11
2933	11
2934	12
2935	8
2936	7
2937	7
2938	8
2939	9
2940	8
2941	11
2942	9
2943	4
2944	9
2945	14
2946	9
2947	8
2948	11
2949	12
2950	7
2951	6
2952	8
2953	8
2954	12
2955	7
2956	9
2957	10
2958	12
2959	13
2960	10
2961	24
2962	40
2963	115
2964	252
2965	354
2966	416
2967	323
2968	225
2969	114
2970	46
2971	20
2972	14
2973	29
2974	32
2975	65
2976	84
2977	62
2978	51
2979	14
2980	14
2981	16
2982	4
2983	12
2984	12
2985	9
2986	9
2987	14
2988	13
2989	12
2990	13
2991	15
2992	7
2993	12
2994	17
2995	14
2996	11
2997	12
2998	11
2999	8
3000	10
3001	7
3002	10
3003	7
3004	6
3005	11
3006	8
3007	7
3008	7
3009	11
3010	4
3011	11
3012	10
3013	7
3014	6
3015	8
3016	10
3017	9
3018	8
3019	7
3020	7
3021	9
3022	5
3023	6
3024	8
3025	8
3026	11
3027	12
3028	15
3029	15
3030	20
3031	13
3032	18
3033	44
3034	142
3035	284
3036	409
3037	481
3038	454
3039	268
3040	135
3041	72
3042	18
3043	15
3044	12
3045	13
3046	11
3047	7
3048	8
3049	10
3050	12
3051	6
3052	11
3053	15
3054	14
3055	7
3056	9
3057	4
3058	9
3059	2
3060	5
3061	7
3062	10
3063	14
3064	23
3065	55
3066	55
3067	86
3068	78
3069	82
3070	50
3071	27
3072	19
3073	14
3074	11
3075	14
3076	15
3077	8
3078	13
3079	9
3080	6
3081	9
3082	11
3083	13
3084	9
3085	9
3086	4
3087	8
3088	8
3089	11
3090	8
3091	3
3092	9
3093	8
3094	5
3095	9
3096	6
3097	18
3098	9
3099	10
3100	10
3101	10
3102	15
3103	10
3104	8
3105	8
3106	10
3107	7
3108	14
3109	15
3110	7
3111	14
3112	7
3113	7
3114	9
3115	9
3116	13
3117	3
3118	3
3119	5
3120	12
3121	9
3122	6
3123	7
3124	7
3125	6
3126	7
3127	10
3128	10
3129	11
3130	9
3131	14
3132	9
3133	10
3134	11
3135	13
3136	7
3137	8
3138	11
3139	15
3140	10
3141	13
3142	10
3143	13
3144	10
3145	12
3146	8
3147	17
3148	13
3149	8
3150	10
3151	8
3152	8
3153	9
3154	10
3155	12
3156	9
3157	9
3158	12
3159	12
3160	8
3161	2
3162	10
3163	13
3164	11
3165	12
3166	11
3167	11
3168	14
3169	7
3170	9
3171	14
3172	7
3173	12
3174	14
3175	18
3176	15
3177	12
3178	10
3179	11
3180	12
3181	6
3182	10
3183	3
3184	14
3185	7
3186	7
3187	9
3188	10
3189	9
3190	7
3191	11
3192	14
3193	12
3194	11
3195	12
3196	18
3197	8
3198	15
3199	7
3200	14
3201	13
3202	17
3203	14
3204	8
3205	11
3206	10
3207	12
3208	10
3209	10
3210	15
3211	14
3212	16
3213	8
3214	11
3215	13
3216	15
3217	12
3218	13
3219	14
3220	12
3221	10
3222	17
3223	15
3224	12
3225	12
3226	14
3227	11
3228	11
3229	12
3230	13
3231	20
3232	10
3233	14
3234	12
3235	20
3236	11
3237	17
3238	11
3239	12
3240	16
3241	4
3242	14
3243	13
3244	15
3245	9
3246	15
3247	13
3248	16
3249	24
3250	16
3251	17
3252	18
3253	8
3254	11
3255	11
3256	7
3257	5
3258	3
3259	8
3260	6
3261	9
3262	6
3263	7
3264	4
3265	9
3266	9
3267	7
3268	4
3269	9
3270	7
3271	7
3272	5
3273	5
3274	4
3275	9
3276	6
3277	6
3278	4
3279	11
3280	5
3281	9
3282	12
3283	5
3284	6
3285	9
3286	9
3287	8
3288	8
3289	5
3290	4
3291	6
3292	6
3293	7
3294	6
3295	6
3296	8
3297	9
3298	4
3299	7
3300	9
3301	4
3302	4
3303	6
3304	5
3305	4
3306	6
3307	9
3308	10
3309	15
3310	16
3311	31
3312	46
3313	45
3314	30
3315	41
3316	9
3317	6
3318	10
3319	4
3320	8
3321	3
3322	9
3323	6
3324	4
3325	3
3326	6
3327	11
3328	4
3329	6
3330	7
3331	7
3332	4
3333	8
3334	12
3335	6
3336	4
3337	7
3338	12
3339	6
3340	13
3341	6
3342	6
3343	2
3344	6
3345	9
3346	10
3347	3
3348	7
3349	7
3350	4
3351	5
3352	4
3353	5
3354	5
3355	6
3356	2
3357	3
3358	6
3359	11
3360	4
3361	4
3362	9
3363	10
3364	8
3365	14
3366	30
3367	42
3368	58
3369	70
3370	69
3371	53
3372	34
3373	21
3374	15
3375	6
3376	8
3377	11
3378	7
3379	2
3380	5
3381	3
3382	8
3383	7
3384	4
3385	6
3386	4
3387	11
3388	3
3389	4
3390	8
3391	6
3392	8
3393	6
3394	5
3395	5
3396	6
3397	8
3398	7
3399	7
3400	5
3401	8
3402	9
3403	3
3404	5
3405	9
3406	4
3407	6
3408	5
3409	2
3410	4
3411	7
3412	10
3413	12
3414	8
3415	9
3416	7
3417	10
3418	2
3419	3
3420	3
3421	3
3422	7
3423	6
3424	2
3425	2
3426	7
3427	6
3428	8
3429	5
3430	7
3431	2
3432	6
3433	3
3434	6
3435	4
3436	8
3437	5
3438	5
3439	2
3440	4
3441	1
3442	4
3443	3
3444	6
3445	7
3446	6
3447	2
3448	6
3449	4
3450	5
3451	7
3452	5
3453	0
3454	4
3455	8
3456	5
3457	10
3458	5
3459	4
3460	8
3461	8
3462	2
3463	4
3464	2
3465	2
3466	3
3467	4
3468	6
3469	4
3470	3
3471	4
3472	1
3473	5
3474	3
3475	5
3476	4
3477	5
3478	3
3479	3
3480	1
3481	1
3482	6
3483	5
3484	5
3485	9
3486	4
3487	2
3488	4
3489	1
3490	2
3491	4
3492	7
3493	1
3494	4
3495	5
3496	4
3497	4
3498	5
3499	3
3500	0
3501	4
3502	3
3503	5
3504	2
3505	3
3506	1
3507	2
3508	2
3509	1
3510	4
3511	3
3512	1
3513	3
3514	1
3515	1
3516	1
3517	3
3518	2
3519	5
3520	2
3521	2
3522	2
3523	1
3524	1
3525	3
3526	3
3527	8
3528	4
3529	4
3530	6
3531	14
3532	4
3533	8
3534	1
3535	4
3536	1
3537	3
3538	0
3539	1
3540	1
3541	5
3542	7
3543	3
3544	6
3545	16
3546	28
3547	34
3548	41
3549	41
3550	35
3551	17
3552	5
3553	4
3554	2
3555	5
3556	3
3557	0
3558	1
3559	4
3560	1
3561	3
3562	2
3563	4
3564	2
3565	5
3566	2
3567	6
3568	2
3569	4
3570	2
3571	0
3572	3
3573	0
3574	0
3575	3
3576	2
3577	2
3578	1
3579	4
3580	7
3581	0
3582	3
3583	3
3584	3
3585	0
3586	1
3587	5
3588	1
3589	0
3590	0
3591	1
3592	6
3593	0
3594	2
3595	3
3596	2
3597	1
3598	1
3599	1
3600	3
3601	1
3602	5
3603	0
3604	1
3605	0
3606	0
3607	1
3608	1
3609	1
3610	1
3611	2
3612	1
3613	1
3614	1
3615	1
3616	6
3617	3
3618	1
3619	3
3620	3
3621	0
3622	1
3623	1
3624	5
3625	0
3626	3
3627	1
3628	0
3629	2
3630	1
3631	0
3632	3
3633	1
3634	4
3635	2
3636	1
3637	1
3638	1
3639	0
3640	0
3641	1
3642	2
3643	4
3644	8
3645	5
3646	2
3647	2
3648	3
3649	1
3650	0
3651	1
3652	1
3653	1
3654	0
3655	1
3656	0
3657	2
3658	4
3659	0
3660	0
3661	3
3662	0
3663	0
3664	0
3665	0
3666	0
3667	1
3668	1
3669	3
3670	0
3671	0
3672	1
3673	0
3674	0
3675	1
3676	0
3677	2
3678	1
3679	4
3680	0
3681	1
3682	1
3683	0
3684	3
3685	0
3686	0
3687	1
3688	2
3689	0
3690	0
3691	2
3692	1
3693	2
3694	0
3695	1
3696	1
3697	3
3698	1
3699	1
3700	1
3701	1
3702	1
3703	1
3704	0
3705	1
3706	0
3707	1
3708	1
3709	2
3710	2
3711	2
3712	3
3713	2
3714	1
3715	3
3716	2
3717	1
3718	2
3719	2
3720	2
3721	1
3722	1
3723	3
3724	1
3725	5
3726	1
3727	3
3728	1
3729	3
3730	0
3731	0
3732	3
3733	3
3734	2
3735	3
3736	2
3737	0
3738	1
3739	6
3740	1
3741	1
3742	1
3743	0
3744	2
3745	3
3746	1
3747	1
3748	0
3749	0
3750	2
3751	1
3752	3
3753	0
3754	0
3755	0
3756	0
3757	0
3758	0
3759	2
3760	1
3761	2
3762	0
3763	1
3764	0
3765	0
3766	2
3767	0
3768	1
3769	0
3770	2
3771	1
3772	4
3773	0
3774	2
3775	0
3776	0
3777	2
3778	0
3779	0
3780	0
3781	1
3782	0
3783	2
3784	1
3785	0
3786	0
3787	3
3788	0
3789	1
3790	0
3791	1
3792	0
3793	0
3794	1
3795	1
3796	0
3797	1
3798	0
3799	2
3800	2
3801	2
3802	0
3803	1
3804	0
3805	1
3806	0
3807	4
3808	0
3809	1
3810	2
3811	3
3812	1
3813	3
3814	0
3815	2
3816	1
3817	3
3818	3
3819	2
3820	1
3821	1
3822	1
3823	3
3824	1
3825	2
3826	1
3827	6
3828	1
3829	0
3830	0
3831	1
3832	3
3833	3
3834	1
3835	1
3836	2
3837	0
3838	1
3839	11
3840	24
3841	83
3842	184
3843	366
3844	501
3845	523
3846	468
3847	327
3848	186
3849	77
3850	22
3851	9
3852	4
3853	0
3854	0
3855	0
3856	1
3857	1
3858	0
3859	0
3860	0
3861	0
3862	0
3863	2
3864	0
3865	0
3866	0
3867	0
3868	2
3869	0
3870	0
3871	0
3872	1
3873	2
3874	0
3875	0
3876	0
3877	0
3878	0
3879	0
3880	1
3881	0
3882	0
3883	0
3884	0
3885	0
3886	0
3887	1
3888	0
3889	0
3890	0
3891	0
3892	1
3893	0
3894	0
3895	1
3896	0
3897	0
3898	1
3899	0
3900	0
3901	2
3902	0
3903	1
3904	0
3905	0
3906	1
3907	3
3908	2
3909	1
3910	0
3911	1
3912	1
3913	1
3914	2
3915	4
3916	8
3917	3
3918	5
3919	1
3920	1
3921	1
3922	0
3923	0
3924	0
3925	0
3926	0
3927	0
3928	0
3929	0
3930	0
3931	0
3932	0
3933	1
3934	0
3935	0
3936	0
3937	0
3938	0
3939	0
3940	0
3941	0
3942	1
3943	1
3944	0
3945	2
3946	1
3947	0
3948	0
3949	0
3950	1
3951	0
3952	0
3953	1
3954	2
3955	4
3956	3
3957	3
3958	2
3959	0
3960	0
3961	1
3962	1
3963	0
3964	0
3965	0
3966	1
3967	1
3968	3
3969	2
3970	1
3971	0
3972	0
3973	0
3974	2
3975	0
3976	1
3977	3
3978	0
3979	9
3980	7
3981	11
3982	5
3983	3
3984	2
3985	2
3986	0
3987	0
3988	0
3989	0
3990	0
3991	0
3992	1
3993	0
3994	0
3995	0
3996	0
3997	0
3998	0
3999	0
4000	0
4001	1
4002	1
4003	0
4004	0
4005	0
4006	0
4007	1
4008	0
4009	0
4010	0
4011	0
4012	0
4013	0
4014	0
4015	0
4016	0
4017	0
4018	0
4019	0
4020	0
4021	0
4022	0
4023	0
4024	0
4025	0
4026	0
4027	0
4028	1
4029	0
4030	0
4031	0
4032	0
4033	0
4034	0
4035	0
4036	0
4037	0
4038	0
4039	0
4040	0
4041	0
4042	0
4043	0
4044	0
4045	1
4046	0
4047	0
4048	0
4049	0
4050	0
4051	0
4052	0
4053	0
4054	1
4055	1
4056	0
4057	0
4058	0
4059	0
4060	1
4061	0
4062	1
4063	0
4064	0
4065	0
4066	0
4067	2
4068	1
4069	0
4070	0
4071	2
4072	0
4073	0
4074	0
4075	0
4076	0
4077	0
4078	0
4079	0
4080	0
4081	0
4082	0
4083	0
4084	1
4085	1
4086	1
4087	1
4088	0
4089	0
4090	0
4091	1
4092	0
4093	0
4094	1
4095	0
4096	0
4097	0
4098	0
4099	1
4100	0
4101	0
4102	0
4103	0
4104	1
4105	0
4106	0
4107	0
4108	0
4109	0
4110	0
4111	0
4112	0
4113	0
4114	0
4115	0
4116	0
4117	0
4118	0
4119	0
4120	0
4121	0
4122	0
4123	0
4124	0
4125	0
4126	0
4127	0
4128	0
4129	0
4130	0
4131	1
4132	2
4133	1
4134	1
4135	0
4136	0
4137	0
4138	1
4139	0
4140	0
4141	1
4142	0
4143	1
4144	0
4145	0
4146	0
4147	0
4148	0
4149	0
4150	0
4151	0
4152	1
4153	0
4154	0
4155	0
4156	1
4157	0
4158	1
4159	0
4160	0
4161	1
4162	0
4163	1
4164	2
4165	0
4166	1
4167	1
4168	1
4169	3
4170	1
4171	9
4172	17
4173	29
4174	45
4175	58
4176	58
4177	69
4178	80
4179	56
4180	37
4181	15
4182	3
4183	3
4184	1
4185	0
4186	0
4187	0
4188	0
4189	0
4190	0
4191	0
4192	0
4193	0
4194	0
4195	0
4196	0
4197	0
4198	0
4199	0
4200	0
4201	0
4202	0
4203	0
4204	0
4205	0
4206	0
4207	1
4208	0
4209	0
4210	0
4211	0
4212	0
4213	0
4214	0
4215	0
4216	0
4217	0
4218	0
4219	0
4220	0
4221	0
4222	0
4223	0
4224	0
4225	0
4226	0
4227	0
4228	0
4229	0
4230	0
4231	0
4232	0
4233	0
4234	0
4235	0
4236	0
4237	0
4238	0
4239	0
4240	0
4241	0
4242	0
4243	0
4244	0
4245	1
4246	0
4247	0
4248	0
4249	0
4250	0
4251	0
4252	0
4253	0
4254	0
4255	0
4256	0
4257	0
4258	0
4259	0
4260	0
4261	0
4262	0
4263	0
4264	0
4265	0
4266	0
4267	0
4268	0
4269	0
4270	0
4271	1
4272	0
4273	1
4274	1
4275	0
4276	1
4277	0
4278	0
4279	0
4280	0
4281	0
4282	0
4283	0
4284	0
4285	0
4286	0
4287	0
4288	0
4289	0
4290	0
4291	0
4292	0
4293	0
4294	0
4295	0
4296	0
4297	0
4298	0
4299	0
4300	0
4301	0
4302	2
4303	0
4304	0
4305	0
4306	0
4307	0
4308	1
4309	1
4310	0
4311	3
4312	4
4313	5
4314	2
4315	1
4316	1
4317	1
4318	0
4319	1
4320	0
4321	0
4322	0
4323	0
4324	0
4325	0
4326	0
4327	0
4328	0
4329	0
4330	0
4331	0
4332	0
4333	0
4334	0
4335	0
4336	0
4337	0
4338	0
4339	0
4340	0
4341	0
4342	0
4343	0
4344	0
4345	0
4346	0
4347	0
4348	0
4349	0
4350	0
4351	0
4352	0
4353	0
4354	0
4355	0
4356	0
4357	0
4358	0
4359	0
4360	0
4361	0
4362	0
4363	0
4364	0
4365	0
4366	0
4367	0
4368	0
4369	0
4370	0
4371	0
4372	1
4373	0
4374	0
4375	0
4376	0
4377	0
4378	0
4379	0
4380	0
4381	0
4382	0
4383	0
4384	0
4385	0
4386	0
4387	0
4388	0
4389	0
4390	0
4391	0
4392	0
4393	1
4394	0
4395	0
4396	0
4397	0
4398	0
4399	0
4400	0
4401	0
4402	0
4403	0
4404	0
4405	0
4406	0
4407	0
4408	0
4409	0
4410	0
4411	0
4412	0
4413	0
4414	0
4415	0
4416	0
4417	0
4418	0
4419	0
4420	0
4421	0
4422	0
4423	0
4424	0
4425	0
4426	0
4427	0
4428	0
4429	0
4430	0
4431	0
4432	0
4433	0
4434	0
4435	0
4436	0
4437	0
4438	0
4439	0
4440	0
4441	0
4442	0
4443	0
4444	0
4445	0
4446	0
4447	0
4448	0
4449	0
4450	0
4451	0
4452	0
4453	0
4454	0
4455	0
4456	0
4457	0
4458	0
4459	0
4460	0
4461	0
4462	0
4463	0
4464	0
4465	0
4466	0
4467	0
4468	0
4469	0
4470	0
4471	0
4472	0
4473	0
4474	0
4475	0
4476	0
4477	0
4478	0
4479	0
4480	0
4481	0
4482	1
4483	0
4484	0
4485	4
4486	3
4487	5
4488	6
4489	7
4490	2
4491	4
4492	2
4493	0
4494	0
4495	0
4496	0
4497	0
4498	1
4499	0
4500	0
4501	3
4502	3
4503	1
4504	2
4505	1
4506	3
4507	1
4508	0
4509	0
4510	0
4511	0
4512	0
4513	0
4514	0
4515	0
4516	0
4517	0
4518	0
4519	0
4520	0
4521	0
4522	0
4523	0
4524	0
4525	0
4526	0
4527	1
4528	1
4529	0
4530	0
4531	0
4532	0
4533	0
4534	0
4535	0
4536	0
4537	0
4538	0
4539	0
4540	0
4541	0
4542	0
4543	0
4544	0
4545	0
4546	0
4547	0
4548	0
4549	0
4550	0
4551	0
4552	0
4553	0
4554	0
4555	0
4556	0
4557	0
4558	0
4559	0
4560	0
4561	0
4562	0
4563	0
4564	0
4565	0
4566	0
4567	0
4568	0
4569	0
4570	0
4571	0
4572	0
4573	0
4574	0
4575	0
4576	0
4577	0
4578	0
4579	0
4580	0
4581	0
4582	0
4583	0
4584	0
4585	0
4586	0
4587	0
4588	0
4589	0
4590	0
4591	0
4592	0
4593	0
4594	0
4595	0
4596	0
4597	0
4598	0
4599	0
4600	0
4601	0
4602	0
4603	0
4604	0
4605	0
4606	0
4607	0
4608	0
4609	0
4610	0
4611	0
4612	0
4613	0
4614	0
4615	0
4616	0
4617	0
4618	0
4619	0
4620	0
4621	0
4622	0
4623	0
4624	0
4625	0
4626	0
4627	0
4628	0
4629	0
4630	0
4631	0
4632	0
4633	0
4634	0
4635	0
4636	0
4637	0
4638	0
4639	0
4640	0
4641	0
4642	0
4643	0
4644	0
4645	0
4646	0
4647	0
4648	0
4649	0
4650	0
4651	0
4652	0
4653	0
4654	0
4655	0
4656	0
4657	0
4658	0
4659	0
4660	0
4661	0
4662	0
4663	0
4664	0
4665	0
4666	0
4667	0
4668	0
4669	0
4670	0
4671	0
4672	0
4673	0
4674	0
4675	0
4676	0
4677	0
4678	0
4679	0
4680	0
4681	0
4682	0
4683	0
4684	0
4685	0
4686	0
4687	0
4688	0
4689	0
4690	0
4691	0
4692	0
4693	0
4694	0
4695	0
4696	0
4697	0
4698	0
4699	0
4700	0
4701	0
4702	0
4703	0
4704	0
4705	0
4706	0
4707	0
4708	0
4709	0
4710	0
4711	0
4712	0
4713	0
4714	0
4715	0
4716	0
4717	0
4718	0
4719	0
4720	0
4721	0
4722	0
4723	0
4724	0
4725	0
4726	0
4727	0
4728	0
4729	0
4730	0
4731	0
4732	0
4733	0
4734	0
4735	0
4736	0
4737	0
4738	0
4739	0
4740	0
4741	0
4742	0
4743	0
4744	0
4745	0
4746	0
4747	0
4748	0
4749	0
4750	0
4751	0
4752	0
4753	0
4754	0
4755	0
4756	0
4757	0
4758	0
4759	0
4760	0
4761	0
4762	0
4763	0
4764	0
4765	0
4766	0
4767	0
4768	0
4769	0
4770	0
4771	0
4772	0
4773	0
4774	0
4775	0
4776	0
4777	0
4778	0
4779	0
4780	0
4781	0
4782	0
4783	0
4784	0
4785	0
4786	0
4787	0
4788	0
4789	0
4790	0
4791	0
4792	0
4793	0
4794	0
4795	0
4796	0
4797	0
4798	0
4799	0
4800	0
4801	0
4802	0
4803	0
4804	0
4805	0
4806	0
4807	0
4808	0
4809	0
4810	0
4811	0
4812	0
4813	0
4814	0
4815	0
4816	0
4817	0
4818	0
4819	0
4820	0
4821	0
4822	0
4823	0
4824	0
4825	0
4826	0
4827	0
4828	0
4829	0
4830	0
4831	0
4832	0
4833	0
4834	0
4835	0
4836	0
4837	0
4838	0
4839	0
4840	0
4841	0
4842	0
4843	0
4844	0
4845	0
4846	0
4847	0
4848	0
4849	0
4850	0
4851	0
4852	0
4853	0
4854	0
4855	0
4856	0
4857	0
4858	0
4859	0
4860	0
4861	0
4862	0
4863	0
4864	0
4865	0
4866	0
4867	0
4868	0
4869	0
4870	0
4871	0
4872	0
4873	0
4874	0
4875	0
4876	0
4877	0
4878	0
4879	0
4880	0
4881	0
4882	0
4883	0
4884	0
4885	0
4886	0
4887	0
4888	0
4889	0
4890	0
4891	0
4892	0
4893	0
4894	0
4895	0
4896	0
4897	0
4898	0
4899	0
4900	0
4901	0
4902	0
4903	0
4904	0
4905	0
4906	0
4907	0
4908	0
4909	0
4910	0
4911	0
4912	0
4913	0
4914	0
4915	0
4916	0
4917	0
4918	0
4919	0
4920	0
4921	0
4922	0
4923	0
4924	0
4925	0
4926	0
4927	0
4928	0
4929	0
4930	0
4931	0
4932	0
4933	0
4934	0
4935	0
4936	0
4937	0
4938	0
4939	0
4940	0
4941	0
4942	0
4943	0
4944	0
4945	0
4946	0
4947	0
4948	0
4949	0
4950	0
4951	0
4952	0
4953	0
4954	0
4955	0
4956	0
4957	0
4958	0
4959	0
4960	0
4961	0
4962	0
4963	0
4964	0
4965	0
4966	0
4967	0
4968	0
4969	0
4970	0
4971	0
4972	0
4973	0
4974	0
4975	0
4976	0
4977	0
4978	0
4979	0
4980	0
4981	0
4982	0
4983	0
4984	0
4985	0
4986	0
4987	0
4988	0
4989	0
4990	0
4991	0
4992	0
4993	0
4994	0
4995	0
4996	0
4997	0
4998	0
4999	0
5000	0
5001	0
5002	0
5003	0
5004	0
5005	0
5006	0
5007	0
5008	0
5009	0
5010	0
5011	0
5012	0
5013	0
5014	0
5015	0
5016	0
5017	0
5018	0
5019	0
5020	0
5021	0
5022	0
5023	0
5024	0
5025	0
5026	0
5027	0
5028	0
5029	0
5030	0
5031	0
5032	0
5033	0
5034	0
5035	0
5036	0
5037	0
5038	0
5039	0
5040	0
5041	0
5042	0
5043	0
5044	0
5045	0
5046	0
5047	0
5048	0
5049	0
5050	0
5051	0
5052	0
5053	0
5054	0
5055	0
5056	0
5057	0
5058	0
5059	0
5060	0
5061	0
5062	0
5063	0
5064	0
5065	0
5066	0
5067	0
5068	0
5069	0
5070	0
5071	0
5072	0
5073	0
5074	0
5075	0
5076	0
5077	0
5078	0
5079	0
5080	0
5081	0
5082	0
5083	0
5084	0
5085	0
5086	0
5087	0
5088	0
5089	0
5090	0
5091	0
5092	0
5093	0
5094	0
5095	0
5096	0
5097	0
5098	0
5099	0
5100	0
5101	0
5102	0
5103	0
5104	0
5105	0
5106	0
5107	0
5108	0
5109	0
5110	0
5111	0
5112	0
5113	0
5114	0
5115	0
5116	0
5117	0
5118	0
5119	0
5120	0
5121	0
5122	0
5123	0
5124	0
5125	0
5126	0
5127	0
5128	0
5129	0
5130	0
5131	0
5132	0
5133	0
5134	0
5135	0
5136	0
5137	0
5138	0
5139	0
5140	0
5141	0
5142	0
5143	0
5144	0
5145	0
5146	0
5147	0
5148	0
5149	0
5150	0
5151	0
5152	0
5153	0
5154	0
5155	0
5156	0
5157	0
5158	0
5159	0
5160	0
5161	0
5162	0
5163	0
5164	0
5165	0
5166	0
5167	0
5168	0
5169	0
5170	0
5171	0
5172	0
5173	0
5174	0
5175	0
5176	0
5177	0
5178	0
5179	0
5180	0
5181	0
5182	0
5183	0
5184	0
5185	0
5186	0
5187	0
5188	0
5189	0
5190	0
5191	0
5192	0
5193	0
5194	0
5195	0
5196	0
5197	0
5198	0
5199	0
5200	0
5201	0
5202	0
5203	0
5204	0
5205	0
5206	0
5207	0
5208	0
5209	0
5210	0
5211	0
5212	0
5213	0
5214	0
5215	0
5216	0
5217	0
5218	0
5219	0
5220	0
5221	0
5222	0
5223	0
5224	0
5225	0
5226	0
5227	0
5228	0
5229	0
5230	0
5231	0
5232	0
5233	0
5234	0
5235	0
5236	0
5237	0
5238	0
5239	0
5240	0
5241	0
5242	0
5243	0
5244	0
5245	0
5246	0
5247	0
5248	0
5249	0
5250	0
5251	0
5252	0
5253	0
5254	0
5255	0
5256	0
5257	0
5258	0
5259	0
5260	0
5261	0
5262	0
5263	0
5264	0
5265	0
5266	0
5267	0
5268	0
5269	0
5270	0
5271	0
5272	0
5273	0
5274	0
5275	0
5276	0
5277	0
5278	0
5279	0
5280	0
5281	0
5282	0
5283	0
5284	0
5285	0
5286	0
5287	0
5288	0
5289	0
5290	0
5291	0
5292	0
5293	0
5294	0
5295	0
5296	0
5297	0
5298	0
5299	0
5300	0
5301	0
5302	0
5303	0
5304	0
5305	0
5306	0
5307	0
5308	0
5309	0
5310	0
5311	0
5312	0
5313	0
5314	0
5315	0
5316	0
5317	0
5318	0
5319	0
5320	0
5321	0
5322	0
5323	0
5324	0
5325	0
5326	0
5327	0
5328	0
5329	0
5330	0
5331	0
5332	0
5333	0
5334	0
5335	0
5336	0
5337	0
5338	0
5339	0
5340	0
5341	0
5342	0
5343	0
5344	0
5345	0
5346	0
5347	0
5348	0
5349	0
5350	0
5351	0
5352	0
5353	0
5354	0
5355	0
5356	0
5357	0
5358	0
5359	0
5360	0
5361	0
5362	0
5363	0
5364	0
5365	0
5366	0
5367	0
5368	0
5369	0
5370	0
5371	0
5372	0
5373	0
5374	0
5375	0
5376	0
5377	0
5378	0
5379	0
5380	0
5381	0
5382	0
5383	0
5384	0
5385	0
5386	0
5387	0
5388	0
5389	0
5390	0
5391	0
5392	0
5393	0
5394	0
5395	0
5396	0
5397	0
5398	0
5399	0
5400	0
5401	0
5402	0
5403	0
5404	0
5405	0
5406	0
5407	0
5408	0
5409	0
5410	0
5411	0
5412	0
5413	0
5414	0
5415	0
5416	0
5417	0
5418	0
5419	0
5420	0
5421	0
5422	0
5423	0
5424	0
5425	0
5426	0
5427	0
5428	0
5429	0
5430	0
5431	0
5432	0
5433	0
5434	0
5435	0
5436	0
5437	0
5438	0
5439	0
5440	0
5441	0
5442	0
5443	0
5444	0
5445	0
5446	0
5447	0
5448	0
5449	0
5450	0
5451	0
5452	0
5453	0
5454	0
5455	0
5456	0
5457	0
5458	0
5459	0
5460	0
5461	0
5462	0
5463	0
5464	0
5465	0
5466	0
5467	0
5468	0
5469	0
5470	0
5471	0
5472	0
5473	0
5474	0
5475	0
5476	0
5477	0
5478	0
5479	0
5480	0
5481	0
5482	0
5483	0
5484	0
5485	0
5486	0
5487	0
5488	0
5489	0
5490	0
5491	0
5492	0
5493	0
5494	0
5495	0
5496	0
5497	0
5498	0
5499	0
5500	0
5501	0
5502	0
5503	0
5504	0
5505	0
5506	0
5507	0
5508	0
5509	0
5510	0
5511	0
5512	0
5513	0
5514	0
5515	0
5516	0
5517	0
5518	0
5519	0
5520	0
5521	0
5522	0
5523	0
5524	0
5525	0
5526	0
5527	0
5528	0
5529	0
5530	0
5531	0
5532	0
5533	0
5534	0
5535	0
5536	0
5537	0
5538	0
5539	0
5540	0
5541	0
5542	0
5543	0
5544	0
5545	0
5546	0
5547	0
5548	0
5549	0
5550	0
5551	0
5552	0
5553	0
5554	0
5555	0
5556	0
5557	0
5558	0
5559	0
5560	0
5561	0
5562	0
5563	0
5564	0
5565	0
5566	0
5567	0
5568	0
5569	0
5570	0
5571	0
5572	0
5573	0
5574	0
5575	0
5576	0
5577	0
5578	0
5579	0
5580	0
5581	0
5582	0
5583	0
5584	0
5585	0
5586	0
5587	0
5588	0
5589	0
5590	0
5591	0
5592	0
5593	0
5594	0
5595	0
5596	0
5597	0
5598	0
5599	0
5600	0
5601	0
5602	0
5603	0
5604	0
5605	0
5606	0
5607	0
5608	0
5609	0
5610	0
5611	0
5612	0
5613	0
5614	0
5615	0
5616	0
5617	0
5618	0
5619	0
5620	0
5621	0
5622	0
5623	0
5624	0
5625	0
5626	0
5627	0
5628	0
5629	0
5630	0
5631	0
5632	0
5633	0
5634	0
5635	0
5636	0
5637	0
5638	0
5639	0
5640	0
5641	0
5642	0
5643	0
5644	0
5645	0
5646	0
5647	0
5648	0
5649	0
5650	0
5651	0
5652	0
5653	0
5654	0
5655	0
5656	0
5657	0
5658	0
5659	0
5660	0
5661	0
5662	0
5663	0
5664	0
5665	0
5666	0
5667	0
5668	0
5669	0
5670	0
5671	0
5672	0
5673	0
5674	0
5675	0
5676	0
5677	0
5678	0
5679	0
5680	0
5681	0
5682	0
5683	0
5684	0
5685	0
5686	0
5687	0
5688	0
5689	0
5690	0
5691	0
5692	0
5693	0
5694	0
5695	0
5696	0
5697	0
5698	0
5699	0
5700	0
5701	0
5702	0
5703	0
5704	0
5705	0
5706	0
5707	0
5708	0
5709	0
5710	0
5711	0
5712	0
5713	0
5714	0
5715	0
5716	0
5717	0
5718	0
5719	0
5720	0
5721	0
5722	0
5723	0
5724	0
5725	0
5726	0
5727	0
5728	0
5729	0
5730	0
5731	0
5732	0
5733	0
5734	0
5735	0
5736	0
5737	0
5738	0
5739	0
5740	0
5741	0
5742	0
5743	0
5744	0
5745	0
5746	0
5747	0
5748	0
5749	0
5750	0
5751	0
5752	0
5753	0
5754	0
5755	0
5756	0
5757	0
5758	0
5759	0
5760	0
5761	0
5762	0
5763	0
5764	0
5765	0
5766	0
5767	0
5768	0
5769	0
5770	0
5771	0
5772	0
5773	0
5774	0
5775	0
5776	0
5777	0
5778	0
5779	0
5780	0
5781	0
5782	0
5783	0
5784	0
5785	0
5786	0
5787	0
5788	0
5789	0
5790	0
5791	0
5792	0
5793	0
5794	0
5795	0
5796	0
5797	0
5798	0
5799	0
5800	0
5801	0
5802	0
5803	0
5804	0
5805	0
5806	0
5807	0
5808	0
5809	0
5810	0
5811	0
5812	0
5813	0
5814	0
5815	0
5816	0
5817	0
5818	0
5819	0
5820	0
5821	0
5822	0
5823	0
5824	0
5825	0
5826	0
5827	0
5828	0
5829	0
5830	0
5831	0
5832	0
5833	0
5834	0
5835	0
5836	0
5837	0
5838	0
5839	0
5840	0
5841	0
5842	0
5843	0
5844	0
5845	0
5846	0
5847	0
5848	0
5849	0
5850	0
5851	0
5852	0
5853	0
5854	0
5855	0
5856	0
5857	0
5858	0
5859	0
5860	0
5861	0
5862	0
5863	0
5864	0
5865	0
5866	0
5867	0
5868	0
5869	0
5870	0
5871	0
5872	0
5873	0
5874	0
5875	0
5876	0
5877	0
5878	0
5879	0
5880	0
5881	0
5882	0
5883	0
5884	0
5885	0
5886	0
5887	0
5888	0
5889	0
5890	0
5891	0
5892	0
5893	0
5894	0
5895	0
5896	0
5897	0
5898	0
5899	0
5900	0
5901	0
5902	0
5903	0
5904	0
5905	0
5906	0
5907	0
5908	0
5909	0
5910	0
5911	0
5912	0
5913	0
5914	0
5915	0
5916	0
5917	0
5918	0
5919	0
5920	0
5921	0
5922	0
5923	0
5924	0
5925	0
5926	0
5927	0
5928	0
5929	0
5930	0
5931	0
5932	0
5933	0
5934	0
5935	0
5936	0
5937	0
5938	0
5939	0
5940	0
5941	0
5942	0
5943	0
5944	0
5945	0
5946	0
5947	0
5948	0
5949	0
5950	0
5951	0
5952	0
5953	0
5954	0
5955	0
5956	0
5957	0
5958	0
5959	0
5960	0
5961	0
5962	0
5963	0
5964	0
5965	0
5966	0
5967	0
5968	0
5969	0
5970	0
5971	0
5972	0
5973	0
5974	0
5975	0
5976	0
5977	0
5978	0
5979	0
5980	0
5981	0
5982	0
5983	0
5984	0
5985	0
5986	0
5987	0
5988	0
5989	0
5990	0
5991	0
5992	0
5993	0
5994	0
5995	0
5996	0
5997	0
5998	0
5999	0
6000	0
6001	0
6002	0
6003	0
6004	0
6005	0
6006	0
6007	0
6008	0
6009	0
6010	0
6011	0
6012	0
6013	0
6014	0
6015	0
6016	0
6017	0
6018	0
6019	0
6020	0
6021	0
6022	0
6023	0
6024	0
6025	0
6026	0
6027	0
6028	0
6029	0
6030	0
6031	0
6032	0
6033	0
6034	0
6035	0
6036	0
6037	0
6038	0
6039	0
6040	0
6041	0
6042	0
6043	0
6044	0
6045	0
6046	0
6047	0
6048	0
6049	0
6050	0
6051	0
6052	0
6053	0
6054	0
6055	0
6056	0
6057	0
6058	0
6059	0
6060	0
6061	0
6062	0
6063	0
6064	0
6065	0
6066	0
6067	0
6068	0
6069	0
6070	0
6071	0
6072	0
6073	0
6074	0
6075	0
6076	0
6077	0
6078	0
6079	0
6080	0
6081	0
6082	0
6083	0
6084	0
6085	0
6086	0
6087	0
6088	0
6089	0
6090	0
6091	0
6092	0
6093	0
6094	0
6095	0
6096	0
6097	0
6098	0
6099	0
6100	0
6101	0
6102	0
6103	0
6104	0
6105	0
6106	0
6107	0
6108	0
6109	0
6110	0
6111	0
6112	0
6113	0
6114	0
6115	0
6116	0
6117	0
6118	0
6119	0
6120	0
6121	0
6122	0
6123	0
6124	0
6125	0
6126	0
6127	0
6128	0
6129	0
6130	0
6131	0
6132	0
6133	0
6134	0
6135	0
6136	0
6137	0
6138	0
6139	0
6140	0
6141	0
6142	0
6143	0
6144	0
6145	0
6146	0
6147	0
6148	0
6149	0
6150	0
6151	0
6152	0
6153	0
6154	0
6155	0
6156	0
6157	0
6158	0
6159	0
6160	0
6161	0
6162	0
6163	0
6164	0
6165	0
6166	0
6167	0
6168	0
6169	0
6170	0
6171	0
6172	0
6173	0
6174	0
6175	0
6176	0
6177	0
6178	0
6179	0
6180	0
6181	0
6182	0
6183	0
6184	0
6185	0
6186	0
6187	0
6188	0
6189	0
6190	0
6191	0
6192	0
6193	0
6194	0
6195	0
6196	0
6197	0
6198	0
6199	0
6200	0
6201	0
6202	0
6203	0
6204	0
6205	0
6206	0
6207	0
6208	0
6209	0
6210	0
6211	0
6212	0
6213	0
6214	0
6215	0
6216	0
6217	0
6218	0
6219	0
6220	0
6221	0
6222	0
6223	0
6224	0
6225	0
6226	0
6227	0
6228	0
6229	0
6230	0
6231	0
6232	0
6233	0
6234	0
6235	0
6236	0
6237	0
6238	0
6239	0
6240	0
6241	0
6242	0
6243	0
6244	0
6245	0
6246	0
6247	0
6248	0
6249	0
6250	0
6251	0
6252	0
6253	0
6254	0
6255	0
6256	0
6257	0
6258	0
6259	0
6260	0
6261	0
6262	0
6263	0
6264	0
6265	0
6266	0
6267	0
6268	0
6269	0
6270	0
6271	0
6272	0
6273	0
6274	0
6275	0
6276	0
6277	0
6278	0
6279	0
6280	0
6281	0
6282	0
6283	0
6284	0
6285	0
6286	0
6287	0
6288	0
6289	0
6290	0
6291	0
6292	0
6293	0
6294	0
6295	0
6296	0
6297	0
6298	0
6299	0
6300	0
6301	0
6302	0
6303	0
6304	0
6305	0
6306	0
6307	0
6308	0
6309	0
6310	0
6311	0
6312	0
6313	0
6314	0
6315	0
6316	0
6317	0
6318	0
6319	0
6320	0
6321	0
6322	0
6323	0
6324	0
6325	0
6326	0
6327	0
6328	0
6329	0
6330	0
6331	0
6332	0
6333	0
6334	0
6335	0
6336	0
6337	0
6338	0
6339	0
6340	0
6341	0
6342	0
6343	0
6344	0
6345	0
6346	0
6347	0
6348	0
6349	0
6350	0
6351	0
6352	0
6353	0
6354	0
6355	0
6356	0
6357	0
6358	0
6359	0
6360	0
6361	0
6362	0
6363	0
6364	0
6365	0
6366	0
6367	0
6368	0
6369	0
6370	0
6371	0
6372	0
6373	0
6374	0
6375	0
6376	0
6377	0
6378	0
6379	0
6380	0
6381	0
6382	0
6383	0
6384	0
6385	0
6386	0
6387	0
6388	0
6389	0
6390	0
6391	0
6392	0
6393	0
6394	0
6395	0
6396	0
6397	0
6398	0
6399	0
6400	0
6401	0
6402	0
6403	0
6404	0
6405	0
6406	0
6407	0
6408	0
6409	0
6410	0
6411	0
6412	0
6413	0
6414	0
6415	0
6416	0
6417	0
6418	0
6419	0
6420	0
6421	0
6422	0
6423	0
6424	0
6425	0
6426	0
6427	0
6428	0
6429	0
6430	0
6431	0
6432	0
6433	0
6434	0
6435	0
6436	0
6437	0
6438	0
6439	0
6440	0
6441	0
6442	0
6443	0
6444	0
6445	0
6446	0
6447	0
6448	0
6449	0
6450	0
6451	0
6452	0
6453	0
6454	0
6455	0
6456	0
6457	0
6458	0
6459	0
6460	0
6461	0
6462	0
6463	0
6464	0
6465	0
6466	0
6467	0
6468	0
6469	0
6470	0
6471	0
6472	0
6473	0
6474	0
6475	0
6476	0
6477	0
6478	0
6479	0
6480	0
6481	0
6482	0
6483	0
6484	0
6485	0
6486	0
6487	0
6488	0
6489	0
6490	0
6491	0
6492	0
6493	0
6494	0
6495	0
6496	0
6497	0
6498	0
6499	0
6500	0
6501	0
6502	0
6503	0
6504	0
6505	0
6506	0
6507	0
6508	0
6509	0
6510	0
6511	0
6512	0
6513	0
6514	0
6515	0
6516	0
6517	0
6518	0
6519	0
6520	0
6521	0
6522	0
6523	0
6524	0
6525	0
6526	0
6527	0
6528	0
6529	0
6530	0
6531	0
6532	0
6533	0
6534	0
6535	0
6536	0
6537	0
6538	0
6539	0
6540	0
6541	0
6542	0
6543	0
6544	0
6545	0
6546	0
6547	0
6548	0
6549	0
6550	0
6551	0
6552	0
6553	0
6554	0
6555	0
6556	0
6557	0
6558	0
6559	0
6560	0
6561	0
6562	0
6563	0
6564	0
6565	0
6566	0
6567	0
6568	0
6569	0
6570	0
6571	0
6572	0
6573	0
6574	0
6575	0
6576	0
6577	0
6578	0
6579	0
6580	0
6581	0
6582	0
6583	0
6584	0
6585	0
6586	0
6587	0
6588	0
6589	0
6590	0
6591	0
6592	0
6593	0
6594	0
6595	0
6596	0
6597	0
6598	0
6599	0
6600	0
6601	0
6602	0
6603	0
6604	0
6605	0
6606	0
6607	0
6608	0
6609	0
6610	0
6611	0
6612	0
6613	0
6614	0
6615	0
6616	0
6617	0
6618	0
6619	0
6620	0
6621	0
6622	0
6623	0
6624	0
6625	0
6626	0
6627	0
6628	0
6629	0
6630	0
6631	0
6632	0
6633	0
6634	0
6635	0
6636	0
6637	0
6638	0
6639	0
6640	0
6641	0
6642	0
6643	0
6644	0
6645	0
6646	0
6647	0
6648	0
6649	0
6650	0
6651	0
6652	0
6653	0
6654	0
6655	0
6656	0
6657	0
6658	0
6659	0
6660	0
6661	0
6662	0
6663	0
6664	0
6665	0
6666	0
6667	0
6668	0
6669	0
6670	0
6671	0
6672	0
6673	0
6674	0
6675	0
6676	0
6677	0
6678	0
6679	0
6680	0
6681	0
6682	0
6683	0
6684	0
6685	0
6686	0
6687	0
6688	0
6689	0
6690	0
6691	0
6692	0
6693	0
6694	0
6695	0
6696	0
6697	0
6698	0
6699	0
6700	0
6701	0
6702	0
6703	0
6704	0
6705	0
6706	0
6707	0
6708	0
6709	0
6710	0
6711	0
6712	0
6713	0
6714	0
6715	0
6716	0
6717	0
6718	0
6719	0
6720	0
6721	0
6722	0
6723	0
6724	0
6725	0
6726	0
6727	0
6728	0
6729	0
6730	0
6731	0
6732	0
6733	0
6734	0
6735	0
6736	0
6737	0
6738	0
6739	0
6740	0
6741	0
6742	0
6743	0
6744	0
6745	0
6746	0
6747	0
6748	0
6749	0
6750	0
6751	0
6752	0
6753	0
6754	0
6755	0
6756	0
6757	0
6758	0
6759	0
6760	0
6761	0
6762	0
6763	0
6764	0
6765	0
6766	0
6767	0
6768	0
6769	0
6770	0
6771	0
6772	0
6773	0
6774	0
6775	0
6776	0
6777	0
6778	0
6779	0
6780	0
6781	0
6782	0
6783	0
6784	0
6785	0
6786	0
6787	0
6788	0
6789	0
6790	0
6791	0
6792	0
6793	0
6794	0
6795	0
6796	0
6797	0
6798	0
6799	0
6800	0
6801	0
6802	0
6803	0
6804	0
6805	0
6806	0
6807	0
6808	0
6809	0
6810	0
6811	0
6812	0
6813	0
6814	0
6815	0
6816	0
6817	0
6818	0
6819	0
6820	0
6821	0
6822	0
6823	0
6824	0
6825	0
6826	0
6827	0
6828	0
6829	0
6830	0
6831	0
6832	0
6833	0
6834	0
6835	0
6836	0
6837	0
6838	0
6839	0
6840	0
6841	0
6842	0
6843	0
6844	0
6845	0
6846	0
6847	0
6848	0
6849	0
6850	0
6851	0
6852	0
6853	0
6854	0
6855	0
6856	0
6857	0
6858	0
6859	0
6860	0
6861	0
6862	0
6863	0
6864	0
6865	0
6866	0
6867	0
6868	0
6869	0
6870	0
6871	0
6872	0
6873	0
6874	0
6875	0
6876	0
6877	0
6878	0
6879	0
6880	0
6881	0
6882	0
6883	0
6884	0
6885	0
6886	0
6887	0
6888	0
6889	0
6890	0
6891	0
6892	0
6893	0
6894	0
6895	0
6896	0
6897	0
6898	0
6899	0
6900	0
6901	0
6902	0
6903	0
6904	0
6905	0
6906	0
6907	0
6908	0
6909	0
6910	0
6911	0
6912	0
6913	0
6914	0
6915	0
6916	0
6917	0
6918	0
6919	0
6920	0
6921	0
6922	0
6923	0
6924	0
6925	0
6926	0
6927	0
6928	0
6929	0
6930	0
6931	0
6932	0
6933	0
6934	0
6935	0
6936	0
6937	0
6938	0
6939	0
6940	0
6941	0
6942	0
6943	0
6944	0
6945	0
6946	0
6947	0
6948	0
6949	0
6950	0
6951	0
6952	0
6953	0
6954	0
6955	0
6956	0
6957	0
6958	0
6959	0
6960	0
6961	0
6962	0
6963	0
6964	0
6965	0
6966	0
6967	0
6968	0
6969	0
6970	0
6971	0
6972	0
6973	0
6974	0
6975	0
6976	0
6977	0
6978	0
6979	0
6980	0
6981	0
6982	0
6983	0
6984	0
6985	0
6986	0
6987	0
6988	0
6989	0
6990	0
6991	0
6992	0
6993	0
6994	0
6995	0
6996	0
6997	0
6998	0
6999	0
7000	0
7001	0
7002	0
7003	0
7004	0
7005	0
7006	0
7007	0
7008	0
7009	0
7010	0
7011	0
7012	0
7013	0
7014	0
7015	0
7016	0
7017	0
7018	0
7019	0
7020	0
7021	0
7022	0
7023	0
7024	0
7025	0
7026	0
7027	0
7028	0
7029	0
7030	0
7031	0
7032	0
7033	0
7034	0
7035	0
7036	0
7037	0
7038	0
7039	0
7040	0
7041	0
7042	0
7043	0
7044	0
7045	0
7046	0
7047	0
7048	0
7049	0
7050	0
7051	0
7052	0
7053	0
7054	0
7055	0
7056	0
7057	0
7058	0
7059	0
7060	0
7061	0
7062	0
7063	0
7064	0
7065	0
7066	0
7067	0
7068	0
7069	0
7070	0
7071	0
7072	0
7073	0
7074	0
7075	0
7076	0
7077	0
7078	0
7079	0
7080	0
7081	0
7082	0
7083	0
7084	0
7085	0
7086	0
7087	0
7088	0
7089	0
7090	0
7091	0
7092	0
7093	0
7094	0
7095	0
7096	0
7097	0
7098	0
7099	0
7100	0
7101	0
7102	0
7103	0
7104	0
7105	0
7106	0
7107	0
7108	0
7109	0
7110	0
7111	0
7112	0
7113	0
7114	0
7115	0
7116	0
7117	0
7118	0
7119	0
7120	0
7121	0
7122	0
7123	0
7124	0
7125	0
7126	0
7127	0
7128	0
7129	0
7130	0
7131	0
7132	0
7133	0
7134	0
7135	0
7136	0
7137	0
7138	0
7139	0
7140	0
7141	0
7142	0
7143	0
7144	0
7145	0
7146	0
7147	0
7148	0
7149	0
7150	0
7151	0
7152	0
7153	0
7154	0
7155	0
7156	0
7157	0
7158	0
7159	0
7160	0
7161	0
7162	0
7163	0
7164	0
7165	0
7166	0
7167	0
7168	0
7169	0
7170	0
7171	0
7172	0
7173	0
7174	0
7175	0
7176	0
7177	0
7178	0
7179	0
7180	0
7181	0
7182	0
7183	0
7184	0
7185	0
7186	0
7187	0
7188	0
7189	0
7190	0
7191	0
7192	0
7193	0
7194	0
7195	0
7196	0
7197	0
7198	0
7199	0
7200	0
7201	0
7202	0
7203	0
7204	0
7205	0
7206	0
7207	0
7208	0
7209	0
7210	0
7211	0
7212	0
7213	0
7214	0
7215	0
7216	0
7217	0
7218	0
7219	0
7220	0
7221	0
7222	0
7223	0
7224	0
7225	0
7226	0
7227	0
7228	0
7229	0
7230	0
7231	0
7232	0
7233	0
7234	0
7235	0
7236	0
7237	0
7238	0
7239	0
7240	0
7241	0
7242	0
7243	0
7244	0
7245	0
7246	0
7247	0
7248	0
7249	0
7250	0
7251	0
7252	0
7253	0
7254	0
7255	0
7256	0
7257	0
7258	0
7259	0
7260	0
7261	0
7262	0
7263	0
7264	0
7265	0
7266	0
7267	0
7268	0
7269	0
7270	0
7271	0
7272	0
7273	0
7274	0
7275	0
7276	0
7277	0
7278	0
7279	0
7280	0
7281	0
7282	0
7283	0
7284	0
7285	0
7286	0
7287	0
7288	0
7289	0
7290	0
7291	0
7292	0
7293	0
7294	0
7295	0
7296	0
7297	0
7298	0
7299	0
7300	0
7301	0
7302	0
7303	0
7304	0
7305	0
7306	0
7307	0
7308	0
7309	0
7310	0
7311	0
7312	0
7313	0
7314	0
7315	0
7316	0
7317	0
7318	0
7319	0
7320	0
7321	0
7322	0
7323	0
7324	0
7325	0
7326	0
7327	0
7328	0
7329	0
7330	0
7331	0
7332	0
7333	0
7334	0
7335	0
7336	0
7337	0
7338	0
7339	0
7340	0
7341	0
7342	0
7343	0
7344	0
7345	0
7346	0
7347	0
7348	0
7349	0
7350	0
7351	0
7352	0
7353	0
7354	0
7355	0
7356	0
7357	0
7358	0
7359	0
7360	0
7361	0
7362	0
7363	0
7364	0
7365	0
7366	0
7367	0
7368	0
7369	0
7370	0
7371	0
7372	0
7373	0
7374	0
7375	0
7376	0
7377	0
7378	0
7379	0
7380	0
7381	0
7382	0
7383	0
7384	0
7385	0
7386	0
7387	0
7388	0
7389	0
7390	0
7391	0
7392	0
7393	0
7394	0
7395	0
7396	0
7397	0
7398	0
7399	0
7400	0
7401	0
7402	0
7403	0
7404	0
7405	0
7406	0
7407	0
7408	0
7409	0
7410	0
7411	0
7412	0
7413	0
7414	0
7415	0
7416	0
7417	0
7418	0
7419	0
7420	0
7421	0
7422	0
7423	0
7424	0
7425	0
7426	0
7427	0
7428	0
7429	0
7430	0
7431	0
7432	0
7433	0
7434	0
7435	0
7436	0
7437	0
7438	0
7439	0
7440	0
7441	0
7442	0
7443	0
7444	0
7445	0
7446	0
7447	0
7448	0
7449	0
7450	0
7451	0
7452	0
7453	0
7454	0
7455	0
7456	0
7457	0
7458	0
7459	0
7460	0
7461	0
7462	0
7463	0
7464	0
7465	0
7466	0
7467	0
7468	0
7469	0
7470	0
7471	0
7472	0
7473	0
7474	0
7475	0
7476	0
7477	0
7478	0
7479	0
7480	0
7481	0
7482	0
7483	0
7484	0
7485	0
7486	0
7487	0
7488	0
7489	0
7490	0
7491	0
7492	0
7493	0
7494	0
7495	0
7496	0
7497	0
7498	0
7499	0
7500	0
7501	0
7502	0
7503	0
7504	0
7505	0
7506	0
7507	0
7508	0
7509	0
7510	0
7511	0
7512	0
7513	0
7514	0
7515	0
7516	0
7517	0
7518	0
7519	0
7520	0
7521	0
7522	0
7523	0
7524	0
7525	0
7526	0
7527	0
7528	0
7529	0
7530	0
7531	0
7532	0
7533	0
7534	0
7535	0
7536	0
7537	0
7538	0
7539	0
7540	0
7541	0
7542	0
7543	0
7544	0
7545	0
7546	0
7547	0
7548	0
7549	0
7550	0
7551	0
7552	0
7553	0
7554	0
7555	0
7556	0
7557	0
7558	0
7559	0
7560	0
7561	0
7562	0
7563	0
7564	0
7565	0
7566	0
7567	0
7568	0
7569	0
7570	0
7571	0
7572	0
7573	0
7574	0
7575	0
7576	0
7577	0
7578	0
7579	0
7580	0
7581	0
7582	0
7583	0
7584	0
7585	0
7586	0
7587	0
7588	0
7589	0
7590	0
7591	0
7592	0
7593	0
7594	0
7595	0
7596	0
7597	0
7598	0
7599	0
7600	0
7601	0
7602	0
7603	0
7604	0
7605	0
7606	0
7607	0
7608	0
7609	0
7610	0
7611	0
7612	0
7613	0
7614	0
7615	0
7616	0
7617	0
7618	0
7619	0
7620	0
7621	0
7622	0
7623	0
7624	0
7625	0
7626	0
7627	0
7628	0
7629	0
7630	0
7631	0
7632	0
7633	0
7634	0
7635	0
7636	0
7637	0
7638	0
7639	0
7640	0
7641	0
7642	0
7643	0
7644	0
7645	0
7646	0
7647	0
7648	0
7649	0
7650	0
7651	0
7652	0
7653	0
7654	0
7655	0
7656	0
7657	0
7658	0
7659	0
7660	0
7661	0
7662	0
7663	0
7664	0
7665	0
7666	0
7667	0
7668	0
7669	0
7670	0
7671	0
7672	0
7673	0
7674	0
7675	0
7676	0
7677	0
7678	0
7679	0
7680	0
7681	0
7682	0
7683	0
7684	0
7685	0
7686	0
7687	0
7688	0
7689	0
7690	0
7691	0
7692	0
7693	0
7694	0
7695	0
7696	0
7697	0
7698	0
7699	0
7700	0
7701	0
7702	0
7703	0
7704	0
7705	0
7706	0
7707	0
7708	0
7709	0
7710	0
7711	0
7712	0
7713	0
7714	0
7715	0
7716	0
7717	0
7718	0
7719	0
7720	0
7721	0
7722	0
7723	0
7724	0
7725	0
7726	0
7727	0
7728	0
7729	0
7730	0
7731	0
7732	0
7733	0
7734	0
7735	0
7736	0
7737	0
7738	0
7739	0
7740	0
7741	0
7742	0
7743	0
7744	0
7745	0
7746	0
7747	0
7748	0
7749	0
7750	0
7751	0
7752	0
7753	0
7754	0
7755	0
7756	0
7757	0
7758	0
7759	0
7760	0
7761	0
7762	0
7763	0
7764	0
7765	0
7766	0
7767	0
7768	0
7769	0
7770	0
7771	0
7772	0
7773	0
7774	0
7775	0
7776	0
7777	0
7778	0
7779	0
7780	0
7781	0
7782	0
7783	0
7784	0
7785	0
7786	0
7787	0
7788	0
7789	0
7790	0
7791	0
7792	0
7793	0
7794	0
7795	0
7796	0
7797	0
7798	0
7799	0
7800	0
7801	0
7802	0
7803	0
7804	0
7805	0
7806	0
7807	0
7808	0
7809	0
7810	0
7811	0
7812	0
7813	0
7814	0
7815	0
7816	0
7817	0
7818	0
7819	0
7820	0
7821	0
7822	0
7823	0
7824	0
7825	0
7826	0
7827	0
7828	0
7829	0
7830	0
7831	0
7832	0
7833	0
7834	0
7835	0
7836	0
7837	0
7838	0
7839	0
7840	0
7841	0
7842	0
7843	0
7844	0
7845	0
7846	0
7847	0
7848	0
7849	0
7850	0
7851	0
7852	0
7853	0
7854	0
7855	0
7856	0
7857	0
7858	0
7859	0
7860	0
7861	0
7862	0
7863	0
7864	0
7865	0
7866	0
7867	0
7868	0
7869	0
7870	0
7871	0
7872	0
7873	0
7874	0
7875	0
7876	0
7877	0
7878	0
7879	0
7880	0
7881	0
7882	0
7883	0
7884	0
7885	0
7886	0
7887	0
7888	0
7889	0
7890	0
7891	0
7892	0
7893	0
7894	0
7895	0
7896	0
7897	0
7898	0
7899	0
7900	0
7901	0
7902	0
7903	0
7904	0
7905	0
7906	0
7907	0
7908	0
7909	0
7910	0
7911	0
7912	0
7913	0
7914	0
7915	0
7916	0
7917	0
7918	0
7919	0
7920	0
7921	0
7922	0
7923	0
7924	0
7925	0
7926	0
7927	0
7928	0
7929	0
7930	0
7931	0
7932	0
7933	0
7934	0
7935	0
7936	0
7937	0
7938	0
7939	0
7940	0
7941	0
7942	0
7943	0
7944	0
7945	0
7946	0
7947	0
7948	0
7949	0
7950	0
7951	0
7952	0
7953	0
7954	0
7955	0
7956	0
7957	0
7958	0
7959	0
7960	0
7961	0
7962	0
7963	0
7964	0
7965	0
7966	0
7967	0
7968	0
7969	0
7970	0
7971	0
7972	0
7973	0
7974	0
7975	0
7976	0
7977	0
7978	0
7979	0
7980	0
7981	0
7982	0
7983	0
7984	0
7985	0
7986	0
7987	0
7988	0
7989	0
7990	0
7991	0
7992	0
7993	0
7994	0
7995	0
7996	0
7997	0
7998	0
7999	0
8000	0
8001	0
8002	0
8003	0
8004	0
8005	0
8006	0
8007	0
8008	0
8009	0
8010	0
8011	0
8012	0
8013	0
8014	0
8015	0
8016	0
8017	0
8018	0
8019	0
8020	0
8021	0
8022	0
8023	0
8024	0
8025	0
8026	0
8027	0
8028	0
8029	0
8030	0
8031	0
8032	0
8033	0
8034	0
8035	0
8036	0
8037	0
8038	0
8039	0
8040	0
8041	0
8042	0
8043	0
8044	0
8045	0
8046	0
8047	0
8048	0
8049	0
8050	0
8051	0
8052	0
8053	0
8054	0
8055	0
8056	0
8057	0
8058	0
8059	0
8060	0
8061	0
8062	0
8063	0
8064	0
8065	0
8066	0
8067	0
8068	0
8069	0
8070	0
8071	0
8072	0
8073	0
8074	0
8075	0
8076	0
8077	0
8078	0
8079	0
8080	0
8081	0
8082	0
8083	0
8084	0
8085	0
8086	0
8087	0
8088	0
8089	0
8090	0
8091	0
8092	0
8093	0
8094	0
8095	0
8096	0
8097	0
8098	0
8099	0
8100	0
8101	0
8102	0
8103	0
8104	0
8105	0
8106	0
8107	0
8108	0
8109	0
8110	0
8111	0
8112	0
8113	0
8114	0
8115	0
8116	0
8117	0
8118	0
8119	0
8120	0
8121	0
8122	0
8123	0
8124	0
8125	0
8126	0
8127	0
8128	0
8129	0
8130	0
8131	0
8132	0
8133	0
8134	0
8135	0
8136	0
8137	0
8138	0
8139	0
8140	0
8141	0
8142	0
8143	0
8144	0
8145	0
8146	0
8147	0
8148	0
8149	0
8150	0
8151	0
8152	0
8153	0
8154	0
8155	0
8156	0
8157	0
8158	0
8159	0
8160	0
8161	0
8162	0
8163	0
8164	0
8165	0
8166	0
8167	0
8168	0
8169	0
8170	0
8171	0
8172	0
8173	0
8174	0
8175	0
8176	0
8177	0
8178	0
8179	0
8180	0
8181	0
8182	0
8183	0
8184	0
8185	0
8186	0
8187	0
8188	0
8189	0
8190	0
8191	0
8192	0
