SHIFR=
TLIVE=920.81
TREAL=920.81
SPECTRTXT=8192
1	168
2	209
3	198
4	218
5	186
6	194
7	172
8	179
9	169
10	174
11	204
12	212
13	197
14	173
15	141
16	144
17	145
18	183
19	204
20	188
21	199
22	228
23	259
24	230
25	193
26	200
27	210
28	188
29	212
30	165
31	156
32	177
33	199
34	235
35	224
36	218
37	191
38	196
39	215
40	201
41	212
42	203
43	217
44	166
45	186
46	164
47	180
48	182
49	193
50	205
51	234
52	202
53	216
54	186
55	143
56	147
57	164
58	175
59	184
60	166
61	177
62	177
63	211
64	194
65	219
66	170
67	189
68	218
69	229
70	239
71	215
72	163
73	167
74	173
75	165
76	181
77	170
78	175
79	163
80	214
81	210
82	180
83	177
84	154
85	146
86	154
87	186
88	194
89	218
90	243
91	264
92	208
93	207
94	190
95	189
96	221
97	187
98	193
99	190
100	176
101	174
102	172
103	155
104	167
105	169
106	185
107	196
108	180
109	198
110	183
111	201
112	185
113	178
114	215
115	184
116	206
117	192
118	192
119	208
120	181
121	174
122	192
123	204
124	210
125	203
126	184
127	158
128	181
129	197
130	186
131	191
132	232
133	243
134	231
135	203
136	199
137	182
138	158
139	172
140	163
141	159
142	197
143	199
144	177
145	226
146	215
147	229
148	217
149	195
150	167
151	164
152	174
153	160
154	177
155	199
156	200
157	222
158	198
159	205
160	191
161	181
162	183
163	201
164	234
165	234
166	228
167	235
168	208
169	168
170	201
171	220
172	203
173	224
174	205
175	182
176	195
177	222
178	225
179	223
180	181
181	169
182	183
183	186
184	173
185	188
186	179
187	193
188	168
189	178
190	215
191	199
192	162
193	174
194	186
195	164
196	179
197	161
198	210
199	186
200	193
201	185
202	204
203	197
204	176
205	193
206	182
207	197
208	208
209	190
210	203
211	187
212	174
213	201
214	152
215	150
216	146
217	135
218	167
219	190
220	178
221	184
222	176
223	156
224	177
225	183
226	163
227	177
228	181
229	210
230	214
231	208
232	199
233	200
234	225
235	213
236	197
237	180
238	178
239	169
240	188
241	195
242	228
243	208
244	223
245	185
246	214
247	194
248	235
249	188
250	185
251	200
252	218
253	189
254	162
255	159
256	155
257	151
258	161
259	205
260	204
261	212
262	214
263	216
264	167
265	177
266	190
267	193
268	187
269	200
270	202
271	161
272	167
273	150
274	159
275	166
276	182
277	209
278	203
279	203
280	182
281	184
282	194
283	213
284	216
285	193
286	199
287	176
288	195
289	192
290	197
291	196
292	173
293	162
294	159
295	174
296	184
297	181
298	193
299	179
300	188
301	177
302	201
303	214
304	196
305	209
306	215
307	201
308	201
309	154
310	167
311	183
312	197
313	171
314	183
315	190
316	162
317	162
318	215
319	218
320	227
321	208
322	202
323	163
324	164
325	189
326	179
327	199
328	196
329	207
330	221
331	237
332	227
333	215
334	178
335	172
336	158
337	197
338	184
339	193
340	208
341	166
342	166
343	175
344	151
345	160
346	168
347	202
348	187
349	195
350	183
351	189
352	168
353	202
354	178
355	140
356	151
357	150
358	177
359	191
360	174
361	180
362	169
363	153
364	138
365	158
366	195
367	212
368	219
369	216
370	187
371	203
372	225
373	220
374	195
375	202
376	236
377	228
378	200
379	207
380	240
381	211
382	218
383	220
384	222
385	199
386	199
387	182
388	164
389	199
390	195
391	214
392	214
393	209
394	228
395	192
396	203
397	219
398	186
399	170
400	160
401	163
402	170
403	179
404	222
405	198
406	180
407	208
408	188
409	156
410	189
411	159
412	182
413	185
414	181
415	173
416	186
417	176
418	172
419	159
420	165
421	174
422	163
423	162
424	157
425	151
426	180
427	176
428	197
429	227
430	203
431	223
432	184
433	195
434	188
435	232
436	219
437	257
438	229
439	205
440	195
441	198
442	187
443	185
444	204
445	211
446	239
447	212
448	216
449	181
450	208
451	208
452	202
453	195
454	171
455	183
456	188
457	205
458	220
459	180
460	199
461	176
462	162
463	151
464	168
465	166
466	175
467	201
468	208
469	192
470	172
471	171
472	212
473	227
474	210
475	197
476	176
477	184
478	229
479	210
480	202
481	210
482	205
483	211
484	220
485	240
486	202
487	224
488	210
489	193
490	205
491	185
492	196
493	204
494	213
495	189
496	192
497	169
498	193
499	209
500	194
501	205
502	197
503	179
504	178
505	186
506	179
507	201
508	171
509	201
510	204
511	223
512	192
513	190
514	169
515	159
516	164
517	169
518	181
519	184
520	186
521	208
522	200
523	214
524	234
525	226
526	197
527	204
528	216
529	192
530	189
531	242
532	242
533	226
534	209
535	226
536	205
537	192
538	161
539	189
540	193
541	195
542	195
543	194
544	189
545	200
546	203
547	177
548	181
549	164
550	204
551	204
552	188
553	186
554	186
555	216
556	203
557	212
558	179
559	204
560	179
561	194
562	186
563	169
564	187
565	187
566	169
567	164
568	165
569	171
570	173
571	158
572	169
573	182
574	179
575	214
576	225
577	251
578	248
579	250
580	190
581	194
582	191
583	175
584	167
585	169
586	161
587	166
588	176
589	174
590	164
591	182
592	208
593	177
594	216
595	247
596	252
597	222
598	216
599	215
600	206
601	226
602	215
603	251
604	252
605	204
606	196
607	202
608	230
609	204
610	222
611	233
612	215
613	235
614	242
615	222
616	217
617	207
618	226
619	229
620	225
621	229
622	240
623	259
624	195
625	229
626	231
627	213
628	221
629	209
630	205
631	215
632	236
633	209
634	238
635	247
636	241
637	270
638	270
639	229
640	238
641	206
642	202
643	211
644	224
645	248
646	249
647	271
648	230
649	209
650	204
651	225
652	232
653	238
654	252
655	261
656	235
657	247
658	236
659	221
660	213
661	208
662	216
663	214
664	200
665	196
666	161
667	181
668	194
669	207
670	235
671	215
672	285
673	212
674	213
675	194
676	270
677	206
678	207
679	195
680	182
681	141
682	180
683	213
684	245
685	219
686	229
687	247
688	238
689	241
690	215
691	181
692	182
693	180
694	207
695	203
696	233
697	209
698	226
699	212
700	218
701	239
702	251
703	226
704	216
705	164
706	190
707	205
708	239
709	230
710	243
711	257
712	242
713	250
714	238
715	219
716	223
717	187
718	173
719	193
720	197
721	186
722	219
723	203
724	157
725	164
726	214
727	181
728	164
729	172
730	202
731	195
732	201
733	203
734	245
735	212
736	215
737	214
738	185
739	185
740	170
741	185
742	177
743	206
744	186
745	174
746	183
747	207
748	204
749	208
750	225
751	184
752	201
753	180
754	165
755	177
756	183
757	186
758	188
759	201
760	195
761	175
762	176
763	176
764	160
765	172
766	171
767	177
768	158
769	208
770	205
771	207
772	214
773	218
774	192
775	211
776	187
777	212
778	194
779	170
780	195
781	192
782	171
783	173
784	174
785	169
786	152
787	165
788	193
789	187
790	197
791	173
792	197
793	197
794	194
795	227
796	220
797	216
798	188
799	205
800	200
801	196
802	227
803	203
804	184
805	175
806	155
807	168
808	172
809	166
810	186
811	219
812	233
813	212
814	195
815	191
816	183
817	189
818	178
819	192
820	142
821	183
822	185
823	203
824	180
825	205
826	214
827	200
828	215
829	201
830	172
831	189
832	191
833	218
834	176
835	191
836	233
837	235
838	183
839	206
840	218
841	170
842	174
843	172
844	174
845	153
846	191
847	171
848	178
849	194
850	214
851	190
852	193
853	186
854	204
855	204
856	183
857	181
858	149
859	172
860	175
861	199
862	208
863	213
864	196
865	204
866	177
867	155
868	145
869	153
870	144
871	139
872	146
873	152
874	149
875	136
876	156
877	167
878	164
879	137
880	157
881	168
882	189
883	184
884	166
885	150
886	183
887	187
888	201
889	168
890	185
891	183
892	174
893	185
894	175
895	206
896	173
897	156
898	145
899	186
900	178
901	169
902	184
903	187
904	212
905	190
906	208
907	183
908	173
909	193
910	171
911	185
912	148
913	173
914	175
915	181
916	191
917	214
918	210
919	236
920	211
921	169
922	201
923	195
924	186
925	172
926	161
927	161
928	180
929	132
930	176
931	209
932	200
933	209
934	198
935	173
936	162
937	175
938	198
939	186
940	186
941	200
942	189
943	225
944	212
945	203
946	182
947	204
948	171
949	197
950	209
951	183
952	196
953	207
954	159
955	148
956	161
957	176
958	175
959	145
960	132
961	175
962	188
963	165
964	154
965	162
966	166
967	150
968	166
969	170
970	163
971	166
972	177
973	187
974	196
975	134
976	151
977	168
978	162
979	184
980	176
981	159
982	171
983	182
984	200
985	212
986	219
987	197
988	198
989	198
990	180
991	173
992	162
993	187
994	187
995	173
996	182
997	183
998	167
999	217
1000	197
1001	163
1002	175
1003	162
1004	134
1005	144
1006	159
1007	145
1008	155
1009	150
1010	156
1011	135
1012	157
1013	150
1014	152
1015	139
1016	172
1017	151
1018	174
1019	183
1020	169
1021	183
1022	171
1023	165
1024	174
1025	188
1026	156
1027	216
1028	173
1029	171
1030	221
1031	204
1032	170
1033	199
1034	194
1035	173
1036	172
1037	174
1038	179
1039	168
1040	177
1041	171
1042	134
1043	155
1044	198
1045	197
1046	186
1047	188
1048	157
1049	159
1050	145
1051	140
1052	148
1053	158
1054	127
1055	130
1056	128
1057	167
1058	150
1059	164
1060	197
1061	183
1062	207
1063	163
1064	162
1065	182
1066	177
1067	180
1068	174
1069	160
1070	167
1071	165
1072	166
1073	229
1074	221
1075	223
1076	208
1077	222
1078	221
1079	177
1080	197
1081	197
1082	164
1083	212
1084	188
1085	176
1086	201
1087	226
1088	205
1089	222
1090	224
1091	215
1092	212
1093	127
1094	158
1095	168
1096	181
1097	164
1098	163
1099	163
1100	139
1101	171
1102	156
1103	195
1104	210
1105	182
1106	215
1107	183
1108	160
1109	176
1110	124
1111	156
1112	153
1113	155
1114	175
1115	158
1116	173
1117	188
1118	213
1119	185
1120	202
1121	184
1122	164
1123	137
1124	162
1125	154
1126	181
1127	172
1128	136
1129	158
1130	134
1131	172
1132	182
1133	184
1134	171
1135	170
1136	171
1137	165
1138	152
1139	143
1140	153
1141	147
1142	163
1143	166
1144	179
1145	187
1146	178
1147	176
1148	185
1149	160
1150	180
1151	198
1152	176
1153	184
1154	191
1155	181
1156	179
1157	175
1158	147
1159	147
1160	141
1161	149
1162	155
1163	190
1164	177
1165	164
1166	174
1167	148
1168	155
1169	139
1170	138
1171	149
1172	140
1173	155
1174	199
1175	177
1176	182
1177	156
1178	183
1179	173
1180	166
1181	165
1182	161
1183	160
1184	155
1185	152
1186	155
1187	189
1188	186
1189	181
1190	191
1191	180
1192	195
1193	199
1194	210
1195	318
1196	445
1197	485
1198	443
1199	335
1200	215
1201	165
1202	173
1203	135
1204	105
1205	155
1206	162
1207	190
1208	208
1209	162
1210	185
1211	196
1212	189
1213	179
1214	147
1215	157
1216	162
1217	160
1218	170
1219	149
1220	152
1221	178
1222	175
1223	180
1224	179
1225	172
1226	184
1227	188
1228	185
1229	174
1230	187
1231	185
1232	146
1233	148
1234	156
1235	159
1236	200
1237	214
1238	174
1239	177
1240	182
1241	156
1242	159
1243	165
1244	191
1245	164
1246	179
1247	160
1248	175
1249	182
1250	176
1251	152
1252	174
1253	187
1254	157
1255	174
1256	187
1257	202
1258	190
1259	211
1260	213
1261	191
1262	187
1263	168
1264	188
1265	177
1266	178
1267	196
1268	191
1269	181
1270	169
1271	168
1272	163
1273	204
1274	197
1275	180
1276	162
1277	184
1278	163
1279	163
1280	185
1281	202
1282	199
1283	191
1284	169
1285	124
1286	140
1287	140
1288	162
1289	170
1290	181
1291	180
1292	171
1293	170
1294	167
1295	141
1296	163
1297	165
1298	145
1299	170
1300	162
1301	181
1302	188
1303	186
1304	161
1305	156
1306	165
1307	181
1308	189
1309	176
1310	145
1311	169
1312	155
1313	197
1314	175
1315	195
1316	190
1317	207
1318	175
1319	179
1320	143
1321	166
1322	139
1323	154
1324	172
1325	169
1326	171
1327	174
1328	184
1329	200
1330	194
1331	193
1332	212
1333	228
1334	190
1335	183
1336	179
1337	196
1338	187
1339	223
1340	166
1341	172
1342	149
1343	140
1344	189
1345	199
1346	194
1347	218
1348	220
1349	189
1350	190
1351	180
1352	227
1353	196
1354	192
1355	169
1356	168
1357	169
1358	159
1359	162
1360	172
1361	190
1362	224
1363	181
1364	195
1365	169
1366	138
1367	164
1368	149
1369	179
1370	197
1371	201
1372	150
1373	173
1374	168
1375	146
1376	172
1377	152
1378	148
1379	143
1380	173
1381	166
1382	179
1383	191
1384	187
1385	166
1386	179
1387	187
1388	152
1389	188
1390	161
1391	149
1392	155
1393	157
1394	178
1395	197
1396	215
1397	215
1398	168
1399	184
1400	175
1401	190
1402	203
1403	171
1404	161
1405	178
1406	168
1407	151
1408	147
1409	162
1410	147
1411	161
1412	208
1413	181
1414	181
1415	218
1416	231
1417	204
1418	180
1419	201
1420	155
1421	149
1422	148
1423	181
1424	180
1425	179
1426	179
1427	175
1428	196
1429	191
1430	179
1431	203
1432	182
1433	184
1434	173
1435	172
1436	184
1437	169
1438	205
1439	183
1440	186
1441	193
1442	176
1443	178
1444	196
1445	172
1446	139
1447	159
1448	153
1449	166
1450	188
1451	208
1452	203
1453	216
1454	180
1455	196
1456	183
1457	195
1458	178
1459	187
1460	177
1461	154
1462	184
1463	157
1464	197
1465	183
1466	164
1467	158
1468	216
1469	186
1470	177
1471	188
1472	180
1473	187
1474	178
1475	164
1476	149
1477	150
1478	161
1479	171
1480	201
1481	188
1482	197
1483	181
1484	190
1485	180
1486	184
1487	183
1488	186
1489	187
1490	193
1491	198
1492	194
1493	185
1494	172
1495	189
1496	188
1497	201
1498	168
1499	170
1500	160
1501	164
1502	169
1503	144
1504	136
1505	121
1506	129
1507	153
1508	160
1509	147
1510	163
1511	178
1512	181
1513	182
1514	235
1515	206
1516	179
1517	243
1518	203
1519	166
1520	162
1521	157
1522	139
1523	162
1524	170
1525	145
1526	157
1527	154
1528	136
1529	183
1530	196
1531	214
1532	204
1533	212
1534	189
1535	185
1536	195
1537	176
1538	208
1539	157
1540	204
1541	166
1542	157
1543	165
1544	157
1545	188
1546	161
1547	158
1548	187
1549	156
1550	191
1551	207
1552	193
1553	206
1554	197
1555	178
1556	179
1557	178
1558	164
1559	176
1560	187
1561	176
1562	195
1563	197
1564	208
1565	189
1566	160
1567	136
1568	153
1569	174
1570	147
1571	150
1572	176
1573	160
1574	163
1575	167
1576	180
1577	189
1578	164
1579	166
1580	166
1581	170
1582	165
1583	164
1584	188
1585	200
1586	202
1587	171
1588	140
1589	151
1590	175
1591	184
1592	140
1593	151
1594	158
1595	154
1596	170
1597	150
1598	156
1599	160
1600	161
1601	183
1602	154
1603	180
1604	154
1605	181
1606	173
1607	166
1608	127
1609	158
1610	175
1611	154
1612	156
1613	160
1614	172
1615	163
1616	183
1617	179
1618	176
1619	168
1620	178
1621	190
1622	183
1623	192
1624	179
1625	160
1626	186
1627	155
1628	177
1629	163
1630	145
1631	159
1632	158
1633	144
1634	159
1635	157
1636	160
1637	128
1638	146
1639	160
1640	151
1641	143
1642	158
1643	173
1644	145
1645	184
1646	157
1647	161
1648	147
1649	154
1650	174
1651	173
1652	179
1653	201
1654	177
1655	201
1656	161
1657	189
1658	161
1659	156
1660	166
1661	166
1662	156
1663	162
1664	171
1665	179
1666	185
1667	177
1668	197
1669	171
1670	202
1671	175
1672	161
1673	164
1674	199
1675	173
1676	193
1677	195
1678	161
1679	191
1680	186
1681	186
1682	218
1683	162
1684	198
1685	171
1686	185
1687	168
1688	175
1689	153
1690	149
1691	139
1692	151
1693	165
1694	174
1695	152
1696	172
1697	146
1698	146
1699	143
1700	153
1701	151
1702	175
1703	180
1704	180
1705	173
1706	164
1707	171
1708	148
1709	162
1710	192
1711	215
1712	158
1713	162
1714	186
1715	185
1716	149
1717	173
1718	176
1719	153
1720	169
1721	158
1722	154
1723	136
1724	128
1725	166
1726	137
1727	163
1728	163
1729	171
1730	177
1731	157
1732	169
1733	143
1734	164
1735	151
1736	176
1737	160
1738	168
1739	167
1740	193
1741	202
1742	174
1743	189
1744	211
1745	204
1746	186
1747	197
1748	165
1749	176
1750	171
1751	160
1752	165
1753	175
1754	166
1755	190
1756	178
1757	191
1758	186
1759	160
1760	176
1761	164
1762	162
1763	157
1764	187
1765	180
1766	159
1767	187
1768	188
1769	133
1770	164
1771	141
1772	166
1773	148
1774	158
1775	174
1776	187
1777	177
1778	149
1779	180
1780	176
1781	212
1782	218
1783	237
1784	178
1785	167
1786	205
1787	202
1788	210
1789	203
1790	203
1791	206
1792	213
1793	212
1794	196
1795	175
1796	165
1797	158
1798	150
1799	153
1800	151
1801	167
1802	178
1803	191
1804	211
1805	197
1806	182
1807	162
1808	170
1809	166
1810	170
1811	168
1812	206
1813	193
1814	180
1815	165
1816	187
1817	172
1818	196
1819	183
1820	200
1821	140
1822	154
1823	176
1824	177
1825	161
1826	192
1827	173
1828	167
1829	169
1830	169
1831	147
1832	135
1833	142
1834	141
1835	164
1836	150
1837	128
1838	161
1839	144
1840	175
1841	195
1842	210
1843	226
1844	193
1845	206
1846	167
1847	176
1848	158
1849	190
1850	156
1851	152
1852	152
1853	168
1854	145
1855	163
1856	167
1857	171
1858	158
1859	157
1860	168
1861	163
1862	193
1863	176
1864	171
1865	176
1866	174
1867	177
1868	171
1869	170
1870	165
1871	203
1872	164
1873	171
1874	162
1875	156
1876	160
1877	154
1878	172
1879	210
1880	186
1881	196
1882	157
1883	162
1884	158
1885	148
1886	164
1887	145
1888	163
1889	182
1890	171
1891	159
1892	186
1893	189
1894	159
1895	165
1896	205
1897	188
1898	218
1899	188
1900	198
1901	162
1902	186
1903	207
1904	182
1905	138
1906	148
1907	189
1908	214
1909	207
1910	189
1911	203
1912	213
1913	227
1914	187
1915	218
1916	198
1917	175
1918	177
1919	158
1920	188
1921	157
1922	156
1923	165
1924	176
1925	158
1926	168
1927	149
1928	181
1929	191
1930	157
1931	209
1932	192
1933	176
1934	188
1935	178
1936	163
1937	126
1938	181
1939	180
1940	187
1941	185
1942	181
1943	181
1944	176
1945	187
1946	192
1947	209
1948	208
1949	202
1950	177
1951	197
1952	175
1953	178
1954	167
1955	154
1956	172
1957	188
1958	171
1959	224
1960	186
1961	194
1962	199
1963	211
1964	231
1965	206
1966	192
1967	188
1968	175
1969	168
1970	156
1971	176
1972	148
1973	156
1974	168
1975	132
1976	135
1977	121
1978	156
1979	174
1980	153
1981	158
1982	184
1983	202
1984	243
1985	227
1986	198
1987	193
1988	163
1989	157
1990	177
1991	170
1992	170
1993	200
1994	160
1995	193
1996	196
1997	176
1998	176
1999	193
2000	168
2001	158
2002	176
2003	155
2004	193
2005	176
2006	162
2007	183
2008	208
2009	203
2010	174
2011	166
2012	180
2013	201
2014	196
2015	185
2016	141
2017	183
2018	186
2019	157
2020	186
2021	149
2022	160
2023	128
2024	180
2025	190
2026	208
2027	182
2028	207
2029	158
2030	212
2031	193
2032	176
2033	175
2034	208
2035	197
2036	200
2037	195
2038	170
2039	172
2040	163
2041	197
2042	185
2043	208
2044	188
2045	143
2046	172
2047	169
2048	148
2049	146
2050	169
2051	170
2052	156
2053	156
2054	144
2055	167
2056	158
2057	146
2058	172
2059	189
2060	193
2061	166
2062	185
2063	157
2064	174
2065	175
2066	178
2067	186
2068	171
2069	190
2070	182
2071	179
2072	170
2073	196
2074	192
2075	170
2076	186
2077	145
2078	166
2079	175
2080	176
2081	202
2082	191
2083	196
2084	190
2085	186
2086	185
2087	191
2088	172
2089	194
2090	181
2091	169
2092	206
2093	175
2094	195
2095	180
2096	154
2097	184
2098	176
2099	162
2100	170
2101	176
2102	209
2103	188
2104	233
2105	207
2106	213
2107	204
2108	188
2109	184
2110	168
2111	174
2112	194
2113	215
2114	195
2115	237
2116	239
2117	232
2118	222
2119	210
2120	201
2121	203
2122	183
2123	176
2124	184
2125	176
2126	171
2127	203
2128	193
2129	188
2130	177
2131	182
2132	200
2133	196
2134	191
2135	199
2136	185
2137	184
2138	222
2139	167
2140	174
2141	176
2142	173
2143	165
2144	197
2145	198
2146	178
2147	163
2148	181
2149	183
2150	218
2151	194
2152	203
2153	185
2154	178
2155	190
2156	187
2157	173
2158	191
2159	182
2160	160
2161	154
2162	170
2163	158
2164	143
2165	179
2166	159
2167	198
2168	192
2169	224
2170	206
2171	202
2172	190
2173	179
2174	144
2175	168
2176	160
2177	149
2178	171
2179	196
2180	195
2181	170
2182	192
2183	208
2184	183
2185	162
2186	170
2187	153
2188	182
2189	174
2190	188
2191	171
2192	176
2193	181
2194	169
2195	172
2196	161
2197	164
2198	169
2199	150
2200	177
2201	162
2202	210
2203	200
2204	230
2205	200
2206	228
2207	180
2208	206
2209	202
2210	180
2211	208
2212	186
2213	181
2214	184
2215	185
2216	205
2217	211
2218	230
2219	221
2220	200
2221	192
2222	173
2223	179
2224	178
2225	186
2226	178
2227	180
2228	207
2229	176
2230	211
2231	214
2232	230
2233	225
2234	201
2235	204
2236	175
2237	189
2238	183
2239	208
2240	157
2241	210
2242	198
2243	207
2244	215
2245	186
2246	211
2247	216
2248	217
2249	188
2250	185
2251	181
2252	166
2253	151
2254	179
2255	151
2256	168
2257	174
2258	164
2259	161
2260	156
2261	196
2262	203
2263	185
2264	193
2265	186
2266	183
2267	203
2268	186
2269	153
2270	170
2271	145
2272	185
2273	186
2274	199
2275	194
2276	217
2277	189
2278	193
2279	185
2280	195
2281	199
2282	206
2283	169
2284	209
2285	244
2286	197
2287	249
2288	198
2289	194
2290	211
2291	214
2292	183
2293	202
2294	190
2295	169
2296	168
2297	159
2298	185
2299	189
2300	191
2301	213
2302	204
2303	213
2304	209
2305	216
2306	220
2307	216
2308	173
2309	184
2310	166
2311	192
2312	189
2313	180
2314	200
2315	166
2316	193
2317	204
2318	223
2319	206
2320	207
2321	206
2322	194
2323	194
2324	174
2325	185
2326	167
2327	145
2328	156
2329	174
2330	183
2331	172
2332	188
2333	179
2334	207
2335	176
2336	177
2337	181
2338	180
2339	192
2340	190
2341	157
2342	182
2343	148
2344	184
2345	164
2346	210
2347	181
2348	202
2349	199
2350	183
2351	196
2352	204
2353	190
2354	175
2355	188
2356	182
2357	190
2358	217
2359	211
2360	207
2361	188
2362	197
2363	166
2364	168
2365	150
2366	155
2367	181
2368	196
2369	219
2370	205
2371	196
2372	200
2373	200
2374	195
2375	189
2376	204
2377	185
2378	178
2379	203
2380	199
2381	216
2382	182
2383	206
2384	213
2385	217
2386	213
2387	182
2388	179
2389	164
2390	162
2391	182
2392	158
2393	170
2394	163
2395	153
2396	191
2397	175
2398	182
2399	190
2400	192
2401	177
2402	198
2403	190
2404	159
2405	177
2406	191
2407	183
2408	212
2409	215
2410	200
2411	230
2412	213
2413	191
2414	198
2415	201
2416	203
2417	189
2418	190
2419	174
2420	173
2421	184
2422	192
2423	195
2424	226
2425	189
2426	193
2427	216
2428	207
2429	183
2430	168
2431	173
2432	135
2433	155
2434	157
2435	169
2436	207
2437	224
2438	182
2439	222
2440	155
2441	179
2442	145
2443	152
2444	168
2445	170
2446	204
2447	186
2448	182
2449	187
2450	180
2451	204
2452	236
2453	210
2454	188
2455	190
2456	199
2457	200
2458	160
2459	196
2460	178
2461	168
2462	185
2463	198
2464	192
2465	198
2466	199
2467	206
2468	216
2469	223
2470	225
2471	241
2472	195
2473	216
2474	246
2475	231
2476	218
2477	237
2478	213
2479	212
2480	166
2481	195
2482	213
2483	185
2484	169
2485	200
2486	208
2487	187
2488	215
2489	186
2490	177
2491	185
2492	197
2493	197
2494	223
2495	201
2496	194
2497	240
2498	211
2499	212
2500	212
2501	179
2502	212
2503	218
2504	214
2505	208
2506	190
2507	221
2508	215
2509	236
2510	244
2511	212
2512	187
2513	231
2514	253
2515	241
2516	221
2517	185
2518	212
2519	185
2520	201
2521	185
2522	209
2523	210
2524	220
2525	210
2526	181
2527	168
2528	186
2529	219
2530	170
2531	227
2532	231
2533	199
2534	167
2535	184
2536	158
2537	202
2538	178
2539	168
2540	193
2541	165
2542	192
2543	205
2544	212
2545	200
2546	178
2547	184
2548	200
2549	184
2550	188
2551	177
2552	199
2553	197
2554	220
2555	185
2556	196
2557	170
2558	154
2559	172
2560	163
2561	188
2562	191
2563	182
2564	198
2565	207
2566	177
2567	183
2568	189
2569	215
2570	184
2571	199
2572	196
2573	190
2574	176
2575	208
2576	199
2577	205
2578	225
2579	229
2580	202
2581	203
2582	202
2583	185
2584	202
2585	203
2586	176
2587	173
2588	198
2589	209
2590	287
2591	361
2592	401
2593	405
2594	334
2595	282
2596	261
2597	219
2598	194
2599	215
2600	213
2601	198
2602	190
2603	167
2604	147
2605	181
2606	137
2607	148
2608	180
2609	162
2610	199
2611	198
2612	186
2613	211
2614	213
2615	228
2616	245
2617	234
2618	211
2619	204
2620	224
2621	207
2622	180
2623	180
2624	184
2625	187
2626	186
2627	192
2628	198
2629	184
2630	180
2631	182
2632	198
2633	203
2634	220
2635	192
2636	183
2637	195
2638	186
2639	190
2640	178
2641	204
2642	218
2643	211
2644	213
2645	219
2646	228
2647	249
2648	233
2649	208
2650	212
2651	224
2652	203
2653	197
2654	207
2655	207
2656	217
2657	212
2658	186
2659	199
2660	236
2661	231
2662	208
2663	271
2664	204
2665	236
2666	239
2667	211
2668	213
2669	183
2670	177
2671	193
2672	215
2673	183
2674	183
2675	198
2676	192
2677	197
2678	196
2679	176
2680	188
2681	210
2682	197
2683	198
2684	220
2685	237
2686	204
2687	188
2688	176
2689	182
2690	175
2691	176
2692	205
2693	199
2694	187
2695	187
2696	182
2697	204
2698	224
2699	226
2700	193
2701	194
2702	186
2703	185
2704	183
2705	214
2706	217
2707	207
2708	228
2709	239
2710	234
2711	233
2712	239
2713	231
2714	214
2715	228
2716	250
2717	226
2718	226
2719	210
2720	196
2721	218
2722	194
2723	191
2724	198
2725	191
2726	217
2727	236
2728	208
2729	227
2730	227
2731	211
2732	228
2733	232
2734	231
2735	229
2736	202
2737	203
2738	204
2739	195
2740	175
2741	184
2742	205
2743	219
2744	217
2745	214
2746	211
2747	198
2748	201
2749	211
2750	225
2751	208
2752	222
2753	204
2754	212
2755	227
2756	233
2757	227
2758	230
2759	233
2760	232
2761	250
2762	244
2763	238
2764	254
2765	238
2766	253
2767	259
2768	268
2769	271
2770	216
2771	206
2772	208
2773	227
2774	238
2775	221
2776	250
2777	226
2778	216
2779	190
2780	201
2781	220
2782	226
2783	196
2784	244
2785	232
2786	206
2787	232
2788	245
2789	272
2790	260
2791	218
2792	241
2793	245
2794	255
2795	245
2796	232
2797	213
2798	259
2799	238
2800	236
2801	226
2802	230
2803	230
2804	213
2805	221
2806	241
2807	236
2808	249
2809	255
2810	242
2811	265
2812	233
2813	212
2814	231
2815	222
2816	214
2817	213
2818	205
2819	209
2820	273
2821	247
2822	260
2823	251
2824	271
2825	248
2826	237
2827	224
2828	206
2829	208
2830	268
2831	251
2832	232
2833	279
2834	242
2835	238
2836	240
2837	229
2838	209
2839	199
2840	193
2841	188
2842	204
2843	169
2844	198
2845	225
2846	206
2847	206
2848	206
2849	193
2850	225
2851	222
2852	233
2853	228
2854	275
2855	288
2856	281
2857	264
2858	229
2859	248
2860	246
2861	216
2862	214
2863	210
2864	188
2865	197
2866	224
2867	213
2868	191
2869	251
2870	240
2871	237
2872	238
2873	206
2874	252
2875	275
2876	232
2877	267
2878	216
2879	219
2880	229
2881	228
2882	244
2883	248
2884	250
2885	247
2886	242
2887	222
2888	214
2889	214
2890	221
2891	248
2892	235
2893	226
2894	249
2895	256
2896	251
2897	249
2898	252
2899	220
2900	249
2901	232
2902	241
2903	233
2904	196
2905	198
2906	218
2907	203
2908	215
2909	221
2910	232
2911	251
2912	245
2913	270
2914	292
2915	232
2916	284
2917	263
2918	257
2919	254
2920	258
2921	243
2922	232
2923	254
2924	262
2925	213
2926	213
2927	217
2928	218
2929	244
2930	214
2931	216
2932	237
2933	201
2934	243
2935	246
2936	220
2937	207
2938	277
2939	244
2940	206
2941	223
2942	254
2943	238
2944	244
2945	249
2946	239
2947	254
2948	274
2949	274
2950	282
2951	267
2952	234
2953	251
2954	239
2955	293
2956	246
2957	245
2958	252
2959	233
2960	225
2961	226
2962	259
2963	286
2964	262
2965	254
2966	260
2967	227
2968	244
2969	220
2970	236
2971	241
2972	248
2973	266
2974	274
2975	250
2976	251
2977	251
2978	276
2979	239
2980	238
2981	231
2982	241
2983	254
2984	255
2985	230
2986	258
2987	283
2988	241
2989	221
2990	272
2991	281
2992	241
2993	268
2994	250
2995	263
2996	264
2997	277
2998	286
2999	276
3000	270
3001	284
3002	293
3003	261
3004	251
3005	274
3006	271
3007	256
3008	241
3009	244
3010	260
3011	248
3012	261
3013	293
3014	256
3015	279
3016	258
3017	269
3018	258
3019	296
3020	263
3021	270
3022	278
3023	266
3024	239
3025	232
3026	252
3027	248
3028	242
3029	237
3030	252
3031	239
3032	247
3033	267
3034	284
3035	253
3036	282
3037	300
3038	280
3039	242
3040	235
3041	242
3042	262
3043	232
3044	245
3045	253
3046	272
3047	284
3048	284
3049	270
3050	313
3051	280
3052	275
3053	265
3054	264
3055	255
3056	277
3057	267
3058	243
3059	236
3060	243
3061	238
3062	262
3063	232
3064	226
3065	231
3066	246
3067	261
3068	261
3069	245
3070	266
3071	249
3072	272
3073	280
3074	260
3075	260
3076	261
3077	240
3078	243
3079	251
3080	241
3081	256
3082	254
3083	273
3084	296
3085	304
3086	242
3087	276
3088	288
3089	277
3090	244
3091	279
3092	232
3093	244
3094	263
3095	293
3096	305
3097	273
3098	277
3099	290
3100	265
3101	280
3102	258
3103	243
3104	262
3105	274
3106	286
3107	302
3108	283
3109	273
3110	255
3111	285
3112	294
3113	261
3114	292
3115	225
3116	293
3117	282
3118	292
3119	318
3120	299
3121	330
3122	285
3123	305
3124	286
3125	264
3126	238
3127	315
3128	284
3129	304
3130	319
3131	340
3132	344
3133	317
3134	288
3135	316
3136	282
3137	305
3138	310
3139	282
3140	281
3141	298
3142	286
3143	328
3144	296
3145	326
3146	304
3147	324
3148	355
3149	323
3150	324
3151	295
3152	282
3153	296
3154	297
3155	284
3156	265
3157	258
3158	303
3159	285
3160	278
3161	302
3162	313
3163	276
3164	293
3165	307
3166	310
3167	317
3168	305
3169	304
3170	332
3171	370
3172	341
3173	329
3174	323
3175	331
3176	305
3177	370
3178	344
3179	355
3180	327
3181	373
3182	318
3183	312
3184	331
3185	339
3186	296
3187	318
3188	327
3189	339
3190	358
3191	363
3192	346
3193	331
3194	340
3195	348
3196	333
3197	307
3198	324
3199	312
3200	298
3201	325
3202	320
3203	341
3204	336
3205	350
3206	366
3207	343
3208	373
3209	392
3210	358
3211	320
3212	322
3213	330
3214	305
3215	319
3216	288
3217	308
3218	308
3219	295
3220	318
3221	321
3222	323
3223	330
3224	359
3225	376
3226	338
3227	302
3228	280
3229	286
3230	324
3231	318
3232	323
3233	346
3234	315
3235	384
3236	350
3237	322
3238	353
3239	357
3240	328
3241	323
3242	345
3243	313
3244	318
3245	308
3246	319
3247	330
3248	343
3249	357
3250	390
3251	409
3252	356
3253	370
3254	349
3255	367
3256	353
3257	331
3258	342
3259	362
3260	332
3261	354
3262	368
3263	363
3264	368
3265	349
3266	368
3267	345
3268	417
3269	382
3270	418
3271	369
3272	374
3273	401
3274	365
3275	401
3276	371
3277	400
3278	411
3279	376
3280	393
3281	422
3282	392
3283	405
3284	427
3285	390
3286	406
3287	370
3288	372
3289	402
3290	386
3291	401
3292	382
3293	365
3294	384
3295	446
3296	409
3297	403
3298	394
3299	400
3300	362
3301	396
3302	409
3303	408
3304	381
3305	430
3306	416
3307	422
3308	441
3309	439
3310	450
3311	406
3312	454
3313	381
3314	421
3315	387
3316	389
3317	382
3318	386
3319	420
3320	411
3321	440
3322	421
3323	436
3324	421
3325	443
3326	415
3327	422
3328	436
3329	430
3330	479
3331	483
3332	476
3333	437
3334	475
3335	507
3336	497
3337	459
3338	471
3339	502
3340	470
3341	469
3342	485
3343	490
3344	516
3345	474
3346	474
3347	467
3348	471
3349	471
3350	482
3351	482
3352	445
3353	475
3354	481
3355	487
3356	470
3357	512
3358	476
3359	510
3360	549
3361	539
3362	516
3363	518
3364	527
3365	516
3366	491
3367	544
3368	526
3369	478
3370	508
3371	477
3372	494
3373	506
3374	501
3375	543
3376	575
3377	576
3378	519
3379	504
3380	521
3381	529
3382	533
3383	507
3384	504
3385	510
3386	503
3387	512
3388	534
3389	536
3390	502
3391	580
3392	514
3393	462
3394	400
3395	392
3396	339
3397	329
3398	303
3399	265
3400	253
3401	267
3402	240
3403	218
3404	240
3405	228
3406	250
3407	260
3408	239
3409	261
3410	241
3411	251
3412	221
3413	219
3414	253
3415	276
3416	242
3417	242
3418	246
3419	252
3420	260
3421	244
3422	240
3423	203
3424	229
3425	231
3426	230
3427	242
3428	227
3429	219
3430	221
3431	208
3432	229
3433	200
3434	223
3435	229
3436	222
3437	223
3438	238
3439	230
3440	248
3441	228
3442	206
3443	241
3444	224
3445	217
3446	197
3447	212
3448	236
3449	186
3450	201
3451	201
3452	201
3453	184
3454	223
3455	186
3456	191
3457	197
3458	230
3459	219
3460	239
3461	220
3462	243
3463	240
3464	236
3465	211
3466	246
3467	206
3468	208
3469	190
3470	210
3471	221
3472	197
3473	237
3474	204
3475	205
3476	217
3477	182
3478	213
3479	194
3480	191
3481	194
3482	193
3483	176
3484	191
3485	201
3486	166
3487	224
3488	240
3489	218
3490	198
3491	206
3492	236
3493	215
3494	210
3495	201
3496	197
3497	193
3498	169
3499	195
3500	200
3501	198
3502	169
3503	172
3504	181
3505	154
3506	161
3507	147
3508	130
3509	150
3510	158
3511	178
3512	161
3513	181
3514	176
3515	186
3516	166
3517	200
3518	210
3519	182
3520	160
3521	176
3522	181
3523	147
3524	139
3525	163
3526	151
3527	152
3528	175
3529	148
3530	174
3531	173
3532	191
3533	186
3534	173
3535	181
3536	177
3537	174
3538	192
3539	142
3540	182
3541	158
3542	154
3543	163
3544	190
3545	149
3546	182
3547	168
3548	175
3549	181
3550	180
3551	187
3552	148
3553	171
3554	166
3555	155
3556	165
3557	163
3558	155
3559	163
3560	151
3561	146
3562	148
3563	139
3564	138
3565	134
3566	146
3567	119
3568	135
3569	152
3570	127
3571	132
3572	128
3573	153
3574	145
3575	175
3576	168
3577	138
3578	147
3579	169
3580	148
3581	152
3582	161
3583	166
3584	166
3585	122
3586	156
3587	154
3588	157
3589	156
3590	145
3591	130
3592	126
3593	133
3594	130
3595	166
3596	126
3597	147
3598	117
3599	144
3600	130
3601	110
3602	118
3603	113
3604	120
3605	106
3606	142
3607	138
3608	154
3609	133
3610	134
3611	143
3612	125
3613	156
3614	112
3615	120
3616	134
3617	137
3618	126
3619	118
3620	132
3621	130
3622	123
3623	128
3624	140
3625	132
3626	124
3627	101
3628	104
3629	104
3630	99
3631	117
3632	90
3633	110
3634	97
3635	77
3636	97
3637	96
3638	98
3639	87
3640	115
3641	74
3642	108
3643	91
3644	92
3645	102
3646	96
3647	92
3648	84
3649	106
3650	90
3651	96
3652	87
3653	101
3654	91
3655	91
3656	79
3657	58
3658	74
3659	75
3660	76
3661	88
3662	74
3663	67
3664	71
3665	94
3666	97
3667	84
3668	85
3669	99
3670	75
3671	75
3672	92
3673	65
3674	46
3675	71
3676	72
3677	56
3678	63
3679	48
3680	50
3681	59
3682	55
3683	65
3684	54
3685	44
3686	51
3687	54
3688	46
3689	47
3690	49
3691	35
3692	39
3693	40
3694	38
3695	58
3696	58
3697	46
3698	29
3699	54
3700	60
3701	51
3702	60
3703	56
3704	50
3705	53
3706	52
3707	52
3708	54
3709	38
3710	54
3711	50
3712	45
3713	41
3714	49
3715	57
3716	54
3717	58
3718	78
3719	53
3720	60
3721	53
3722	54
3723	46
3724	45
3725	55
3726	58
3727	61
3728	41
3729	48
3730	60
3731	41
3732	48
3733	55
3734	47
3735	53
3736	45
3737	50
3738	43
3739	41
3740	43
3741	28
3742	21
3743	34
3744	21
3745	26
3746	38
3747	26
3748	40
3749	48
3750	33
3751	36
3752	23
3753	17
3754	18
3755	27
3756	22
3757	28
3758	32
3759	46
3760	27
3761	37
3762	29
3763	28
3764	20
3765	31
3766	33
3767	24
3768	36
3769	13
3770	20
3771	8
3772	10
3773	16
3774	14
3775	23
3776	18
3777	21
3778	22
3779	29
3780	35
3781	27
3782	18
3783	17
3784	12
3785	18
3786	16
3787	21
3788	28
3789	25
3790	38
3791	33
3792	28
3793	25
3794	25
3795	16
3796	30
3797	26
3798	25
3799	26
3800	25
3801	17
3802	24
3803	19
3804	23
3805	20
3806	21
3807	36
3808	26
3809	33
3810	16
3811	26
3812	24
3813	19
3814	20
3815	16
3816	17
3817	29
3818	17
3819	21
3820	13
3821	19
3822	23
3823	16
3824	22
3825	32
3826	17
3827	15
3828	14
3829	13
3830	20
3831	19
3832	31
3833	18
3834	35
3835	26
3836	30
3837	24
3838	35
3839	31
3840	31
3841	29
3842	36
3843	23
3844	25
3845	13
3846	21
3847	16
3848	12
3849	17
3850	17
3851	27
3852	18
3853	25
3854	12
3855	20
3856	24
3857	21
3858	25
3859	16
3860	20
3861	19
3862	15
3863	14
3864	12
3865	14
3866	9
3867	15
3868	18
3869	10
3870	16
3871	16
3872	17
3873	12
3874	16
3875	18
3876	24
3877	20
3878	24
3879	17
3880	14
3881	15
3882	11
3883	20
3884	19
3885	7
3886	16
3887	10
3888	21
3889	7
3890	17
3891	7
3892	13
3893	7
3894	11
3895	7
3896	25
3897	30
3898	19
3899	27
3900	22
3901	20
3902	16
3903	21
3904	16
3905	11
3906	14
3907	16
3908	17
3909	16
3910	12
3911	19
3912	16
3913	10
3914	15
3915	12
3916	16
3917	13
3918	17
3919	16
3920	12
3921	12
3922	15
3923	20
3924	27
3925	18
3926	15
3927	10
3928	15
3929	18
3930	18
3931	17
3932	14
3933	12
3934	14
3935	22
3936	17
3937	22
3938	9
3939	21
3940	24
3941	15
3942	11
3943	13
3944	15
3945	12
3946	12
3947	14
3948	18
3949	14
3950	18
3951	12
3952	19
3953	12
3954	12
3955	10
3956	11
3957	12
3958	11
3959	19
3960	19
3961	24
3962	9
3963	14
3964	11
3965	8
3966	9
3967	8
3968	1
3969	4
3970	4
3971	2
3972	4
3973	5
3974	6
3975	4
3976	7
3977	6
3978	6
3979	7
3980	5
3981	3
3982	12
3983	9
3984	40
3985	162
3986	401
3987	898
3988	1589
3989	2249
3990	2451
3991	2349
3992	1603
3993	995
3994	399
3995	132
3996	32
3997	12
3998	0
3999	0
4000	0
4001	0
4002	0
4003	0
4004	0
4005	0
4006	0
4007	0
4008	0
4009	0
4010	0
4011	0
4012	0
4013	0
4014	0
4015	0
4016	0
4017	0
4018	0
4019	0
4020	0
4021	0
4022	0
4023	0
4024	0
4025	0
4026	0
4027	0
4028	0
4029	0
4030	0
4031	0
4032	0
4033	0
4034	0
4035	0
4036	0
4037	0
4038	0
4039	0
4040	0
4041	0
4042	0
4043	0
4044	0
4045	0
4046	0
4047	0
4048	0
4049	0
4050	0
4051	0
4052	0
4053	0
4054	0
4055	0
4056	0
4057	0
4058	0
4059	0
4060	0
4061	0
4062	0
4063	0
4064	0
4065	0
4066	0
4067	0
4068	0
4069	0
4070	0
4071	0
4072	0
4073	0
4074	0
4075	0
4076	0
4077	0
4078	0
4079	0
4080	0
4081	0
4082	0
4083	0
4084	0
4085	0
4086	0
4087	0
4088	0
4089	0
4090	0
4091	0
4092	0
4093	0
4094	0
4095	0
4096	0
4097	0
4098	0
4099	0
4100	0
4101	0
4102	0
4103	0
4104	0
4105	0
4106	0
4107	0
4108	0
4109	0
4110	0
4111	0
4112	0
4113	0
4114	0
4115	0
4116	0
4117	0
4118	0
4119	0
4120	0
4121	0
4122	0
4123	0
4124	0
4125	0
4126	0
4127	0
4128	0
4129	0
4130	0
4131	0
4132	0
4133	0
4134	0
4135	0
4136	0
4137	0
4138	0
4139	0
4140	0
4141	0
4142	0
4143	0
4144	0
4145	0
4146	0
4147	0
4148	0
4149	0
4150	0
4151	0
4152	0
4153	0
4154	0
4155	0
4156	0
4157	0
4158	0
4159	0
4160	0
4161	0
4162	0
4163	0
4164	0
4165	0
4166	0
4167	0
4168	0
4169	0
4170	0
4171	0
4172	0
4173	0
4174	0
4175	0
4176	0
4177	0
4178	0
4179	0
4180	0
4181	0
4182	0
4183	0
4184	0
4185	0
4186	0
4187	0
4188	0
4189	0
4190	0
4191	0
4192	0
4193	0
4194	0
4195	0
4196	0
4197	0
4198	0
4199	0
4200	0
4201	0
4202	0
4203	0
4204	0
4205	0
4206	0
4207	0
4208	0
4209	0
4210	0
4211	0
4212	0
4213	0
4214	0
4215	0
4216	0
4217	0
4218	0
4219	0
4220	0
4221	0
4222	0
4223	0
4224	0
4225	0
4226	0
4227	0
4228	0
4229	0
4230	0
4231	0
4232	0
4233	0
4234	0
4235	0
4236	0
4237	0
4238	0
4239	0
4240	0
4241	0
4242	0
4243	0
4244	0
4245	0
4246	0
4247	0
4248	0
4249	0
4250	0
4251	0
4252	0
4253	0
4254	0
4255	0
4256	0
4257	0
4258	0
4259	0
4260	0
4261	0
4262	0
4263	0
4264	0
4265	0
4266	0
4267	0
4268	0
4269	0
4270	0
4271	0
4272	0
4273	0
4274	0
4275	0
4276	0
4277	0
4278	0
4279	0
4280	0
4281	0
4282	0
4283	0
4284	0
4285	0
4286	0
4287	0
4288	0
4289	0
4290	0
4291	0
4292	0
4293	0
4294	0
4295	0
4296	0
4297	0
4298	0
4299	0
4300	0
4301	0
4302	0
4303	0
4304	0
4305	0
4306	0
4307	0
4308	0
4309	0
4310	0
4311	0
4312	0
4313	0
4314	0
4315	0
4316	0
4317	0
4318	0
4319	0
4320	0
4321	0
4322	0
4323	0
4324	0
4325	0
4326	0
4327	0
4328	0
4329	0
4330	0
4331	0
4332	0
4333	0
4334	0
4335	0
4336	0
4337	0
4338	0
4339	0
4340	0
4341	0
4342	0
4343	0
4344	0
4345	0
4346	0
4347	0
4348	0
4349	0
4350	0
4351	0
4352	0
4353	0
4354	0
4355	0
4356	0
4357	0
4358	0
4359	0
4360	0
4361	0
4362	0
4363	0
4364	0
4365	0
4366	0
4367	0
4368	0
4369	0
4370	0
4371	0
4372	0
4373	0
4374	0
4375	0
4376	0
4377	0
4378	0
4379	0
4380	0
4381	0
4382	0
4383	0
4384	0
4385	0
4386	0
4387	0
4388	0
4389	0
4390	0
4391	0
4392	0
4393	0
4394	0
4395	0
4396	0
4397	0
4398	0
4399	0
4400	0
4401	0
4402	0
4403	0
4404	0
4405	0
4406	0
4407	0
4408	0
4409	0
4410	0
4411	0
4412	0
4413	0
4414	0
4415	0
4416	0
4417	0
4418	0
4419	0
4420	0
4421	0
4422	0
4423	0
4424	0
4425	0
4426	0
4427	0
4428	0
4429	0
4430	0
4431	0
4432	0
4433	0
4434	0
4435	0
4436	0
4437	0
4438	0
4439	0
4440	0
4441	0
4442	0
4443	0
4444	0
4445	0
4446	0
4447	0
4448	0
4449	0
4450	0
4451	0
4452	0
4453	0
4454	0
4455	0
4456	0
4457	0
4458	0
4459	0
4460	0
4461	0
4462	0
4463	0
4464	0
4465	0
4466	0
4467	0
4468	0
4469	0
4470	0
4471	0
4472	0
4473	0
4474	0
4475	0
4476	0
4477	0
4478	0
4479	0
4480	0
4481	0
4482	0
4483	0
4484	0
4485	0
4486	0
4487	0
4488	0
4489	0
4490	0
4491	0
4492	0
4493	0
4494	0
4495	0
4496	0
4497	0
4498	0
4499	0
4500	0
4501	0
4502	0
4503	0
4504	0
4505	0
4506	0
4507	0
4508	0
4509	0
4510	0
4511	0
4512	0
4513	0
4514	0
4515	0
4516	0
4517	0
4518	0
4519	0
4520	0
4521	0
4522	0
4523	0
4524	0
4525	0
4526	0
4527	0
4528	0
4529	0
4530	0
4531	0
4532	0
4533	0
4534	0
4535	0
4536	0
4537	0
4538	0
4539	0
4540	0
4541	0
4542	0
4543	0
4544	0
4545	0
4546	0
4547	0
4548	0
4549	0
4550	0
4551	0
4552	0
4553	0
4554	0
4555	0
4556	0
4557	0
4558	0
4559	0
4560	0
4561	0
4562	0
4563	0
4564	0
4565	0
4566	0
4567	0
4568	0
4569	0
4570	0
4571	0
4572	0
4573	0
4574	0
4575	0
4576	0
4577	0
4578	0
4579	0
4580	0
4581	0
4582	0
4583	0
4584	0
4585	0
4586	0
4587	0
4588	0
4589	0
4590	0
4591	0
4592	0
4593	0
4594	0
4595	0
4596	0
4597	0
4598	0
4599	0
4600	0
4601	0
4602	0
4603	0
4604	0
4605	0
4606	0
4607	0
4608	0
4609	0
4610	0
4611	0
4612	0
4613	0
4614	0
4615	0
4616	0
4617	0
4618	0
4619	0
4620	0
4621	0
4622	0
4623	0
4624	0
4625	0
4626	0
4627	0
4628	0
4629	0
4630	0
4631	0
4632	0
4633	0
4634	0
4635	0
4636	0
4637	0
4638	0
4639	0
4640	0
4641	0
4642	0
4643	0
4644	0
4645	0
4646	0
4647	0
4648	0
4649	0
4650	0
4651	0
4652	0
4653	0
4654	0
4655	0
4656	0
4657	0
4658	0
4659	0
4660	0
4661	0
4662	0
4663	0
4664	0
4665	0
4666	0
4667	0
4668	0
4669	0
4670	0
4671	0
4672	0
4673	0
4674	0
4675	0
4676	0
4677	0
4678	0
4679	0
4680	0
4681	0
4682	0
4683	0
4684	0
4685	0
4686	0
4687	0
4688	0
4689	0
4690	0
4691	0
4692	0
4693	0
4694	0
4695	0
4696	0
4697	0
4698	0
4699	0
4700	0
4701	0
4702	0
4703	0
4704	0
4705	0
4706	0
4707	0
4708	0
4709	0
4710	0
4711	0
4712	0
4713	0
4714	0
4715	0
4716	0
4717	0
4718	0
4719	0
4720	0
4721	0
4722	0
4723	0
4724	0
4725	0
4726	0
4727	0
4728	0
4729	0
4730	0
4731	0
4732	0
4733	0
4734	0
4735	0
4736	0
4737	0
4738	0
4739	0
4740	0
4741	0
4742	0
4743	0
4744	0
4745	0
4746	0
4747	0
4748	0
4749	0
4750	0
4751	0
4752	0
4753	0
4754	0
4755	0
4756	0
4757	0
4758	0
4759	0
4760	0
4761	0
4762	0
4763	0
4764	0
4765	0
4766	0
4767	0
4768	0
4769	0
4770	0
4771	0
4772	0
4773	0
4774	0
4775	0
4776	0
4777	0
4778	0
4779	0
4780	0
4781	0
4782	0
4783	0
4784	0
4785	0
4786	0
4787	0
4788	0
4789	0
4790	0
4791	0
4792	0
4793	0
4794	0
4795	0
4796	0
4797	0
4798	0
4799	0
4800	0
4801	0
4802	0
4803	0
4804	0
4805	0
4806	0
4807	0
4808	0
4809	0
4810	0
4811	0
4812	0
4813	0
4814	0
4815	0
4816	0
4817	0
4818	0
4819	0
4820	0
4821	0
4822	0
4823	0
4824	0
4825	0
4826	0
4827	0
4828	0
4829	0
4830	0
4831	0
4832	0
4833	0
4834	0
4835	0
4836	0
4837	0
4838	0
4839	0
4840	0
4841	0
4842	0
4843	0
4844	0
4845	0
4846	0
4847	0
4848	0
4849	0
4850	0
4851	0
4852	0
4853	0
4854	0
4855	0
4856	0
4857	0
4858	0
4859	0
4860	0
4861	0
4862	0
4863	0
4864	0
4865	0
4866	0
4867	0
4868	0
4869	0
4870	0
4871	0
4872	0
4873	0
4874	0
4875	0
4876	0
4877	0
4878	0
4879	0
4880	0
4881	0
4882	0
4883	0
4884	0
4885	0
4886	0
4887	0
4888	0
4889	0
4890	0
4891	0
4892	0
4893	0
4894	0
4895	0
4896	0
4897	0
4898	0
4899	0
4900	0
4901	0
4902	0
4903	0
4904	0
4905	0
4906	0
4907	0
4908	0
4909	0
4910	0
4911	0
4912	0
4913	0
4914	0
4915	0
4916	0
4917	0
4918	0
4919	0
4920	0
4921	0
4922	0
4923	0
4924	0
4925	0
4926	0
4927	0
4928	0
4929	0
4930	0
4931	0
4932	0
4933	0
4934	0
4935	0
4936	0
4937	0
4938	0
4939	0
4940	0
4941	0
4942	0
4943	0
4944	0
4945	0
4946	0
4947	0
4948	0
4949	0
4950	0
4951	0
4952	0
4953	0
4954	0
4955	0
4956	0
4957	0
4958	0
4959	0
4960	0
4961	0
4962	0
4963	0
4964	0
4965	0
4966	0
4967	0
4968	0
4969	0
4970	0
4971	0
4972	0
4973	0
4974	0
4975	0
4976	0
4977	0
4978	0
4979	0
4980	0
4981	0
4982	0
4983	0
4984	0
4985	0
4986	0
4987	0
4988	0
4989	0
4990	0
4991	0
4992	0
4993	0
4994	0
4995	0
4996	0
4997	0
4998	0
4999	0
5000	0
5001	0
5002	0
5003	0
5004	0
5005	0
5006	0
5007	0
5008	0
5009	0
5010	0
5011	0
5012	0
5013	0
5014	0
5015	0
5016	0
5017	0
5018	0
5019	0
5020	0
5021	0
5022	0
5023	0
5024	0
5025	0
5026	0
5027	0
5028	0
5029	0
5030	0
5031	0
5032	0
5033	0
5034	0
5035	0
5036	0
5037	0
5038	0
5039	0
5040	0
5041	0
5042	0
5043	0
5044	0
5045	0
5046	0
5047	0
5048	0
5049	0
5050	0
5051	0
5052	0
5053	0
5054	0
5055	0
5056	0
5057	0
5058	0
5059	0
5060	0
5061	0
5062	0
5063	0
5064	0
5065	0
5066	0
5067	0
5068	0
5069	0
5070	0
5071	0
5072	0
5073	0
5074	0
5075	0
5076	0
5077	0
5078	0
5079	0
5080	0
5081	0
5082	0
5083	0
5084	0
5085	0
5086	0
5087	0
5088	0
5089	0
5090	0
5091	0
5092	0
5093	0
5094	0
5095	0
5096	0
5097	0
5098	0
5099	0
5100	0
5101	0
5102	0
5103	0
5104	0
5105	0
5106	0
5107	0
5108	0
5109	0
5110	0
5111	0
5112	0
5113	0
5114	0
5115	0
5116	0
5117	0
5118	0
5119	0
5120	0
5121	0
5122	0
5123	0
5124	0
5125	0
5126	0
5127	0
5128	0
5129	0
5130	0
5131	0
5132	0
5133	0
5134	0
5135	0
5136	0
5137	0
5138	0
5139	0
5140	0
5141	0
5142	0
5143	0
5144	0
5145	0
5146	0
5147	0
5148	0
5149	0
5150	0
5151	0
5152	0
5153	0
5154	0
5155	0
5156	0
5157	0
5158	0
5159	0
5160	0
5161	0
5162	0
5163	0
5164	0
5165	0
5166	0
5167	0
5168	0
5169	0
5170	0
5171	0
5172	0
5173	0
5174	0
5175	0
5176	0
5177	0
5178	0
5179	0
5180	0
5181	0
5182	0
5183	0
5184	0
5185	0
5186	0
5187	0
5188	0
5189	0
5190	0
5191	0
5192	0
5193	0
5194	0
5195	0
5196	0
5197	0
5198	0
5199	0
5200	0
5201	0
5202	0
5203	0
5204	0
5205	0
5206	0
5207	0
5208	0
5209	0
5210	0
5211	0
5212	0
5213	0
5214	0
5215	0
5216	0
5217	0
5218	0
5219	0
5220	0
5221	0
5222	0
5223	0
5224	0
5225	0
5226	0
5227	0
5228	0
5229	0
5230	0
5231	0
5232	0
5233	0
5234	0
5235	0
5236	0
5237	0
5238	0
5239	0
5240	0
5241	0
5242	0
5243	0
5244	0
5245	0
5246	0
5247	0
5248	0
5249	0
5250	0
5251	0
5252	0
5253	0
5254	0
5255	0
5256	0
5257	0
5258	0
5259	0
5260	0
5261	0
5262	0
5263	0
5264	0
5265	0
5266	0
5267	0
5268	0
5269	0
5270	0
5271	0
5272	0
5273	0
5274	0
5275	0
5276	0
5277	0
5278	0
5279	0
5280	0
5281	0
5282	0
5283	0
5284	0
5285	0
5286	0
5287	0
5288	0
5289	0
5290	0
5291	0
5292	0
5293	0
5294	0
5295	0
5296	0
5297	0
5298	0
5299	0
5300	0
5301	0
5302	0
5303	0
5304	0
5305	0
5306	0
5307	0
5308	0
5309	0
5310	0
5311	0
5312	0
5313	0
5314	0
5315	0
5316	0
5317	0
5318	0
5319	0
5320	0
5321	0
5322	0
5323	0
5324	0
5325	0
5326	0
5327	0
5328	0
5329	0
5330	0
5331	0
5332	0
5333	0
5334	0
5335	0
5336	0
5337	0
5338	0
5339	0
5340	0
5341	0
5342	0
5343	0
5344	0
5345	0
5346	0
5347	0
5348	0
5349	0
5350	0
5351	0
5352	0
5353	0
5354	0
5355	0
5356	0
5357	0
5358	0
5359	0
5360	0
5361	0
5362	0
5363	0
5364	0
5365	0
5366	0
5367	0
5368	0
5369	0
5370	0
5371	0
5372	0
5373	0
5374	0
5375	0
5376	0
5377	0
5378	0
5379	0
5380	0
5381	0
5382	0
5383	0
5384	0
5385	0
5386	0
5387	0
5388	0
5389	0
5390	0
5391	0
5392	0
5393	0
5394	0
5395	0
5396	0
5397	0
5398	0
5399	0
5400	0
5401	0
5402	0
5403	0
5404	0
5405	0
5406	0
5407	0
5408	0
5409	0
5410	0
5411	0
5412	0
5413	0
5414	0
5415	0
5416	0
5417	0
5418	0
5419	0
5420	0
5421	0
5422	0
5423	0
5424	0
5425	0
5426	0
5427	0
5428	0
5429	0
5430	0
5431	0
5432	0
5433	0
5434	0
5435	0
5436	0
5437	0
5438	0
5439	0
5440	0
5441	0
5442	0
5443	0
5444	0
5445	0
5446	0
5447	0
5448	0
5449	0
5450	0
5451	0
5452	0
5453	0
5454	0
5455	0
5456	0
5457	0
5458	0
5459	0
5460	0
5461	0
5462	0
5463	0
5464	0
5465	0
5466	0
5467	0
5468	0
5469	0
5470	0
5471	0
5472	0
5473	0
5474	0
5475	0
5476	0
5477	0
5478	0
5479	0
5480	0
5481	0
5482	0
5483	0
5484	0
5485	0
5486	0
5487	0
5488	0
5489	0
5490	0
5491	0
5492	0
5493	0
5494	0
5495	0
5496	0
5497	0
5498	0
5499	0
5500	0
5501	0
5502	0
5503	0
5504	0
5505	0
5506	0
5507	0
5508	0
5509	0
5510	0
5511	0
5512	0
5513	0
5514	0
5515	0
5516	0
5517	0
5518	0
5519	0
5520	0
5521	0
5522	0
5523	0
5524	0
5525	0
5526	0
5527	0
5528	0
5529	0
5530	0
5531	0
5532	0
5533	0
5534	0
5535	0
5536	0
5537	0
5538	0
5539	0
5540	0
5541	0
5542	0
5543	0
5544	0
5545	0
5546	0
5547	0
5548	0
5549	0
5550	0
5551	0
5552	0
5553	0
5554	0
5555	0
5556	0
5557	0
5558	0
5559	0
5560	0
5561	0
5562	0
5563	0
5564	0
5565	0
5566	0
5567	0
5568	0
5569	0
5570	0
5571	0
5572	0
5573	0
5574	0
5575	0
5576	0
5577	0
5578	0
5579	0
5580	0
5581	0
5582	0
5583	0
5584	0
5585	0
5586	0
5587	0
5588	0
5589	0
5590	0
5591	0
5592	0
5593	0
5594	0
5595	0
5596	0
5597	0
5598	0
5599	0
5600	0
5601	0
5602	0
5603	0
5604	0
5605	0
5606	0
5607	0
5608	0
5609	0
5610	0
5611	0
5612	0
5613	0
5614	0
5615	0
5616	0
5617	0
5618	0
5619	0
5620	0
5621	0
5622	0
5623	0
5624	0
5625	0
5626	0
5627	0
5628	0
5629	0
5630	0
5631	0
5632	0
5633	0
5634	0
5635	0
5636	0
5637	0
5638	0
5639	0
5640	0
5641	0
5642	0
5643	0
5644	0
5645	0
5646	0
5647	0
5648	0
5649	0
5650	0
5651	0
5652	0
5653	0
5654	0
5655	0
5656	0
5657	0
5658	0
5659	0
5660	0
5661	0
5662	0
5663	0
5664	0
5665	0
5666	0
5667	0
5668	0
5669	0
5670	0
5671	0
5672	0
5673	0
5674	0
5675	0
5676	0
5677	0
5678	0
5679	0
5680	0
5681	0
5682	0
5683	0
5684	0
5685	0
5686	0
5687	0
5688	0
5689	0
5690	0
5691	0
5692	0
5693	0
5694	0
5695	0
5696	0
5697	0
5698	0
5699	0
5700	0
5701	0
5702	0
5703	0
5704	0
5705	0
5706	0
5707	0
5708	0
5709	0
5710	0
5711	0
5712	0
5713	0
5714	0
5715	0
5716	0
5717	0
5718	0
5719	0
5720	0
5721	0
5722	0
5723	0
5724	0
5725	0
5726	0
5727	0
5728	0
5729	0
5730	0
5731	0
5732	0
5733	0
5734	0
5735	0
5736	0
5737	0
5738	0
5739	0
5740	0
5741	0
5742	0
5743	0
5744	0
5745	0
5746	0
5747	0
5748	0
5749	0
5750	0
5751	0
5752	0
5753	0
5754	0
5755	0
5756	0
5757	0
5758	0
5759	0
5760	0
5761	0
5762	0
5763	0
5764	0
5765	0
5766	0
5767	0
5768	0
5769	0
5770	0
5771	0
5772	0
5773	0
5774	0
5775	0
5776	0
5777	0
5778	0
5779	0
5780	0
5781	0
5782	0
5783	0
5784	0
5785	0
5786	0
5787	0
5788	0
5789	0
5790	0
5791	0
5792	0
5793	0
5794	0
5795	0
5796	0
5797	0
5798	0
5799	0
5800	0
5801	0
5802	0
5803	0
5804	0
5805	0
5806	0
5807	0
5808	0
5809	0
5810	0
5811	0
5812	0
5813	0
5814	0
5815	0
5816	0
5817	0
5818	0
5819	0
5820	0
5821	0
5822	0
5823	0
5824	0
5825	0
5826	0
5827	0
5828	0
5829	0
5830	0
5831	0
5832	0
5833	0
5834	0
5835	0
5836	0
5837	0
5838	0
5839	0
5840	0
5841	0
5842	0
5843	0
5844	0
5845	0
5846	0
5847	0
5848	0
5849	0
5850	0
5851	0
5852	0
5853	0
5854	0
5855	0
5856	0
5857	0
5858	0
5859	0
5860	0
5861	0
5862	0
5863	0
5864	0
5865	0
5866	0
5867	0
5868	0
5869	0
5870	0
5871	0
5872	0
5873	0
5874	0
5875	0
5876	0
5877	0
5878	0
5879	0
5880	0
5881	0
5882	0
5883	0
5884	0
5885	0
5886	0
5887	0
5888	0
5889	0
5890	0
5891	0
5892	0
5893	0
5894	0
5895	0
5896	0
5897	0
5898	0
5899	0
5900	0
5901	0
5902	0
5903	0
5904	0
5905	0
5906	0
5907	0
5908	0
5909	0
5910	0
5911	0
5912	0
5913	0
5914	0
5915	0
5916	0
5917	0
5918	0
5919	0
5920	0
5921	0
5922	0
5923	0
5924	0
5925	0
5926	0
5927	0
5928	0
5929	0
5930	0
5931	0
5932	0
5933	0
5934	0
5935	0
5936	0
5937	0
5938	0
5939	0
5940	0
5941	0
5942	0
5943	0
5944	0
5945	0
5946	0
5947	0
5948	0
5949	0
5950	0
5951	0
5952	0
5953	0
5954	0
5955	0
5956	0
5957	0
5958	0
5959	0
5960	0
5961	0
5962	0
5963	0
5964	0
5965	0
5966	0
5967	0
5968	0
5969	0
5970	0
5971	0
5972	0
5973	0
5974	0
5975	0
5976	0
5977	0
5978	0
5979	0
5980	0
5981	0
5982	0
5983	0
5984	0
5985	0
5986	0
5987	0
5988	0
5989	0
5990	0
5991	0
5992	0
5993	0
5994	0
5995	0
5996	0
5997	0
5998	0
5999	0
6000	0
6001	0
6002	0
6003	0
6004	0
6005	0
6006	0
6007	0
6008	0
6009	0
6010	0
6011	0
6012	0
6013	0
6014	0
6015	0
6016	0
6017	0
6018	0
6019	0
6020	0
6021	0
6022	0
6023	0
6024	0
6025	0
6026	0
6027	0
6028	0
6029	0
6030	0
6031	0
6032	0
6033	0
6034	0
6035	0
6036	0
6037	0
6038	0
6039	0
6040	0
6041	0
6042	0
6043	0
6044	0
6045	0
6046	0
6047	0
6048	0
6049	0
6050	0
6051	0
6052	0
6053	0
6054	0
6055	0
6056	0
6057	0
6058	0
6059	0
6060	0
6061	0
6062	0
6063	0
6064	0
6065	0
6066	0
6067	0
6068	0
6069	0
6070	0
6071	0
6072	0
6073	0
6074	0
6075	0
6076	0
6077	0
6078	0
6079	0
6080	0
6081	0
6082	0
6083	0
6084	0
6085	0
6086	0
6087	0
6088	0
6089	0
6090	0
6091	0
6092	0
6093	0
6094	0
6095	0
6096	0
6097	0
6098	0
6099	0
6100	0
6101	0
6102	0
6103	0
6104	0
6105	0
6106	0
6107	0
6108	0
6109	0
6110	0
6111	0
6112	0
6113	0
6114	0
6115	0
6116	0
6117	0
6118	0
6119	0
6120	0
6121	0
6122	0
6123	0
6124	0
6125	0
6126	0
6127	0
6128	0
6129	0
6130	0
6131	0
6132	0
6133	0
6134	0
6135	0
6136	0
6137	0
6138	0
6139	0
6140	0
6141	0
6142	0
6143	0
6144	0
6145	0
6146	0
6147	0
6148	0
6149	0
6150	0
6151	0
6152	0
6153	0
6154	0
6155	0
6156	0
6157	0
6158	0
6159	0
6160	0
6161	0
6162	0
6163	0
6164	0
6165	0
6166	0
6167	0
6168	0
6169	0
6170	0
6171	0
6172	0
6173	0
6174	0
6175	0
6176	0
6177	0
6178	0
6179	0
6180	0
6181	0
6182	0
6183	0
6184	0
6185	0
6186	0
6187	0
6188	0
6189	0
6190	0
6191	0
6192	0
6193	0
6194	0
6195	0
6196	0
6197	0
6198	0
6199	0
6200	0
6201	0
6202	0
6203	0
6204	0
6205	0
6206	0
6207	0
6208	0
6209	0
6210	0
6211	0
6212	0
6213	0
6214	0
6215	0
6216	0
6217	0
6218	0
6219	0
6220	0
6221	0
6222	0
6223	0
6224	0
6225	0
6226	0
6227	0
6228	0
6229	0
6230	0
6231	0
6232	0
6233	0
6234	0
6235	0
6236	0
6237	0
6238	0
6239	0
6240	0
6241	0
6242	0
6243	0
6244	0
6245	0
6246	0
6247	0
6248	0
6249	0
6250	0
6251	0
6252	0
6253	0
6254	0
6255	0
6256	0
6257	0
6258	0
6259	0
6260	0
6261	0
6262	0
6263	0
6264	0
6265	0
6266	0
6267	0
6268	0
6269	0
6270	0
6271	0
6272	0
6273	0
6274	0
6275	0
6276	0
6277	0
6278	0
6279	0
6280	0
6281	0
6282	0
6283	0
6284	0
6285	0
6286	0
6287	0
6288	0
6289	0
6290	0
6291	0
6292	0
6293	0
6294	0
6295	0
6296	0
6297	0
6298	0
6299	0
6300	0
6301	0
6302	0
6303	0
6304	0
6305	0
6306	0
6307	0
6308	0
6309	0
6310	0
6311	0
6312	0
6313	0
6314	0
6315	0
6316	0
6317	0
6318	0
6319	0
6320	0
6321	0
6322	0
6323	0
6324	0
6325	0
6326	0
6327	0
6328	0
6329	0
6330	0
6331	0
6332	0
6333	0
6334	0
6335	0
6336	0
6337	0
6338	0
6339	0
6340	0
6341	0
6342	0
6343	0
6344	0
6345	0
6346	0
6347	0
6348	0
6349	0
6350	0
6351	0
6352	0
6353	0
6354	0
6355	0
6356	0
6357	0
6358	0
6359	0
6360	0
6361	0
6362	0
6363	0
6364	0
6365	0
6366	0
6367	0
6368	0
6369	0
6370	0
6371	0
6372	0
6373	0
6374	0
6375	0
6376	0
6377	0
6378	0
6379	0
6380	0
6381	0
6382	0
6383	0
6384	0
6385	0
6386	0
6387	0
6388	0
6389	0
6390	0
6391	0
6392	0
6393	0
6394	0
6395	0
6396	0
6397	0
6398	0
6399	0
6400	0
6401	0
6402	0
6403	0
6404	0
6405	0
6406	0
6407	0
6408	0
6409	0
6410	0
6411	0
6412	0
6413	0
6414	0
6415	0
6416	0
6417	0
6418	0
6419	0
6420	0
6421	0
6422	0
6423	0
6424	0
6425	0
6426	0
6427	0
6428	0
6429	0
6430	0
6431	0
6432	0
6433	0
6434	0
6435	0
6436	0
6437	0
6438	0
6439	0
6440	0
6441	0
6442	0
6443	0
6444	0
6445	0
6446	0
6447	0
6448	0
6449	0
6450	0
6451	0
6452	0
6453	0
6454	0
6455	0
6456	0
6457	0
6458	0
6459	0
6460	0
6461	0
6462	0
6463	0
6464	0
6465	0
6466	0
6467	0
6468	0
6469	0
6470	0
6471	0
6472	0
6473	0
6474	0
6475	0
6476	0
6477	0
6478	0
6479	0
6480	0
6481	0
6482	0
6483	0
6484	0
6485	0
6486	0
6487	0
6488	0
6489	0
6490	0
6491	0
6492	0
6493	0
6494	0
6495	0
6496	0
6497	0
6498	0
6499	0
6500	0
6501	0
6502	0
6503	0
6504	0
6505	0
6506	0
6507	0
6508	0
6509	0
6510	0
6511	0
6512	0
6513	0
6514	0
6515	0
6516	0
6517	0
6518	0
6519	0
6520	0
6521	0
6522	0
6523	0
6524	0
6525	0
6526	0
6527	0
6528	0
6529	0
6530	0
6531	0
6532	0
6533	0
6534	0
6535	0
6536	0
6537	0
6538	0
6539	0
6540	0
6541	0
6542	0
6543	0
6544	0
6545	0
6546	0
6547	0
6548	0
6549	0
6550	0
6551	0
6552	0
6553	0
6554	0
6555	0
6556	0
6557	0
6558	0
6559	0
6560	0
6561	0
6562	0
6563	0
6564	0
6565	0
6566	0
6567	0
6568	0
6569	0
6570	0
6571	0
6572	0
6573	0
6574	0
6575	0
6576	0
6577	0
6578	0
6579	0
6580	0
6581	0
6582	0
6583	0
6584	0
6585	0
6586	0
6587	0
6588	0
6589	0
6590	0
6591	0
6592	0
6593	0
6594	0
6595	0
6596	0
6597	0
6598	0
6599	0
6600	0
6601	0
6602	0
6603	0
6604	0
6605	0
6606	0
6607	0
6608	0
6609	0
6610	0
6611	0
6612	0
6613	0
6614	0
6615	0
6616	0
6617	0
6618	0
6619	0
6620	0
6621	0
6622	0
6623	0
6624	0
6625	0
6626	0
6627	0
6628	0
6629	0
6630	0
6631	0
6632	0
6633	0
6634	0
6635	0
6636	0
6637	0
6638	0
6639	0
6640	0
6641	0
6642	0
6643	0
6644	0
6645	0
6646	0
6647	0
6648	0
6649	0
6650	0
6651	0
6652	0
6653	0
6654	0
6655	0
6656	0
6657	0
6658	0
6659	0
6660	0
6661	0
6662	0
6663	0
6664	0
6665	0
6666	0
6667	0
6668	0
6669	0
6670	0
6671	0
6672	0
6673	0
6674	0
6675	0
6676	0
6677	0
6678	0
6679	0
6680	0
6681	0
6682	0
6683	0
6684	0
6685	0
6686	0
6687	0
6688	0
6689	0
6690	0
6691	0
6692	0
6693	0
6694	0
6695	0
6696	0
6697	0
6698	0
6699	0
6700	0
6701	0
6702	0
6703	0
6704	0
6705	0
6706	0
6707	0
6708	0
6709	0
6710	0
6711	0
6712	0
6713	0
6714	0
6715	0
6716	0
6717	0
6718	0
6719	0
6720	0
6721	0
6722	0
6723	0
6724	0
6725	0
6726	0
6727	0
6728	0
6729	0
6730	0
6731	0
6732	0
6733	0
6734	0
6735	0
6736	0
6737	0
6738	0
6739	0
6740	0
6741	0
6742	0
6743	0
6744	0
6745	0
6746	0
6747	0
6748	0
6749	0
6750	0
6751	0
6752	0
6753	0
6754	0
6755	0
6756	0
6757	0
6758	0
6759	0
6760	0
6761	0
6762	0
6763	0
6764	0
6765	0
6766	0
6767	0
6768	0
6769	0
6770	0
6771	0
6772	0
6773	0
6774	0
6775	0
6776	0
6777	0
6778	0
6779	0
6780	0
6781	0
6782	0
6783	0
6784	0
6785	0
6786	0
6787	0
6788	0
6789	0
6790	0
6791	0
6792	0
6793	0
6794	0
6795	0
6796	0
6797	0
6798	0
6799	0
6800	0
6801	0
6802	0
6803	0
6804	0
6805	0
6806	0
6807	0
6808	0
6809	0
6810	0
6811	0
6812	0
6813	0
6814	0
6815	0
6816	0
6817	0
6818	0
6819	0
6820	0
6821	0
6822	0
6823	0
6824	0
6825	0
6826	0
6827	0
6828	0
6829	0
6830	0
6831	0
6832	0
6833	0
6834	0
6835	0
6836	0
6837	0
6838	0
6839	0
6840	0
6841	0
6842	0
6843	0
6844	0
6845	0
6846	0
6847	0
6848	0
6849	0
6850	0
6851	0
6852	0
6853	0
6854	0
6855	0
6856	0
6857	0
6858	0
6859	0
6860	0
6861	0
6862	0
6863	0
6864	0
6865	0
6866	0
6867	0
6868	0
6869	0
6870	0
6871	0
6872	0
6873	0
6874	0
6875	0
6876	0
6877	0
6878	0
6879	0
6880	0
6881	0
6882	0
6883	0
6884	0
6885	0
6886	0
6887	0
6888	0
6889	0
6890	0
6891	0
6892	0
6893	0
6894	0
6895	0
6896	0
6897	0
6898	0
6899	0
6900	0
6901	0
6902	0
6903	0
6904	0
6905	0
6906	0
6907	0
6908	0
6909	0
6910	0
6911	0
6912	0
6913	0
6914	0
6915	0
6916	0
6917	0
6918	0
6919	0
6920	0
6921	0
6922	0
6923	0
6924	0
6925	0
6926	0
6927	0
6928	0
6929	0
6930	0
6931	0
6932	0
6933	0
6934	0
6935	0
6936	0
6937	0
6938	0
6939	0
6940	0
6941	0
6942	0
6943	0
6944	0
6945	0
6946	0
6947	0
6948	0
6949	0
6950	0
6951	0
6952	0
6953	0
6954	0
6955	0
6956	0
6957	0
6958	0
6959	0
6960	0
6961	0
6962	0
6963	0
6964	0
6965	0
6966	0
6967	0
6968	0
6969	0
6970	0
6971	0
6972	0
6973	0
6974	0
6975	0
6976	0
6977	0
6978	0
6979	0
6980	0
6981	0
6982	0
6983	0
6984	0
6985	0
6986	0
6987	0
6988	0
6989	0
6990	0
6991	0
6992	0
6993	0
6994	0
6995	0
6996	0
6997	0
6998	0
6999	0
7000	0
7001	0
7002	0
7003	0
7004	0
7005	0
7006	0
7007	0
7008	0
7009	0
7010	0
7011	0
7012	0
7013	0
7014	0
7015	0
7016	0
7017	0
7018	0
7019	0
7020	0
7021	0
7022	0
7023	0
7024	0
7025	0
7026	0
7027	0
7028	0
7029	0
7030	0
7031	0
7032	0
7033	0
7034	0
7035	0
7036	0
7037	0
7038	0
7039	0
7040	0
7041	0
7042	0
7043	0
7044	0
7045	0
7046	0
7047	0
7048	0
7049	0
7050	0
7051	0
7052	0
7053	0
7054	0
7055	0
7056	0
7057	0
7058	0
7059	0
7060	0
7061	0
7062	0
7063	0
7064	0
7065	0
7066	0
7067	0
7068	0
7069	0
7070	0
7071	0
7072	0
7073	0
7074	0
7075	0
7076	0
7077	0
7078	0
7079	0
7080	0
7081	0
7082	0
7083	0
7084	0
7085	0
7086	0
7087	0
7088	0
7089	0
7090	0
7091	0
7092	0
7093	0
7094	0
7095	0
7096	0
7097	0
7098	0
7099	0
7100	0
7101	0
7102	0
7103	0
7104	0
7105	0
7106	0
7107	0
7108	0
7109	0
7110	0
7111	0
7112	0
7113	0
7114	0
7115	0
7116	0
7117	0
7118	0
7119	0
7120	0
7121	0
7122	0
7123	0
7124	0
7125	0
7126	0
7127	0
7128	0
7129	0
7130	0
7131	0
7132	0
7133	0
7134	0
7135	0
7136	0
7137	0
7138	0
7139	0
7140	0
7141	0
7142	0
7143	0
7144	0
7145	0
7146	0
7147	0
7148	0
7149	0
7150	0
7151	0
7152	0
7153	0
7154	0
7155	0
7156	0
7157	0
7158	0
7159	0
7160	0
7161	0
7162	0
7163	0
7164	0
7165	0
7166	0
7167	0
7168	0
7169	0
7170	0
7171	0
7172	0
7173	0
7174	0
7175	0
7176	0
7177	0
7178	0
7179	0
7180	0
7181	0
7182	0
7183	0
7184	0
7185	0
7186	0
7187	0
7188	0
7189	0
7190	0
7191	0
7192	0
7193	0
7194	0
7195	0
7196	0
7197	0
7198	0
7199	0
7200	0
7201	0
7202	0
7203	0
7204	0
7205	0
7206	0
7207	0
7208	0
7209	0
7210	0
7211	0
7212	0
7213	0
7214	0
7215	0
7216	0
7217	0
7218	0
7219	0
7220	0
7221	0
7222	0
7223	0
7224	0
7225	0
7226	0
7227	0
7228	0
7229	0
7230	0
7231	0
7232	0
7233	0
7234	0
7235	0
7236	0
7237	0
7238	0
7239	0
7240	0
7241	0
7242	0
7243	0
7244	0
7245	0
7246	0
7247	0
7248	0
7249	0
7250	0
7251	0
7252	0
7253	0
7254	0
7255	0
7256	0
7257	0
7258	0
7259	0
7260	0
7261	0
7262	0
7263	0
7264	0
7265	0
7266	0
7267	0
7268	0
7269	0
7270	0
7271	0
7272	0
7273	0
7274	0
7275	0
7276	0
7277	0
7278	0
7279	0
7280	0
7281	0
7282	0
7283	0
7284	0
7285	0
7286	0
7287	0
7288	0
7289	0
7290	0
7291	0
7292	0
7293	0
7294	0
7295	0
7296	0
7297	0
7298	0
7299	0
7300	0
7301	0
7302	0
7303	0
7304	0
7305	0
7306	0
7307	0
7308	0
7309	0
7310	0
7311	0
7312	0
7313	0
7314	0
7315	0
7316	0
7317	0
7318	0
7319	0
7320	0
7321	0
7322	0
7323	0
7324	0
7325	0
7326	0
7327	0
7328	0
7329	0
7330	0
7331	0
7332	0
7333	0
7334	0
7335	0
7336	0
7337	0
7338	0
7339	0
7340	0
7341	0
7342	0
7343	0
7344	0
7345	0
7346	0
7347	0
7348	0
7349	0
7350	0
7351	0
7352	0
7353	0
7354	0
7355	0
7356	0
7357	0
7358	0
7359	0
7360	0
7361	0
7362	0
7363	0
7364	0
7365	0
7366	0
7367	0
7368	0
7369	0
7370	0
7371	0
7372	0
7373	0
7374	0
7375	0
7376	0
7377	0
7378	0
7379	0
7380	0
7381	0
7382	0
7383	0
7384	0
7385	0
7386	0
7387	0
7388	0
7389	0
7390	0
7391	0
7392	0
7393	0
7394	0
7395	0
7396	0
7397	0
7398	0
7399	0
7400	0
7401	0
7402	0
7403	0
7404	0
7405	0
7406	0
7407	0
7408	0
7409	0
7410	0
7411	0
7412	0
7413	0
7414	0
7415	0
7416	0
7417	0
7418	0
7419	0
7420	0
7421	0
7422	0
7423	0
7424	0
7425	0
7426	0
7427	0
7428	0
7429	0
7430	0
7431	0
7432	0
7433	0
7434	0
7435	0
7436	0
7437	0
7438	0
7439	0
7440	0
7441	0
7442	0
7443	0
7444	0
7445	0
7446	0
7447	0
7448	0
7449	0
7450	0
7451	0
7452	0
7453	0
7454	0
7455	0
7456	0
7457	0
7458	0
7459	0
7460	0
7461	0
7462	0
7463	0
7464	0
7465	0
7466	0
7467	0
7468	0
7469	0
7470	0
7471	0
7472	0
7473	0
7474	0
7475	0
7476	0
7477	0
7478	0
7479	0
7480	0
7481	0
7482	0
7483	0
7484	0
7485	0
7486	0
7487	0
7488	0
7489	0
7490	0
7491	0
7492	0
7493	0
7494	0
7495	0
7496	0
7497	0
7498	0
7499	0
7500	0
7501	0
7502	0
7503	0
7504	0
7505	0
7506	0
7507	0
7508	0
7509	0
7510	0
7511	0
7512	0
7513	0
7514	0
7515	0
7516	0
7517	0
7518	0
7519	0
7520	0
7521	0
7522	0
7523	0
7524	0
7525	0
7526	0
7527	0
7528	0
7529	0
7530	0
7531	0
7532	0
7533	0
7534	0
7535	0
7536	0
7537	0
7538	0
7539	0
7540	0
7541	0
7542	0
7543	0
7544	0
7545	0
7546	0
7547	0
7548	0
7549	0
7550	0
7551	0
7552	0
7553	0
7554	0
7555	0
7556	0
7557	0
7558	0
7559	0
7560	0
7561	0
7562	0
7563	0
7564	0
7565	0
7566	0
7567	0
7568	0
7569	0
7570	0
7571	0
7572	0
7573	0
7574	0
7575	0
7576	0
7577	0
7578	0
7579	0
7580	0
7581	0
7582	0
7583	0
7584	0
7585	0
7586	0
7587	0
7588	0
7589	0
7590	0
7591	0
7592	0
7593	0
7594	0
7595	0
7596	0
7597	0
7598	0
7599	0
7600	0
7601	0
7602	0
7603	0
7604	0
7605	0
7606	0
7607	0
7608	0
7609	0
7610	0
7611	0
7612	0
7613	0
7614	0
7615	0
7616	0
7617	0
7618	0
7619	0
7620	0
7621	0
7622	0
7623	0
7624	0
7625	0
7626	0
7627	0
7628	0
7629	0
7630	0
7631	0
7632	0
7633	0
7634	0
7635	0
7636	0
7637	0
7638	0
7639	0
7640	0
7641	0
7642	0
7643	0
7644	0
7645	0
7646	0
7647	0
7648	0
7649	0
7650	0
7651	0
7652	0
7653	0
7654	0
7655	0
7656	0
7657	0
7658	0
7659	0
7660	0
7661	0
7662	0
7663	0
7664	0
7665	0
7666	0
7667	0
7668	0
7669	0
7670	0
7671	0
7672	0
7673	0
7674	0
7675	0
7676	0
7677	0
7678	0
7679	0
7680	0
7681	0
7682	0
7683	0
7684	0
7685	0
7686	0
7687	0
7688	0
7689	0
7690	0
7691	0
7692	0
7693	0
7694	0
7695	0
7696	0
7697	0
7698	0
7699	0
7700	0
7701	0
7702	0
7703	0
7704	0
7705	0
7706	0
7707	0
7708	0
7709	0
7710	0
7711	0
7712	0
7713	0
7714	0
7715	0
7716	0
7717	0
7718	0
7719	0
7720	0
7721	0
7722	0
7723	0
7724	0
7725	0
7726	0
7727	0
7728	0
7729	0
7730	0
7731	0
7732	0
7733	0
7734	0
7735	0
7736	0
7737	0
7738	0
7739	0
7740	0
7741	0
7742	0
7743	0
7744	0
7745	0
7746	0
7747	0
7748	0
7749	0
7750	0
7751	0
7752	0
7753	0
7754	0
7755	0
7756	0
7757	0
7758	0
7759	0
7760	0
7761	0
7762	0
7763	0
7764	0
7765	0
7766	0
7767	0
7768	0
7769	0
7770	0
7771	0
7772	0
7773	0
7774	0
7775	0
7776	0
7777	0
7778	0
7779	0
7780	0
7781	0
7782	0
7783	0
7784	0
7785	0
7786	0
7787	0
7788	0
7789	0
7790	0
7791	0
7792	0
7793	0
7794	0
7795	0
7796	0
7797	0
7798	0
7799	0
7800	0
7801	0
7802	0
7803	0
7804	0
7805	0
7806	0
7807	0
7808	0
7809	0
7810	0
7811	0
7812	0
7813	0
7814	0
7815	0
7816	0
7817	0
7818	0
7819	0
7820	0
7821	0
7822	0
7823	0
7824	0
7825	0
7826	0
7827	0
7828	0
7829	0
7830	0
7831	0
7832	0
7833	0
7834	0
7835	0
7836	0
7837	0
7838	0
7839	0
7840	0
7841	0
7842	0
7843	0
7844	0
7845	0
7846	0
7847	0
7848	0
7849	0
7850	0
7851	0
7852	0
7853	0
7854	0
7855	0
7856	0
7857	0
7858	0
7859	0
7860	0
7861	0
7862	0
7863	0
7864	0
7865	0
7866	0
7867	0
7868	0
7869	0
7870	0
7871	0
7872	0
7873	0
7874	0
7875	0
7876	0
7877	0
7878	0
7879	0
7880	0
7881	0
7882	0
7883	0
7884	0
7885	0
7886	0
7887	0
7888	0
7889	0
7890	0
7891	0
7892	0
7893	0
7894	0
7895	0
7896	0
7897	0
7898	0
7899	0
7900	0
7901	0
7902	0
7903	0
7904	0
7905	0
7906	0
7907	0
7908	0
7909	0
7910	0
7911	0
7912	0
7913	0
7914	0
7915	0
7916	0
7917	0
7918	0
7919	0
7920	0
7921	0
7922	0
7923	0
7924	0
7925	0
7926	0
7927	0
7928	0
7929	0
7930	0
7931	0
7932	0
7933	0
7934	0
7935	0
7936	0
7937	0
7938	0
7939	0
7940	0
7941	0
7942	0
7943	0
7944	0
7945	0
7946	0
7947	0
7948	0
7949	0
7950	0
7951	0
7952	0
7953	0
7954	0
7955	0
7956	0
7957	0
7958	0
7959	0
7960	0
7961	0
7962	0
7963	0
7964	0
7965	0
7966	0
7967	0
7968	0
7969	0
7970	0
7971	0
7972	0
7973	0
7974	0
7975	0
7976	0
7977	0
7978	0
7979	0
7980	0
7981	0
7982	0
7983	0
7984	0
7985	0
7986	0
7987	0
7988	0
7989	0
7990	0
7991	0
7992	0
7993	0
7994	0
7995	0
7996	0
7997	0
7998	0
7999	0
8000	0
8001	0
8002	0
8003	0
8004	0
8005	0
8006	0
8007	0
8008	0
8009	0
8010	0
8011	0
8012	0
8013	0
8014	0
8015	0
8016	0
8017	0
8018	0
8019	0
8020	0
8021	0
8022	0
8023	0
8024	0
8025	0
8026	0
8027	0
8028	0
8029	0
8030	0
8031	0
8032	0
8033	0
8034	0
8035	0
8036	0
8037	0
8038	0
8039	0
8040	0
8041	0
8042	0
8043	0
8044	0
8045	0
8046	0
8047	0
8048	0
8049	0
8050	0
8051	0
8052	0
8053	0
8054	0
8055	0
8056	0
8057	0
8058	0
8059	0
8060	0
8061	0
8062	0
8063	0
8064	0
8065	0
8066	0
8067	0
8068	0
8069	0
8070	0
8071	0
8072	0
8073	0
8074	0
8075	0
8076	0
8077	0
8078	0
8079	0
8080	0
8081	0
8082	0
8083	0
8084	0
8085	0
8086	0
8087	0
8088	0
8089	0
8090	0
8091	0
8092	0
8093	0
8094	0
8095	0
8096	0
8097	0
8098	0
8099	0
8100	0
8101	0
8102	0
8103	0
8104	0
8105	0
8106	0
8107	0
8108	0
8109	0
8110	0
8111	0
8112	0
8113	0
8114	0
8115	0
8116	0
8117	0
8118	0
8119	0
8120	0
8121	0
8122	0
8123	0
8124	0
8125	0
8126	0
8127	0
8128	0
8129	0
8130	0
8131	0
8132	0
8133	0
8134	0
8135	0
8136	0
8137	0
8138	0
8139	0
8140	0
8141	0
8142	0
8143	0
8144	0
8145	0
8146	0
8147	0
8148	0
8149	0
8150	0
8151	0
8152	0
8153	0
8154	0
8155	0
8156	0
8157	0
8158	0
8159	0
8160	0
8161	0
8162	0
8163	0
8164	0
8165	0
8166	0
8167	0
8168	0
8169	0
8170	0
8171	0
8172	0
8173	0
8174	0
8175	0
8176	0
8177	0
8178	0
8179	0
8180	0
8181	0
8182	0
8183	0
8184	0
8185	0
8186	0
8187	0
8188	0
8189	0
8190	0
8191	0
8192	0
