SHIFR=
TLIVE=920.81
TREAL=920.81
SPECTRTXT=8192
1	89
2	101
3	77
4	86
5	75
6	95
7	91
8	108
9	105
10	100
11	108
12	108
13	117
14	124
15	111
16	112
17	105
18	120
19	115
20	85
21	82
22	83
23	97
24	120
25	117
26	111
27	135
28	141
29	130
30	141
31	145
32	107
33	96
34	92
35	87
36	99
37	94
38	101
39	115
40	113
41	139
42	121
43	109
44	90
45	108
46	87
47	113
48	116
49	90
50	108
51	90
52	85
53	72
54	89
55	90
56	111
57	124
58	104
59	120
60	140
61	147
62	147
63	122
64	126
65	116
66	134
67	109
68	101
69	74
70	75
71	78
72	73
73	84
74	87
75	74
76	100
77	128
78	137
79	163
80	157
81	148
82	111
83	134
84	131
85	117
86	126
87	113
88	108
89	149
90	129
91	130
92	135
93	142
94	110
95	129
96	131
97	127
98	144
99	112
100	119
101	122
102	115
103	115
104	116
105	104
106	114
107	115
108	125
109	130
110	116
111	139
112	136
113	154
114	128
115	108
116	126
117	98
118	110
119	99
120	102
121	122
122	108
123	132
124	120
125	121
126	123
127	130
128	129
129	109
130	120
131	116
132	93
133	93
134	127
135	144
136	140
137	116
138	119
139	100
140	105
141	93
142	107
143	96
144	91
145	122
146	126
147	112
148	132
149	138
150	119
151	97
152	83
153	90
154	107
155	107
156	131
157	142
158	122
159	127
160	109
161	124
162	120
163	112
164	108
165	109
166	113
167	121
168	123
169	125
170	110
171	115
172	94
173	71
174	84
175	103
176	144
177	128
178	100
179	120
180	136
181	121
182	115
183	128
184	128
185	116
186	133
187	115
188	109
189	118
190	112
191	117
192	127
193	142
194	117
195	134
196	141
197	139
198	152
199	130
200	96
201	120
202	91
203	93
204	96
205	112
206	123
207	140
208	137
209	129
210	158
211	134
212	124
213	110
214	109
215	100
216	96
217	106
218	117
219	126
220	118
221	98
222	105
223	125
224	95
225	126
226	102
227	121
228	103
229	109
230	114
231	101
232	96
233	98
234	112
235	95
236	103
237	134
238	137
239	125
240	142
241	94
242	105
243	97
244	112
245	113
246	116
247	136
248	137
249	127
250	156
251	115
252	120
253	101
254	104
255	117
256	123
257	131
258	146
259	153
260	144
261	146
262	133
263	124
264	126
265	94
266	127
267	120
268	109
269	129
270	135
271	99
272	111
273	124
274	123
275	117
276	128
277	132
278	103
279	117
280	108
281	111
282	98
283	96
284	114
285	123
286	135
287	135
288	148
289	135
290	134
291	119
292	134
293	109
294	134
295	127
296	126
297	129
298	116
299	114
300	107
301	107
302	103
303	91
304	96
305	85
306	92
307	81
308	92
309	98
310	89
311	109
312	121
313	116
314	128
315	100
316	119
317	131
318	139
319	116
320	128
321	136
322	106
323	94
324	114
325	94
326	87
327	86
328	109
329	102
330	111
331	133
332	119
333	129
334	120
335	122
336	124
337	126
338	114
339	110
340	94
341	99
342	93
343	125
344	110
345	115
346	129
347	103
348	112
349	134
350	127
351	144
352	146
353	166
354	139
355	140
356	125
357	116
358	119
359	93
360	114
361	102
362	91
363	120
364	123
365	139
366	152
367	137
368	147
369	127
370	110
371	103
372	117
373	137
374	120
375	109
376	114
377	95
378	105
379	126
380	130
381	118
382	127
383	153
384	142
385	113
386	110
387	125
388	100
389	108
390	114
391	115
392	123
393	104
394	105
395	98
396	91
397	122
398	115
399	124
400	120
401	114
402	125
403	98
404	109
405	127
406	105
407	96
408	90
409	95
410	102
411	105
412	130
413	106
414	96
415	97
416	111
417	103
418	85
419	108
420	88
421	108
422	108
423	102
424	98
425	114
426	105
427	100
428	114
429	109
430	112
431	117
432	111
433	121
434	130
435	130
436	154
437	134
438	128
439	132
440	111
441	143
442	130
443	147
444	133
445	167
446	156
447	184
448	153
449	128
450	118
451	96
452	100
453	92
454	108
455	118
456	127
457	140
458	134
459	129
460	143
461	124
462	122
463	134
464	135
465	156
466	150
467	143
468	141
469	108
470	132
471	116
472	104
473	93
474	104
475	100
476	106
477	128
478	140
479	135
480	120
481	106
482	120
483	122
484	114
485	114
486	102
487	102
488	130
489	108
490	106
491	98
492	97
493	86
494	81
495	82
496	93
497	72
498	97
499	104
500	112
501	143
502	140
503	156
504	158
505	148
506	112
507	103
508	80
509	95
510	112
511	105
512	117
513	113
514	102
515	108
516	125
517	123
518	138
519	105
520	121
521	119
522	133
523	116
524	130
525	127
526	115
527	91
528	107
529	106
530	126
531	117
532	126
533	141
534	134
535	108
536	115
537	111
538	135
539	139
540	136
541	109
542	119
543	108
544	78
545	102
546	90
547	110
548	119
549	105
550	119
551	128
552	110
553	138
554	115
555	137
556	141
557	168
558	125
559	130
560	123
561	105
562	105
563	108
564	98
565	99
566	106
567	115
568	111
569	110
570	114
571	137
572	137
573	133
574	127
575	108
576	100
577	93
578	125
579	114
580	126
581	151
582	121
583	116
584	126
585	141
586	114
587	107
588	104
589	152
590	122
591	136
592	123
593	150
594	166
595	190
596	215
597	198
598	202
599	175
600	180
601	169
602	170
603	140
604	158
605	168
606	156
607	179
608	204
609	230
610	188
611	177
612	163
613	136
614	157
615	180
616	178
617	179
618	162
619	159
620	139
621	124
622	131
623	159
624	174
625	150
626	178
627	157
628	154
629	159
630	175
631	196
632	162
633	171
634	164
635	152
636	181
637	193
638	173
639	201
640	188
641	187
642	178
643	158
644	153
645	146
646	174
647	158
648	149
649	145
650	155
651	148
652	138
653	141
654	154
655	152
656	183
657	185
658	174
659	167
660	164
661	173
662	175
663	172
664	184
665	165
666	190
667	190
668	176
669	176
670	147
671	209
672	155
673	162
674	145
675	204
676	138
677	135
678	138
679	149
680	129
681	150
682	161
683	165
684	176
685	152
686	109
687	123
688	98
689	115
690	112
691	137
692	142
693	159
694	143
695	160
696	130
697	134
698	116
699	118
700	131
701	139
702	124
703	126
704	94
705	118
706	130
707	157
708	149
709	155
710	163
711	153
712	167
713	162
714	156
715	143
716	123
717	110
718	131
719	138
720	123
721	142
722	125
723	121
724	137
725	144
726	141
727	140
728	126
729	126
730	122
731	118
732	138
733	145
734	145
735	162
736	155
737	167
738	157
739	166
740	159
741	140
742	138
743	121
744	141
745	142
746	178
747	153
748	159
749	115
750	127
751	143
752	149
753	121
754	117
755	135
756	114
757	124
758	128
759	132
760	99
761	94
762	118
763	127
764	132
765	161
766	144
767	133
768	137
769	134
770	100
771	85
772	84
773	114
774	139
775	162
776	181
777	158
778	154
779	144
780	140
781	160
782	134
783	123
784	114
785	128
786	108
787	121
788	104
789	122
790	113
791	129
792	122
793	140
794	146
795	142
796	132
797	130
798	111
799	126
800	121
801	114
802	138
803	119
804	108
805	102
806	113
807	113
808	96
809	96
810	109
811	122
812	119
813	117
814	115
815	101
816	97
817	85
818	84
819	98
820	110
821	109
822	106
823	119
824	112
825	105
826	91
827	115
828	121
829	112
830	131
831	132
832	120
833	117
834	115
835	134
836	89
837	110
838	132
839	110
840	124
841	128
842	129
843	109
844	138
845	118
846	122
847	131
848	140
849	113
850	115
851	114
852	131
853	122
854	139
855	121
856	128
857	107
858	130
859	131
860	148
861	148
862	141
863	119
864	129
865	117
866	110
867	115
868	140
869	146
870	146
871	149
872	147
873	139
874	127
875	146
876	156
877	153
878	126
879	139
880	144
881	123
882	110
883	116
884	120
885	133
886	110
887	127
888	120
889	98
890	111
891	98
892	90
893	87
894	86
895	83
896	112
897	100
898	92
899	101
900	98
901	111
902	91
903	104
904	87
905	85
906	107
907	100
908	126
909	110
910	142
911	141
912	106
913	98
914	125
915	114
916	127
917	108
918	79
919	105
920	104
921	110
922	121
923	138
924	154
925	168
926	105
927	122
928	130
929	117
930	130
931	136
932	127
933	117
934	117
935	119
936	97
937	87
938	100
939	96
940	96
941	100
942	101
943	99
944	106
945	100
946	115
947	131
948	129
949	131
950	117
951	115
952	120
953	124
954	123
955	101
956	107
957	113
958	130
959	118
960	123
961	146
962	130
963	120
964	106
965	113
966	125
967	112
968	118
969	99
970	113
971	115
972	120
973	122
974	125
975	130
976	112
977	109
978	141
979	148
980	139
981	142
982	131
983	121
984	111
985	106
986	90
987	100
988	125
989	99
990	106
991	100
992	118
993	118
994	110
995	120
996	119
997	100
998	131
999	114
1000	97
1001	126
1002	139
1003	126
1004	131
1005	133
1006	109
1007	112
1008	109
1009	119
1010	107
1011	125
1012	111
1013	106
1014	135
1015	128
1016	106
1017	112
1018	103
1019	89
1020	113
1021	123
1022	128
1023	131
1024	129
1025	94
1026	138
1027	101
1028	94
1029	124
1030	109
1031	88
1032	121
1033	129
1034	120
1035	122
1036	123
1037	123
1038	115
1039	122
1040	121
1041	117
1042	110
1043	126
1044	157
1045	147
1046	130
1047	136
1048	126
1049	147
1050	141
1051	130
1052	127
1053	132
1054	106
1055	108
1056	84
1057	90
1058	115
1059	98
1060	111
1061	139
1062	125
1063	139
1064	97
1065	104
1066	92
1067	104
1068	114
1069	112
1070	109
1071	109
1072	153
1073	135
1074	126
1075	108
1076	117
1077	119
1078	94
1079	119
1080	125
1081	101
1082	138
1083	117
1084	105
1085	118
1086	93
1087	97
1088	92
1089	101
1090	82
1091	113
1092	110
1093	104
1094	82
1095	83
1096	90
1097	104
1098	87
1099	104
1100	100
1101	103
1102	100
1103	100
1104	129
1105	105
1106	95
1107	87
1108	101
1109	90
1110	104
1111	117
1112	131
1113	97
1114	98
1115	81
1116	84
1117	69
1118	99
1119	94
1120	119
1121	118
1122	94
1123	114
1124	91
1125	120
1126	127
1127	128
1128	119
1129	122
1130	128
1131	128
1132	121
1133	114
1134	116
1135	97
1136	93
1137	88
1138	104
1139	124
1140	128
1141	138
1142	149
1143	122
1144	125
1145	123
1146	91
1147	90
1148	97
1149	101
1150	113
1151	117
1152	93
1153	90
1154	97
1155	122
1156	144
1157	140
1158	120
1159	107
1160	122
1161	109
1162	119
1163	97
1164	88
1165	101
1166	127
1167	98
1168	135
1169	121
1170	133
1171	119
1172	149
1173	132
1174	128
1175	124
1176	120
1177	118
1178	111
1179	105
1180	103
1181	129
1182	123
1183	110
1184	115
1185	114
1186	111
1187	119
1188	109
1189	107
1190	95
1191	107
1192	102
1193	129
1194	215
1195	369
1196	521
1197	619
1198	600
1199	362
1200	167
1201	141
1202	119
1203	130
1204	103
1205	116
1206	129
1207	142
1208	134
1209	84
1210	100
1211	104
1212	107
1213	108
1214	122
1215	107
1216	107
1217	122
1218	122
1219	116
1220	124
1221	120
1222	109
1223	108
1224	117
1225	81
1226	108
1227	100
1228	96
1229	92
1230	99
1231	140
1232	136
1233	153
1234	148
1235	149
1236	120
1237	135
1238	98
1239	102
1240	89
1241	88
1242	98
1243	114
1244	121
1245	123
1246	113
1247	118
1248	131
1249	141
1250	120
1251	137
1252	124
1253	116
1254	121
1255	111
1256	85
1257	81
1258	63
1259	91
1260	94
1261	96
1262	115
1263	109
1264	109
1265	100
1266	81
1267	75
1268	68
1269	100
1270	107
1271	106
1272	101
1273	123
1274	104
1275	98
1276	107
1277	108
1278	100
1279	99
1280	98
1281	77
1282	100
1283	96
1284	104
1285	97
1286	97
1287	96
1288	106
1289	101
1290	110
1291	97
1292	118
1293	118
1294	131
1295	93
1296	95
1297	94
1298	91
1299	87
1300	116
1301	98
1302	107
1303	88
1304	95
1305	95
1306	116
1307	117
1308	114
1309	120
1310	112
1311	109
1312	95
1313	107
1314	117
1315	97
1316	124
1317	100
1318	104
1319	109
1320	101
1321	103
1322	109
1323	117
1324	120
1325	92
1326	100
1327	108
1328	96
1329	107
1330	122
1331	119
1332	113
1333	146
1334	126
1335	107
1336	96
1337	90
1338	111
1339	106
1340	114
1341	126
1342	136
1343	107
1344	99
1345	87
1346	125
1347	107
1348	102
1349	106
1350	112
1351	115
1352	103
1353	94
1354	84
1355	80
1356	60
1357	76
1358	94
1359	92
1360	125
1361	105
1362	115
1363	116
1364	110
1365	71
1366	93
1367	99
1368	88
1369	114
1370	98
1371	92
1372	86
1373	112
1374	105
1375	110
1376	113
1377	105
1378	85
1379	90
1380	94
1381	104
1382	86
1383	127
1384	118
1385	113
1386	112
1387	95
1388	89
1389	87
1390	95
1391	109
1392	99
1393	135
1394	134
1395	137
1396	134
1397	101
1398	95
1399	113
1400	103
1401	85
1402	77
1403	85
1404	71
1405	79
1406	111
1407	89
1408	85
1409	99
1410	100
1411	111
1412	88
1413	86
1414	96
1415	111
1416	109
1417	105
1418	133
1419	108
1420	107
1421	80
1422	68
1423	72
1424	79
1425	84
1426	93
1427	96
1428	95
1429	71
1430	88
1431	82
1432	90
1433	86
1434	71
1435	90
1436	100
1437	106
1438	101
1439	110
1440	99
1441	102
1442	95
1443	93
1444	91
1445	89
1446	104
1447	112
1448	128
1449	115
1450	135
1451	115
1452	110
1453	90
1454	93
1455	126
1456	129
1457	106
1458	100
1459	109
1460	107
1461	107
1462	124
1463	145
1464	149
1465	116
1466	129
1467	133
1468	135
1469	130
1470	144
1471	119
1472	139
1473	131
1474	119
1475	126
1476	106
1477	114
1478	110
1479	127
1480	125
1481	119
1482	97
1483	109
1484	102
1485	102
1486	101
1487	102
1488	98
1489	99
1490	101
1491	129
1492	136
1493	146
1494	115
1495	115
1496	121
1497	114
1498	109
1499	141
1500	122
1501	113
1502	95
1503	93
1504	100
1505	85
1506	81
1507	97
1508	114
1509	117
1510	114
1511	133
1512	112
1513	171
1514	141
1515	112
1516	110
1517	109
1518	99
1519	124
1520	134
1521	119
1522	125
1523	121
1524	100
1525	129
1526	126
1527	125
1528	101
1529	99
1530	84
1531	87
1532	101
1533	84
1534	102
1535	63
1536	101
1537	87
1538	110
1539	111
1540	132
1541	103
1542	100
1543	130
1544	105
1545	128
1546	102
1547	94
1548	105
1549	96
1550	84
1551	92
1552	87
1553	96
1554	101
1555	90
1556	103
1557	105
1558	117
1559	110
1560	92
1561	74
1562	84
1563	95
1564	76
1565	83
1566	113
1567	109
1568	123
1569	136
1570	154
1571	158
1572	123
1573	110
1574	99
1575	97
1576	87
1577	90
1578	97
1579	107
1580	105
1581	136
1582	103
1583	117
1584	138
1585	148
1586	112
1587	126
1588	136
1589	136
1590	152
1591	129
1592	125
1593	119
1594	114
1595	130
1596	106
1597	130
1598	106
1599	126
1600	114
1601	103
1602	69
1603	93
1604	92
1605	105
1606	99
1607	116
1608	106
1609	97
1610	114
1611	115
1612	116
1613	110
1614	119
1615	127
1616	117
1617	117
1618	102
1619	84
1620	104
1621	80
1622	96
1623	85
1624	73
1625	88
1626	84
1627	85
1628	76
1629	94
1630	103
1631	114
1632	89
1633	102
1634	106
1635	88
1636	71
1637	72
1638	77
1639	83
1640	92
1641	92
1642	111
1643	124
1644	116
1645	104
1646	95
1647	96
1648	101
1649	81
1650	84
1651	117
1652	104
1653	108
1654	110
1655	118
1656	120
1657	113
1658	109
1659	105
1660	102
1661	98
1662	115
1663	85
1664	94
1665	110
1666	94
1667	115
1668	92
1669	112
1670	110
1671	113
1672	82
1673	69
1674	97
1675	89
1676	99
1677	83
1678	103
1679	94
1680	120
1681	105
1682	114
1683	111
1684	103
1685	117
1686	108
1687	100
1688	108
1689	108
1690	98
1691	92
1692	101
1693	103
1694	91
1695	111
1696	121
1697	107
1698	129
1699	136
1700	107
1701	120
1702	105
1703	103
1704	97
1705	87
1706	107
1707	100
1708	81
1709	100
1710	92
1711	97
1712	110
1713	96
1714	102
1715	108
1716	111
1717	94
1718	123
1719	115
1720	105
1721	102
1722	112
1723	109
1724	98
1725	100
1726	95
1727	98
1728	112
1729	96
1730	118
1731	106
1732	110
1733	107
1734	99
1735	98
1736	112
1737	114
1738	100
1739	103
1740	95
1741	103
1742	90
1743	99
1744	115
1745	108
1746	110
1747	120
1748	98
1749	92
1750	87
1751	102
1752	91
1753	91
1754	97
1755	90
1756	95
1757	101
1758	105
1759	116
1760	114
1761	138
1762	102
1763	117
1764	113
1765	107
1766	104
1767	99
1768	112
1769	107
1770	99
1771	112
1772	98
1773	119
1774	97
1775	92
1776	122
1777	117
1778	118
1779	109
1780	107
1781	112
1782	120
1783	109
1784	116
1785	97
1786	116
1787	98
1788	111
1789	109
1790	98
1791	98
1792	96
1793	102
1794	99
1795	127
1796	123
1797	115
1798	102
1799	109
1800	100
1801	97
1802	91
1803	98
1804	116
1805	109
1806	111
1807	94
1808	102
1809	87
1810	100
1811	75
1812	80
1813	98
1814	104
1815	107
1816	93
1817	92
1818	89
1819	95
1820	102
1821	91
1822	90
1823	101
1824	101
1825	119
1826	103
1827	131
1828	109
1829	91
1830	106
1831	108
1832	103
1833	103
1834	75
1835	87
1836	76
1837	94
1838	118
1839	102
1840	89
1841	113
1842	90
1843	86
1844	90
1845	103
1846	115
1847	105
1848	116
1849	100
1850	122
1851	125
1852	118
1853	126
1854	109
1855	96
1856	105
1857	77
1858	90
1859	86
1860	89
1861	86
1862	98
1863	95
1864	77
1865	91
1866	88
1867	119
1868	95
1869	89
1870	88
1871	75
1872	81
1873	97
1874	88
1875	100
1876	130
1877	136
1878	111
1879	106
1880	105
1881	105
1882	93
1883	104
1884	114
1885	110
1886	119
1887	95
1888	119
1889	142
1890	126
1891	90
1892	92
1893	114
1894	119
1895	103
1896	81
1897	85
1898	91
1899	88
1900	97
1901	109
1902	89
1903	93
1904	101
1905	90
1906	116
1907	90
1908	84
1909	85
1910	91
1911	77
1912	88
1913	105
1914	87
1915	75
1916	116
1917	108
1918	99
1919	111
1920	105
1921	117
1922	68
1923	113
1924	111
1925	113
1926	111
1927	109
1928	107
1929	95
1930	92
1931	87
1932	99
1933	105
1934	109
1935	94
1936	109
1937	91
1938	98
1939	96
1940	91
1941	108
1942	118
1943	97
1944	131
1945	95
1946	94
1947	90
1948	95
1949	113
1950	106
1951	109
1952	114
1953	108
1954	102
1955	90
1956	106
1957	81
1958	88
1959	98
1960	73
1961	67
1962	96
1963	107
1964	119
1965	96
1966	90
1967	97
1968	101
1969	130
1970	123
1971	111
1972	118
1973	102
1974	102
1975	120
1976	111
1977	106
1978	96
1979	123
1980	135
1981	139
1982	137
1983	141
1984	107
1985	90
1986	98
1987	81
1988	114
1989	108
1990	103
1991	125
1992	147
1993	141
1994	109
1995	92
1996	93
1997	102
1998	106
1999	114
2000	95
2001	139
2002	141
2003	108
2004	125
2005	89
2006	96
2007	67
2008	104
2009	108
2010	119
2011	95
2012	112
2013	78
2014	131
2015	134
2016	131
2017	127
2018	138
2019	110
2020	101
2021	97
2022	85
2023	90
2024	85
2025	109
2026	97
2027	114
2028	103
2029	75
2030	105
2031	107
2032	92
2033	93
2034	118
2035	125
2036	114
2037	112
2038	97
2039	110
2040	98
2041	84
2042	98
2043	103
2044	100
2045	77
2046	90
2047	85
2048	71
2049	79
2050	91
2051	91
2052	109
2053	106
2054	106
2055	105
2056	132
2057	136
2058	123
2059	138
2060	100
2061	108
2062	102
2063	91
2064	103
2065	92
2066	97
2067	96
2068	92
2069	97
2070	88
2071	114
2072	112
2073	107
2074	137
2075	108
2076	121
2077	112
2078	94
2079	120
2080	111
2081	94
2082	93
2083	93
2084	115
2085	95
2086	121
2087	95
2088	94
2089	91
2090	103
2091	93
2092	84
2093	97
2094	116
2095	110
2096	129
2097	138
2098	93
2099	104
2100	100
2101	110
2102	96
2103	114
2104	114
2105	77
2106	87
2107	86
2108	103
2109	107
2110	105
2111	103
2112	123
2113	105
2114	120
2115	110
2116	121
2117	101
2118	111
2119	106
2120	110
2121	95
2122	104
2123	105
2124	116
2125	112
2126	118
2127	112
2128	124
2129	116
2130	94
2131	112
2132	91
2133	102
2134	107
2135	121
2136	123
2137	124
2138	105
2139	106
2140	131
2141	115
2142	121
2143	110
2144	104
2145	115
2146	109
2147	99
2148	94
2149	89
2150	101
2151	103
2152	101
2153	96
2154	101
2155	90
2156	111
2157	127
2158	82
2159	127
2160	100
2161	101
2162	102
2163	113
2164	98
2165	122
2166	101
2167	109
2168	126
2169	146
2170	129
2171	107
2172	102
2173	102
2174	98
2175	78
2176	99
2177	109
2178	117
2179	98
2180	118
2181	87
2182	103
2183	73
2184	87
2185	92
2186	102
2187	97
2188	85
2189	92
2190	102
2191	82
2192	80
2193	78
2194	84
2195	94
2196	102
2197	92
2198	94
2199	92
2200	102
2201	105
2202	103
2203	102
2204	84
2205	104
2206	95
2207	78
2208	92
2209	101
2210	81
2211	88
2212	81
2213	60
2214	94
2215	115
2216	91
2217	100
2218	109
2219	110
2220	117
2221	107
2222	90
2223	93
2224	115
2225	116
2226	95
2227	106
2228	96
2229	102
2230	96
2231	109
2232	123
2233	93
2234	84
2235	103
2236	110
2237	92
2238	97
2239	123
2240	103
2241	112
2242	111
2243	86
2244	131
2245	118
2246	110
2247	109
2248	107
2249	104
2250	112
2251	107
2252	118
2253	128
2254	93
2255	114
2256	100
2257	115
2258	119
2259	110
2260	110
2261	98
2262	106
2263	87
2264	91
2265	93
2266	119
2267	127
2268	114
2269	123
2270	132
2271	124
2272	134
2273	128
2274	107
2275	125
2276	125
2277	97
2278	108
2279	95
2280	122
2281	126
2282	127
2283	148
2284	114
2285	125
2286	120
2287	125
2288	109
2289	108
2290	101
2291	112
2292	101
2293	99
2294	108
2295	105
2296	111
2297	120
2298	134
2299	116
2300	113
2301	99
2302	110
2303	106
2304	131
2305	109
2306	110
2307	111
2308	109
2309	120
2310	121
2311	98
2312	122
2313	93
2314	121
2315	99
2316	133
2317	106
2318	123
2319	118
2320	101
2321	117
2322	89
2323	97
2324	101
2325	97
2326	101
2327	115
2328	105
2329	96
2330	96
2331	107
2332	131
2333	108
2334	100
2335	95
2336	89
2337	92
2338	87
2339	94
2340	81
2341	70
2342	73
2343	90
2344	96
2345	125
2346	93
2347	115
2348	101
2349	121
2350	118
2351	114
2352	112
2353	92
2354	116
2355	106
2356	121
2357	116
2358	131
2359	115
2360	115
2361	101
2362	119
2363	118
2364	93
2365	108
2366	93
2367	89
2368	79
2369	97
2370	90
2371	96
2372	93
2373	94
2374	87
2375	102
2376	103
2377	98
2378	88
2379	91
2380	104
2381	97
2382	109
2383	96
2384	111
2385	102
2386	102
2387	116
2388	143
2389	89
2390	107
2391	113
2392	98
2393	100
2394	87
2395	106
2396	93
2397	112
2398	102
2399	114
2400	114
2401	124
2402	123
2403	124
2404	115
2405	119
2406	102
2407	113
2408	120
2409	94
2410	97
2411	89
2412	95
2413	91
2414	105
2415	95
2416	86
2417	84
2418	95
2419	104
2420	107
2421	107
2422	126
2423	105
2424	131
2425	115
2426	104
2427	117
2428	122
2429	118
2430	120
2431	113
2432	107
2433	102
2434	96
2435	93
2436	104
2437	79
2438	99
2439	109
2440	146
2441	117
2442	118
2443	100
2444	126
2445	92
2446	112
2447	122
2448	101
2449	91
2450	117
2451	114
2452	113
2453	88
2454	85
2455	80
2456	82
2457	95
2458	91
2459	108
2460	119
2461	115
2462	116
2463	141
2464	128
2465	122
2466	115
2467	140
2468	108
2469	112
2470	111
2471	108
2472	95
2473	115
2474	106
2475	122
2476	131
2477	112
2478	114
2479	102
2480	127
2481	110
2482	107
2483	87
2484	105
2485	119
2486	105
2487	90
2488	106
2489	113
2490	130
2491	128
2492	107
2493	92
2494	100
2495	120
2496	84
2497	108
2498	92
2499	149
2500	128
2501	105
2502	122
2503	103
2504	144
2505	122
2506	107
2507	116
2508	82
2509	90
2510	93
2511	92
2512	83
2513	71
2514	81
2515	102
2516	96
2517	106
2518	104
2519	129
2520	135
2521	160
2522	131
2523	136
2524	110
2525	92
2526	101
2527	91
2528	107
2529	108
2530	100
2531	113
2532	122
2533	100
2534	108
2535	114
2536	107
2537	129
2538	111
2539	123
2540	120
2541	112
2542	96
2543	113
2544	98
2545	94
2546	96
2547	113
2548	109
2549	96
2550	106
2551	114
2552	106
2553	123
2554	125
2555	105
2556	103
2557	115
2558	101
2559	118
2560	120
2561	111
2562	106
2563	85
2564	115
2565	108
2566	102
2567	98
2568	119
2569	118
2570	106
2571	116
2572	107
2573	119
2574	119
2575	104
2576	120
2577	117
2578	106
2579	114
2580	100
2581	82
2582	106
2583	117
2584	108
2585	104
2586	132
2587	135
2588	153
2589	197
2590	235
2591	319
2592	375
2593	373
2594	323
2595	250
2596	168
2597	125
2598	107
2599	111
2600	112
2601	122
2602	101
2603	94
2604	103
2605	95
2606	95
2607	95
2608	125
2609	142
2610	137
2611	136
2612	133
2613	132
2614	142
2615	128
2616	110
2617	118
2618	133
2619	121
2620	121
2621	130
2622	148
2623	136
2624	115
2625	86
2626	87
2627	109
2628	103
2629	86
2630	126
2631	76
2632	96
2633	90
2634	91
2635	110
2636	106
2637	117
2638	141
2639	163
2640	134
2641	129
2642	135
2643	122
2644	120
2645	118
2646	104
2647	114
2648	130
2649	115
2650	132
2651	120
2652	128
2653	103
2654	94
2655	92
2656	106
2657	111
2658	135
2659	116
2660	141
2661	118
2662	106
2663	114
2664	118
2665	112
2666	85
2667	85
2668	89
2669	88
2670	84
2671	97
2672	96
2673	111
2674	102
2675	112
2676	127
2677	126
2678	113
2679	120
2680	128
2681	107
2682	105
2683	98
2684	96
2685	122
2686	100
2687	110
2688	112
2689	125
2690	126
2691	112
2692	114
2693	120
2694	97
2695	99
2696	98
2697	91
2698	105
2699	110
2700	116
2701	141
2702	120
2703	127
2704	125
2705	103
2706	114
2707	119
2708	122
2709	103
2710	89
2711	116
2712	102
2713	122
2714	129
2715	163
2716	173
2717	140
2718	131
2719	123
2720	133
2721	121
2722	101
2723	100
2724	90
2725	85
2726	120
2727	89
2728	111
2729	110
2730	130
2731	147
2732	135
2733	113
2734	129
2735	128
2736	121
2737	110
2738	97
2739	119
2740	129
2741	137
2742	141
2743	126
2744	122
2745	135
2746	120
2747	126
2748	110
2749	120
2750	122
2751	120
2752	111
2753	86
2754	106
2755	115
2756	93
2757	113
2758	97
2759	98
2760	114
2761	112
2762	106
2763	119
2764	109
2765	148
2766	135
2767	122
2768	127
2769	115
2770	130
2771	123
2772	126
2773	121
2774	110
2775	112
2776	107
2777	108
2778	110
2779	125
2780	120
2781	130
2782	110
2783	112
2784	106
2785	110
2786	122
2787	100
2788	124
2789	109
2790	128
2791	99
2792	121
2793	116
2794	86
2795	108
2796	102
2797	114
2798	122
2799	112
2800	127
2801	126
2802	110
2803	123
2804	131
2805	107
2806	129
2807	100
2808	119
2809	129
2810	133
2811	113
2812	141
2813	107
2814	119
2815	95
2816	123
2817	111
2818	99
2819	97
2820	101
2821	130
2822	137
2823	136
2824	124
2825	118
2826	115
2827	112
2828	122
2829	109
2830	92
2831	75
2832	83
2833	87
2834	100
2835	93
2836	103
2837	101
2838	123
2839	123
2840	103
2841	111
2842	115
2843	91
2844	114
2845	110
2846	127
2847	107
2848	112
2849	124
2850	129
2851	122
2852	140
2853	128
2854	107
2855	125
2856	122
2857	147
2858	129
2859	98
2860	150
2861	134
2862	121
2863	113
2864	120
2865	133
2866	145
2867	108
2868	147
2869	114
2870	121
2871	118
2872	135
2873	138
2874	120
2875	123
2876	89
2877	94
2878	117
2879	119
2880	125
2881	142
2882	110
2883	135
2884	133
2885	110
2886	152
2887	131
2888	111
2889	133
2890	167
2891	156
2892	158
2893	159
2894	143
2895	145
2896	142
2897	121
2898	111
2899	105
2900	79
2901	96
2902	126
2903	123
2904	118
2905	117
2906	107
2907	107
2908	140
2909	126
2910	156
2911	137
2912	127
2913	131
2914	108
2915	124
2916	108
2917	119
2918	116
2919	112
2920	100
2921	110
2922	107
2923	67
2924	114
2925	114
2926	104
2927	139
2928	135
2929	148
2930	128
2931	131
2932	127
2933	107
2934	114
2935	110
2936	123
2937	115
2938	101
2939	136
2940	140
2941	109
2942	125
2943	110
2944	116
2945	111
2946	116
2947	121
2948	115
2949	110
2950	123
2951	128
2952	103
2953	90
2954	98
2955	100
2956	84
2957	80
2958	88
2959	103
2960	99
2961	110
2962	135
2963	113
2964	134
2965	120
2966	128
2967	118
2968	130
2969	134
2970	140
2971	132
2972	117
2973	143
2974	153
2975	156
2976	154
2977	161
2978	144
2979	132
2980	131
2981	130
2982	121
2983	117
2984	99
2985	103
2986	117
2987	139
2988	124
2989	141
2990	153
2991	165
2992	164
2993	152
2994	160
2995	166
2996	146
2997	149
2998	146
2999	147
3000	141
3001	144
3002	122
3003	137
3004	130
3005	148
3006	119
3007	117
3008	123
3009	127
3010	124
3011	111
3012	128
3013	117
3014	137
3015	143
3016	127
3017	125
3018	126
3019	113
3020	118
3021	130
3022	123
3023	134
3024	126
3025	134
3026	147
3027	153
3028	114
3029	143
3030	155
3031	148
3032	158
3033	147
3034	115
3035	120
3036	128
3037	142
3038	142
3039	115
3040	117
3041	131
3042	123
3043	144
3044	135
3045	120
3046	123
3047	134
3048	138
3049	141
3050	149
3051	135
3052	128
3053	116
3054	138
3055	143
3056	120
3057	147
3058	105
3059	168
3060	164
3061	175
3062	157
3063	154
3064	151
3065	135
3066	138
3067	119
3068	100
3069	151
3070	125
3071	131
3072	136
3073	143
3074	144
3075	127
3076	113
3077	138
3078	120
3079	141
3080	149
3081	129
3082	127
3083	135
3084	121
3085	143
3086	115
3087	130
3088	122
3089	125
3090	135
3091	174
3092	170
3093	150
3094	155
3095	168
3096	166
3097	152
3098	130
3099	119
3100	148
3101	134
3102	134
3103	158
3104	170
3105	143
3106	151
3107	152
3108	143
3109	136
3110	139
3111	110
3112	124
3113	146
3114	130
3115	129
3116	132
3117	146
3118	133
3119	180
3120	160
3121	161
3122	134
3123	161
3124	125
3125	128
3126	152
3127	166
3128	168
3129	151
3130	147
3131	145
3132	132
3133	137
3134	130
3135	128
3136	122
3137	133
3138	133
3139	123
3140	141
3141	135
3142	124
3143	136
3144	125
3145	131
3146	119
3147	120
3148	124
3149	108
3150	130
3151	148
3152	135
3153	131
3154	136
3155	148
3156	125
3157	142
3158	146
3159	143
3160	163
3161	158
3162	148
3163	142
3164	155
3165	148
3166	132
3167	167
3168	134
3169	160
3170	148
3171	141
3172	148
3173	133
3174	122
3175	142
3176	142
3177	156
3178	156
3179	143
3180	166
3181	133
3182	130
3183	129
3184	141
3185	139
3186	125
3187	149
3188	167
3189	163
3190	174
3191	157
3192	173
3193	153
3194	154
3195	160
3196	149
3197	147
3198	150
3199	138
3200	153
3201	140
3202	163
3203	146
3204	155
3205	144
3206	165
3207	131
3208	135
3209	152
3210	124
3211	143
3212	121
3213	141
3214	153
3215	137
3216	150
3217	169
3218	148
3219	153
3220	166
3221	143
3222	134
3223	161
3224	171
3225	157
3226	178
3227	154
3228	166
3229	186
3230	157
3231	149
3232	143
3233	153
3234	134
3235	160
3236	170
3237	168
3238	144
3239	169
3240	150
3241	147
3242	158
3243	162
3244	178
3245	155
3246	161
3247	171
3248	167
3249	166
3250	164
3251	144
3252	141
3253	145
3254	113
3255	151
3256	136
3257	146
3258	140
3259	161
3260	151
3261	161
3262	156
3263	172
3264	172
3265	167
3266	133
3267	162
3268	149
3269	120
3270	137
3271	158
3272	176
3273	160
3274	146
3275	173
3276	164
3277	138
3278	141
3279	166
3280	138
3281	144
3282	144
3283	133
3284	171
3285	181
3286	162
3287	169
3288	143
3289	132
3290	138
3291	123
3292	139
3293	168
3294	146
3295	153
3296	151
3297	166
3298	166
3299	190
3300	169
3301	181
3302	155
3303	182
3304	168
3305	147
3306	157
3307	182
3308	161
3309	185
3310	202
3311	202
3312	168
3313	161
3314	174
3315	186
3316	197
3317	191
3318	198
3319	203
3320	190
3321	215
3322	176
3323	159
3324	153
3325	186
3326	168
3327	158
3328	174
3329	170
3330	162
3331	185
3332	191
3333	180
3334	182
3335	199
3336	176
3337	155
3338	171
3339	160
3340	179
3341	187
3342	170
3343	191
3344	176
3345	187
3346	162
3347	162
3348	190
3349	207
3350	173
3351	169
3352	170
3353	176
3354	188
3355	183
3356	187
3357	161
3358	166
3359	178
3360	186
3361	181
3362	187
3363	172
3364	165
3365	167
3366	155
3367	170
3368	138
3369	152
3370	154
3371	149
3372	153
3373	172
3374	173
3375	181
3376	167
3377	205
3378	191
3379	186
3380	167
3381	180
3382	202
3383	156
3384	172
3385	175
3386	177
3387	161
3388	195
3389	158
3390	158
3391	156
3392	171
3393	144
3394	136
3395	101
3396	102
3397	90
3398	84
3399	66
3400	90
3401	68
3402	71
3403	61
3404	72
3405	70
3406	75
3407	71
3408	48
3409	48
3410	57
3411	43
3412	58
3413	68
3414	65
3415	65
3416	51
3417	57
3418	68
3419	73
3420	59
3421	59
3422	51
3423	40
3424	55
3425	53
3426	40
3427	52
3428	52
3429	53
3430	45
3431	63
3432	68
3433	66
3434	71
3435	60
3436	59
3437	64
3438	44
3439	51
3440	60
3441	57
3442	61
3443	44
3444	52
3445	49
3446	54
3447	67
3448	48
3449	62
3450	48
3451	58
3452	59
3453	54
3454	39
3455	35
3456	34
3457	46
3458	55
3459	41
3460	49
3461	44
3462	52
3463	51
3464	42
3465	48
3466	55
3467	38
3468	39
3469	46
3470	45
3471	46
3472	46
3473	45
3474	33
3475	46
3476	39
3477	50
3478	51
3479	51
3480	62
3481	38
3482	51
3483	62
3484	55
3485	59
3486	74
3487	53
3488	56
3489	68
3490	55
3491	56
3492	45
3493	54
3494	50
3495	43
3496	50
3497	45
3498	51
3499	39
3500	36
3501	45
3502	38
3503	38
3504	50
3505	36
3506	42
3507	55
3508	44
3509	42
3510	54
3511	32
3512	58
3513	28
3514	47
3515	44
3516	62
3517	68
3518	48
3519	56
3520	52
3521	30
3522	42
3523	27
3524	22
3525	20
3526	20
3527	24
3528	26
3529	27
3530	37
3531	27
3532	22
3533	20
3534	23
3535	26
3536	18
3537	33
3538	21
3539	18
3540	29
3541	24
3542	28
3543	30
3544	30
3545	28
3546	20
3547	20
3548	26
3549	17
3550	16
3551	23
3552	16
3553	24
3554	26
3555	35
3556	44
3557	29
3558	45
3559	34
3560	34
3561	27
3562	28
3563	26
3564	17
3565	28
3566	22
3567	31
3568	29
3569	28
3570	29
3571	20
3572	29
3573	23
3574	20
3575	18
3576	22
3577	22
3578	23
3579	24
3580	31
3581	21
3582	18
3583	31
3584	26
3585	22
3586	36
3587	29
3588	26
3589	21
3590	31
3591	15
3592	22
3593	25
3594	18
3595	26
3596	18
3597	19
3598	26
3599	20
3600	19
3601	21
3602	16
3603	16
3604	21
3605	21
3606	24
3607	14
3608	15
3609	17
3610	11
3611	22
3612	20
3613	19
3614	15
3615	19
3616	14
3617	23
3618	22
3619	18
3620	21
3621	25
3622	14
3623	19
3624	24
3625	18
3626	20
3627	21
3628	18
3629	17
3630	26
3631	11
3632	18
3633	16
3634	20
3635	15
3636	18
3637	16
3638	23
3639	21
3640	24
3641	28
3642	21
3643	30
3644	16
3645	21
3646	19
3647	22
3648	20
3649	20
3650	20
3651	15
3652	8
3653	16
3654	16
3655	16
3656	9
3657	10
3658	9
3659	12
3660	24
3661	16
3662	18
3663	20
3664	28
3665	15
3666	16
3667	17
3668	20
3669	21
3670	22
3671	12
3672	14
3673	22
3674	11
3675	21
3676	18
3677	23
3678	19
3679	21
3680	21
3681	11
3682	12
3683	17
3684	14
3685	21
3686	14
3687	15
3688	16
3689	14
3690	22
3691	18
3692	11
3693	8
3694	8
3695	14
3696	6
3697	12
3698	9
3699	6
3700	3
3701	6
3702	7
3703	5
3704	16
3705	7
3706	17
3707	22
3708	9
3709	14
3710	17
3711	14
3712	8
3713	11
3714	12
3715	12
3716	11
3717	17
3718	19
3719	31
3720	17
3721	14
3722	11
3723	10
3724	11
3725	14
3726	16
3727	14
3728	14
3729	20
3730	11
3731	13
3732	7
3733	11
3734	11
3735	9
3736	12
3737	11
3738	17
3739	13
3740	22
3741	34
3742	25
3743	17
3744	22
3745	10
3746	12
3747	3
3748	11
3749	9
3750	12
3751	14
3752	11
3753	11
3754	16
3755	12
3756	17
3757	15
3758	10
3759	9
3760	12
3761	14
3762	12
3763	10
3764	6
3765	6
3766	6
3767	7
3768	8
3769	11
3770	10
3771	12
3772	14
3773	10
3774	14
3775	17
3776	18
3777	16
3778	9
3779	2
3780	10
3781	12
3782	11
3783	6
3784	11
3785	9
3786	11
3787	11
3788	7
3789	9
3790	12
3791	9
3792	12
3793	13
3794	7
3795	7
3796	13
3797	4
3798	6
3799	9
3800	0
3801	13
3802	8
3803	9
3804	13
3805	15
3806	15
3807	7
3808	10
3809	8
3810	13
3811	12
3812	12
3813	12
3814	15
3815	5
3816	14
3817	16
3818	21
3819	17
3820	9
3821	11
3822	10
3823	11
3824	5
3825	7
3826	8
3827	8
3828	6
3829	8
3830	10
3831	4
3832	12
3833	8
3834	9
3835	12
3836	21
3837	11
3838	10
3839	14
3840	10
3841	13
3842	9
3843	16
3844	3
3845	11
3846	9
3847	5
3848	1
3849	0
3850	2
3851	1
3852	0
3853	4
3854	2
3855	1
3856	5
3857	4
3858	9
3859	7
3860	7
3861	10
3862	7
3863	6
3864	8
3865	8
3866	9
3867	8
3868	8
3869	5
3870	14
3871	6
3872	4
3873	6
3874	4
3875	8
3876	7
3877	4
3878	6
3879	5
3880	13
3881	7
3882	10
3883	9
3884	7
3885	14
3886	8
3887	12
3888	7
3889	14
3890	7
3891	15
3892	21
3893	21
3894	19
3895	23
3896	14
3897	23
3898	23
3899	25
3900	31
3901	24
3902	19
3903	11
3904	14
3905	9
3906	9
3907	22
3908	35
3909	47
3910	74
3911	103
3912	74
3913	74
3914	52
3915	40
3916	9
3917	12
3918	9
3919	7
3920	6
3921	6
3922	5
3923	11
3924	5
3925	9
3926	3
3927	8
3928	7
3929	4
3930	4
3931	11
3932	8
3933	7
3934	10
3935	4
3936	5
3937	10
3938	9
3939	4
3940	5
3941	4
3942	9
3943	7
3944	5
3945	16
3946	6
3947	4
3948	7
3949	9
3950	9
3951	5
3952	10
3953	8
3954	6
3955	10
3956	12
3957	3
3958	11
3959	11
3960	5
3961	11
3962	10
3963	6
3964	4
3965	15
3966	7
3967	7
3968	9
3969	6
3970	3
3971	7
3972	10
3973	6
3974	5
3975	4
3976	2
3977	6
3978	11
3979	9
3980	8
3981	12
3982	4
3983	14
3984	30
3985	117
3986	296
3987	683
3988	1136
3989	1612
3990	1778
3991	1516
3992	1097
3993	599
3994	274
3995	100
3996	32
3997	6
3998	2
3999	0
4000	1
4001	0
4002	0
4003	0
4004	0
4005	0
4006	0
4007	0
4008	0
4009	0
4010	0
4011	0
4012	0
4013	0
4014	0
4015	0
4016	0
4017	0
4018	0
4019	0
4020	0
4021	0
4022	0
4023	0
4024	0
4025	0
4026	0
4027	0
4028	0
4029	0
4030	0
4031	0
4032	0
4033	0
4034	0
4035	0
4036	0
4037	0
4038	0
4039	0
4040	0
4041	0
4042	0
4043	0
4044	0
4045	0
4046	0
4047	0
4048	0
4049	0
4050	0
4051	0
4052	0
4053	0
4054	0
4055	0
4056	0
4057	0
4058	0
4059	0
4060	0
4061	0
4062	0
4063	0
4064	0
4065	0
4066	0
4067	0
4068	0
4069	0
4070	0
4071	0
4072	0
4073	0
4074	0
4075	0
4076	0
4077	0
4078	0
4079	0
4080	0
4081	0
4082	0
4083	0
4084	0
4085	0
4086	0
4087	0
4088	0
4089	0
4090	0
4091	0
4092	0
4093	0
4094	0
4095	0
4096	0
4097	0
4098	0
4099	0
4100	0
4101	0
4102	0
4103	0
4104	0
4105	0
4106	0
4107	0
4108	0
4109	0
4110	0
4111	0
4112	0
4113	0
4114	0
4115	0
4116	0
4117	0
4118	0
4119	0
4120	0
4121	0
4122	0
4123	0
4124	0
4125	0
4126	0
4127	0
4128	0
4129	0
4130	0
4131	0
4132	0
4133	0
4134	0
4135	0
4136	0
4137	0
4138	0
4139	0
4140	0
4141	0
4142	0
4143	0
4144	0
4145	0
4146	0
4147	0
4148	0
4149	0
4150	0
4151	0
4152	0
4153	0
4154	0
4155	0
4156	0
4157	0
4158	0
4159	0
4160	0
4161	0
4162	0
4163	0
4164	0
4165	0
4166	0
4167	0
4168	0
4169	0
4170	0
4171	0
4172	0
4173	0
4174	0
4175	0
4176	0
4177	0
4178	0
4179	0
4180	0
4181	0
4182	0
4183	0
4184	0
4185	0
4186	0
4187	0
4188	0
4189	0
4190	0
4191	0
4192	0
4193	0
4194	0
4195	0
4196	0
4197	0
4198	0
4199	0
4200	0
4201	0
4202	0
4203	0
4204	0
4205	0
4206	0
4207	0
4208	0
4209	0
4210	0
4211	0
4212	0
4213	0
4214	0
4215	0
4216	0
4217	0
4218	0
4219	0
4220	0
4221	0
4222	0
4223	0
4224	0
4225	0
4226	0
4227	0
4228	0
4229	0
4230	0
4231	0
4232	0
4233	0
4234	0
4235	0
4236	0
4237	0
4238	0
4239	0
4240	0
4241	0
4242	0
4243	0
4244	0
4245	0
4246	0
4247	0
4248	0
4249	0
4250	0
4251	0
4252	0
4253	0
4254	0
4255	0
4256	0
4257	0
4258	0
4259	0
4260	0
4261	0
4262	0
4263	0
4264	0
4265	0
4266	0
4267	0
4268	0
4269	0
4270	0
4271	0
4272	0
4273	0
4274	0
4275	0
4276	0
4277	0
4278	0
4279	0
4280	0
4281	0
4282	0
4283	0
4284	0
4285	0
4286	0
4287	0
4288	0
4289	0
4290	0
4291	0
4292	0
4293	0
4294	0
4295	0
4296	0
4297	0
4298	0
4299	0
4300	0
4301	0
4302	0
4303	0
4304	0
4305	0
4306	0
4307	0
4308	0
4309	0
4310	0
4311	0
4312	0
4313	0
4314	0
4315	0
4316	0
4317	0
4318	0
4319	0
4320	0
4321	0
4322	0
4323	0
4324	0
4325	0
4326	0
4327	0
4328	0
4329	0
4330	0
4331	0
4332	0
4333	0
4334	0
4335	0
4336	0
4337	0
4338	0
4339	0
4340	0
4341	0
4342	0
4343	0
4344	0
4345	0
4346	0
4347	0
4348	0
4349	0
4350	0
4351	0
4352	0
4353	0
4354	0
4355	0
4356	0
4357	0
4358	0
4359	0
4360	0
4361	0
4362	0
4363	0
4364	0
4365	0
4366	0
4367	0
4368	0
4369	0
4370	0
4371	0
4372	0
4373	0
4374	0
4375	0
4376	0
4377	0
4378	0
4379	0
4380	0
4381	0
4382	0
4383	0
4384	0
4385	0
4386	0
4387	0
4388	0
4389	0
4390	0
4391	0
4392	0
4393	0
4394	0
4395	0
4396	0
4397	0
4398	0
4399	0
4400	0
4401	0
4402	0
4403	0
4404	0
4405	0
4406	0
4407	0
4408	0
4409	0
4410	0
4411	0
4412	0
4413	0
4414	0
4415	0
4416	0
4417	0
4418	0
4419	0
4420	0
4421	0
4422	0
4423	0
4424	0
4425	0
4426	0
4427	0
4428	0
4429	0
4430	0
4431	0
4432	0
4433	0
4434	0
4435	0
4436	0
4437	0
4438	0
4439	0
4440	0
4441	0
4442	0
4443	0
4444	0
4445	0
4446	0
4447	0
4448	0
4449	0
4450	0
4451	0
4452	0
4453	0
4454	0
4455	0
4456	0
4457	0
4458	0
4459	0
4460	0
4461	0
4462	0
4463	0
4464	0
4465	0
4466	0
4467	0
4468	0
4469	0
4470	0
4471	0
4472	0
4473	0
4474	0
4475	0
4476	0
4477	0
4478	0
4479	0
4480	0
4481	0
4482	0
4483	0
4484	0
4485	0
4486	0
4487	0
4488	0
4489	0
4490	0
4491	0
4492	0
4493	0
4494	0
4495	0
4496	0
4497	0
4498	0
4499	0
4500	0
4501	0
4502	0
4503	0
4504	0
4505	0
4506	0
4507	0
4508	0
4509	0
4510	0
4511	0
4512	0
4513	0
4514	0
4515	0
4516	0
4517	0
4518	0
4519	0
4520	0
4521	0
4522	0
4523	0
4524	0
4525	0
4526	0
4527	0
4528	0
4529	0
4530	0
4531	0
4532	0
4533	0
4534	0
4535	0
4536	0
4537	0
4538	0
4539	0
4540	0
4541	0
4542	0
4543	0
4544	0
4545	0
4546	0
4547	0
4548	0
4549	0
4550	0
4551	0
4552	0
4553	0
4554	0
4555	0
4556	0
4557	0
4558	0
4559	0
4560	0
4561	0
4562	0
4563	0
4564	0
4565	0
4566	0
4567	0
4568	0
4569	0
4570	0
4571	0
4572	0
4573	0
4574	0
4575	0
4576	0
4577	0
4578	0
4579	0
4580	0
4581	0
4582	0
4583	0
4584	0
4585	0
4586	0
4587	0
4588	0
4589	0
4590	0
4591	0
4592	0
4593	0
4594	0
4595	0
4596	0
4597	0
4598	0
4599	0
4600	0
4601	0
4602	0
4603	0
4604	0
4605	0
4606	0
4607	0
4608	0
4609	0
4610	0
4611	0
4612	0
4613	0
4614	0
4615	0
4616	0
4617	0
4618	0
4619	0
4620	0
4621	0
4622	0
4623	0
4624	0
4625	0
4626	0
4627	0
4628	0
4629	0
4630	0
4631	0
4632	0
4633	0
4634	0
4635	0
4636	0
4637	0
4638	0
4639	0
4640	0
4641	0
4642	0
4643	0
4644	0
4645	0
4646	0
4647	0
4648	0
4649	0
4650	0
4651	0
4652	0
4653	0
4654	0
4655	0
4656	0
4657	0
4658	0
4659	0
4660	0
4661	0
4662	0
4663	0
4664	0
4665	0
4666	0
4667	0
4668	0
4669	0
4670	0
4671	0
4672	0
4673	0
4674	0
4675	0
4676	0
4677	0
4678	0
4679	0
4680	0
4681	0
4682	0
4683	0
4684	0
4685	0
4686	0
4687	0
4688	0
4689	0
4690	0
4691	0
4692	0
4693	0
4694	0
4695	0
4696	0
4697	0
4698	0
4699	0
4700	0
4701	0
4702	0
4703	0
4704	0
4705	0
4706	0
4707	0
4708	0
4709	0
4710	0
4711	0
4712	0
4713	0
4714	0
4715	0
4716	0
4717	0
4718	0
4719	0
4720	0
4721	0
4722	0
4723	0
4724	0
4725	0
4726	0
4727	0
4728	0
4729	0
4730	0
4731	0
4732	0
4733	0
4734	0
4735	0
4736	0
4737	0
4738	0
4739	0
4740	0
4741	0
4742	0
4743	0
4744	0
4745	0
4746	0
4747	0
4748	0
4749	0
4750	0
4751	0
4752	0
4753	0
4754	0
4755	0
4756	0
4757	0
4758	0
4759	0
4760	0
4761	0
4762	0
4763	0
4764	0
4765	0
4766	0
4767	0
4768	0
4769	0
4770	0
4771	0
4772	0
4773	0
4774	0
4775	0
4776	0
4777	0
4778	0
4779	0
4780	0
4781	0
4782	0
4783	0
4784	0
4785	0
4786	0
4787	0
4788	0
4789	0
4790	0
4791	0
4792	0
4793	0
4794	0
4795	0
4796	0
4797	0
4798	0
4799	0
4800	0
4801	0
4802	0
4803	0
4804	0
4805	0
4806	0
4807	0
4808	0
4809	0
4810	0
4811	0
4812	0
4813	0
4814	0
4815	0
4816	0
4817	0
4818	0
4819	0
4820	0
4821	0
4822	0
4823	0
4824	0
4825	0
4826	0
4827	0
4828	0
4829	0
4830	0
4831	0
4832	0
4833	0
4834	0
4835	0
4836	0
4837	0
4838	0
4839	0
4840	0
4841	0
4842	0
4843	0
4844	0
4845	0
4846	0
4847	0
4848	0
4849	0
4850	0
4851	0
4852	0
4853	0
4854	0
4855	0
4856	0
4857	0
4858	0
4859	0
4860	0
4861	0
4862	0
4863	0
4864	0
4865	0
4866	0
4867	0
4868	0
4869	0
4870	0
4871	0
4872	0
4873	0
4874	0
4875	0
4876	0
4877	0
4878	0
4879	0
4880	0
4881	0
4882	0
4883	0
4884	0
4885	0
4886	0
4887	0
4888	0
4889	0
4890	0
4891	0
4892	0
4893	0
4894	0
4895	0
4896	0
4897	0
4898	0
4899	0
4900	0
4901	0
4902	0
4903	0
4904	0
4905	0
4906	0
4907	0
4908	0
4909	0
4910	0
4911	0
4912	0
4913	0
4914	0
4915	0
4916	0
4917	0
4918	0
4919	0
4920	0
4921	0
4922	0
4923	0
4924	0
4925	0
4926	0
4927	0
4928	0
4929	0
4930	0
4931	0
4932	0
4933	0
4934	0
4935	0
4936	0
4937	0
4938	0
4939	0
4940	0
4941	0
4942	0
4943	0
4944	0
4945	0
4946	0
4947	0
4948	0
4949	0
4950	0
4951	0
4952	0
4953	0
4954	0
4955	0
4956	0
4957	0
4958	0
4959	0
4960	0
4961	0
4962	0
4963	0
4964	0
4965	0
4966	0
4967	0
4968	0
4969	0
4970	0
4971	0
4972	0
4973	0
4974	0
4975	0
4976	0
4977	0
4978	0
4979	0
4980	0
4981	0
4982	0
4983	0
4984	0
4985	0
4986	0
4987	0
4988	0
4989	0
4990	0
4991	0
4992	0
4993	0
4994	0
4995	0
4996	0
4997	0
4998	0
4999	0
5000	0
5001	0
5002	0
5003	0
5004	0
5005	0
5006	0
5007	0
5008	0
5009	0
5010	0
5011	0
5012	0
5013	0
5014	0
5015	0
5016	0
5017	0
5018	0
5019	0
5020	0
5021	0
5022	0
5023	0
5024	0
5025	0
5026	0
5027	0
5028	0
5029	0
5030	0
5031	0
5032	0
5033	0
5034	0
5035	0
5036	0
5037	0
5038	0
5039	0
5040	0
5041	0
5042	0
5043	0
5044	0
5045	0
5046	0
5047	0
5048	0
5049	0
5050	0
5051	0
5052	0
5053	0
5054	0
5055	0
5056	0
5057	0
5058	0
5059	0
5060	0
5061	0
5062	0
5063	0
5064	0
5065	0
5066	0
5067	0
5068	0
5069	0
5070	0
5071	0
5072	0
5073	0
5074	0
5075	0
5076	0
5077	0
5078	0
5079	0
5080	0
5081	0
5082	0
5083	0
5084	0
5085	0
5086	0
5087	0
5088	0
5089	0
5090	0
5091	0
5092	0
5093	0
5094	0
5095	0
5096	0
5097	0
5098	0
5099	0
5100	0
5101	0
5102	0
5103	0
5104	0
5105	0
5106	0
5107	0
5108	0
5109	0
5110	0
5111	0
5112	0
5113	0
5114	0
5115	0
5116	0
5117	0
5118	0
5119	0
5120	0
5121	0
5122	0
5123	0
5124	0
5125	0
5126	0
5127	0
5128	0
5129	0
5130	0
5131	0
5132	0
5133	0
5134	0
5135	0
5136	0
5137	0
5138	0
5139	0
5140	0
5141	0
5142	0
5143	0
5144	0
5145	0
5146	0
5147	0
5148	0
5149	0
5150	0
5151	0
5152	0
5153	0
5154	0
5155	0
5156	0
5157	0
5158	0
5159	0
5160	0
5161	0
5162	0
5163	0
5164	0
5165	0
5166	0
5167	0
5168	0
5169	0
5170	0
5171	0
5172	0
5173	0
5174	0
5175	0
5176	0
5177	0
5178	0
5179	0
5180	0
5181	0
5182	0
5183	0
5184	0
5185	0
5186	0
5187	0
5188	0
5189	0
5190	0
5191	0
5192	0
5193	0
5194	0
5195	0
5196	0
5197	0
5198	0
5199	0
5200	0
5201	0
5202	0
5203	0
5204	0
5205	0
5206	0
5207	0
5208	0
5209	0
5210	0
5211	0
5212	0
5213	0
5214	0
5215	0
5216	0
5217	0
5218	0
5219	0
5220	0
5221	0
5222	0
5223	0
5224	0
5225	0
5226	0
5227	0
5228	0
5229	0
5230	0
5231	0
5232	0
5233	0
5234	0
5235	0
5236	0
5237	0
5238	0
5239	0
5240	0
5241	0
5242	0
5243	0
5244	0
5245	0
5246	0
5247	0
5248	0
5249	0
5250	0
5251	0
5252	0
5253	0
5254	0
5255	0
5256	0
5257	0
5258	0
5259	0
5260	0
5261	0
5262	0
5263	0
5264	0
5265	0
5266	0
5267	0
5268	0
5269	0
5270	0
5271	0
5272	0
5273	0
5274	0
5275	0
5276	0
5277	0
5278	0
5279	0
5280	0
5281	0
5282	0
5283	0
5284	0
5285	0
5286	0
5287	0
5288	0
5289	0
5290	0
5291	0
5292	0
5293	0
5294	0
5295	0
5296	0
5297	0
5298	0
5299	0
5300	0
5301	0
5302	0
5303	0
5304	0
5305	0
5306	0
5307	0
5308	0
5309	0
5310	0
5311	0
5312	0
5313	0
5314	0
5315	0
5316	0
5317	0
5318	0
5319	0
5320	0
5321	0
5322	0
5323	0
5324	0
5325	0
5326	0
5327	0
5328	0
5329	0
5330	0
5331	0
5332	0
5333	0
5334	0
5335	0
5336	0
5337	0
5338	0
5339	0
5340	0
5341	0
5342	0
5343	0
5344	0
5345	0
5346	0
5347	0
5348	0
5349	0
5350	0
5351	0
5352	0
5353	0
5354	0
5355	0
5356	0
5357	0
5358	0
5359	0
5360	0
5361	0
5362	0
5363	0
5364	0
5365	0
5366	0
5367	0
5368	0
5369	0
5370	0
5371	0
5372	0
5373	0
5374	0
5375	0
5376	0
5377	0
5378	0
5379	0
5380	0
5381	0
5382	0
5383	0
5384	0
5385	0
5386	0
5387	0
5388	0
5389	0
5390	0
5391	0
5392	0
5393	0
5394	0
5395	0
5396	0
5397	0
5398	0
5399	0
5400	0
5401	0
5402	0
5403	0
5404	0
5405	0
5406	0
5407	0
5408	0
5409	0
5410	0
5411	0
5412	0
5413	0
5414	0
5415	0
5416	0
5417	0
5418	0
5419	0
5420	0
5421	0
5422	0
5423	0
5424	0
5425	0
5426	0
5427	0
5428	0
5429	0
5430	0
5431	0
5432	0
5433	0
5434	0
5435	0
5436	0
5437	0
5438	0
5439	0
5440	0
5441	0
5442	0
5443	0
5444	0
5445	0
5446	0
5447	0
5448	0
5449	0
5450	0
5451	0
5452	0
5453	0
5454	0
5455	0
5456	0
5457	0
5458	0
5459	0
5460	0
5461	0
5462	0
5463	0
5464	0
5465	0
5466	0
5467	0
5468	0
5469	0
5470	0
5471	0
5472	0
5473	0
5474	0
5475	0
5476	0
5477	0
5478	0
5479	0
5480	0
5481	0
5482	0
5483	0
5484	0
5485	0
5486	0
5487	0
5488	0
5489	0
5490	0
5491	0
5492	0
5493	0
5494	0
5495	0
5496	0
5497	0
5498	0
5499	0
5500	0
5501	0
5502	0
5503	0
5504	0
5505	0
5506	0
5507	0
5508	0
5509	0
5510	0
5511	0
5512	0
5513	0
5514	0
5515	0
5516	0
5517	0
5518	0
5519	0
5520	0
5521	0
5522	0
5523	0
5524	0
5525	0
5526	0
5527	0
5528	0
5529	0
5530	0
5531	0
5532	0
5533	0
5534	0
5535	0
5536	0
5537	0
5538	0
5539	0
5540	0
5541	0
5542	0
5543	0
5544	0
5545	0
5546	0
5547	0
5548	0
5549	0
5550	0
5551	0
5552	0
5553	0
5554	0
5555	0
5556	0
5557	0
5558	0
5559	0
5560	0
5561	0
5562	0
5563	0
5564	0
5565	0
5566	0
5567	0
5568	0
5569	0
5570	0
5571	0
5572	0
5573	0
5574	0
5575	0
5576	0
5577	0
5578	0
5579	0
5580	0
5581	0
5582	0
5583	0
5584	0
5585	0
5586	0
5587	0
5588	0
5589	0
5590	0
5591	0
5592	0
5593	0
5594	0
5595	0
5596	0
5597	0
5598	0
5599	0
5600	0
5601	0
5602	0
5603	0
5604	0
5605	0
5606	0
5607	0
5608	0
5609	0
5610	0
5611	0
5612	0
5613	0
5614	0
5615	0
5616	0
5617	0
5618	0
5619	0
5620	0
5621	0
5622	0
5623	0
5624	0
5625	0
5626	0
5627	0
5628	0
5629	0
5630	0
5631	0
5632	0
5633	0
5634	0
5635	0
5636	0
5637	0
5638	0
5639	0
5640	0
5641	0
5642	0
5643	0
5644	0
5645	0
5646	0
5647	0
5648	0
5649	0
5650	0
5651	0
5652	0
5653	0
5654	0
5655	0
5656	0
5657	0
5658	0
5659	0
5660	0
5661	0
5662	0
5663	0
5664	0
5665	0
5666	0
5667	0
5668	0
5669	0
5670	0
5671	0
5672	0
5673	0
5674	0
5675	0
5676	0
5677	0
5678	0
5679	0
5680	0
5681	0
5682	0
5683	0
5684	0
5685	0
5686	0
5687	0
5688	0
5689	0
5690	0
5691	0
5692	0
5693	0
5694	0
5695	0
5696	0
5697	0
5698	0
5699	0
5700	0
5701	0
5702	0
5703	0
5704	0
5705	0
5706	0
5707	0
5708	0
5709	0
5710	0
5711	0
5712	0
5713	0
5714	0
5715	0
5716	0
5717	0
5718	0
5719	0
5720	0
5721	0
5722	0
5723	0
5724	0
5725	0
5726	0
5727	0
5728	0
5729	0
5730	0
5731	0
5732	0
5733	0
5734	0
5735	0
5736	0
5737	0
5738	0
5739	0
5740	0
5741	0
5742	0
5743	0
5744	0
5745	0
5746	0
5747	0
5748	0
5749	0
5750	0
5751	0
5752	0
5753	0
5754	0
5755	0
5756	0
5757	0
5758	0
5759	0
5760	0
5761	0
5762	0
5763	0
5764	0
5765	0
5766	0
5767	0
5768	0
5769	0
5770	0
5771	0
5772	0
5773	0
5774	0
5775	0
5776	0
5777	0
5778	0
5779	0
5780	0
5781	0
5782	0
5783	0
5784	0
5785	0
5786	0
5787	0
5788	0
5789	0
5790	0
5791	0
5792	0
5793	0
5794	0
5795	0
5796	0
5797	0
5798	0
5799	0
5800	0
5801	0
5802	0
5803	0
5804	0
5805	0
5806	0
5807	0
5808	0
5809	0
5810	0
5811	0
5812	0
5813	0
5814	0
5815	0
5816	0
5817	0
5818	0
5819	0
5820	0
5821	0
5822	0
5823	0
5824	0
5825	0
5826	0
5827	0
5828	0
5829	0
5830	0
5831	0
5832	0
5833	0
5834	0
5835	0
5836	0
5837	0
5838	0
5839	0
5840	0
5841	0
5842	0
5843	0
5844	0
5845	0
5846	0
5847	0
5848	0
5849	0
5850	0
5851	0
5852	0
5853	0
5854	0
5855	0
5856	0
5857	0
5858	0
5859	0
5860	0
5861	0
5862	0
5863	0
5864	0
5865	0
5866	0
5867	0
5868	0
5869	0
5870	0
5871	0
5872	0
5873	0
5874	0
5875	0
5876	0
5877	0
5878	0
5879	0
5880	0
5881	0
5882	0
5883	0
5884	0
5885	0
5886	0
5887	0
5888	0
5889	0
5890	0
5891	0
5892	0
5893	0
5894	0
5895	0
5896	0
5897	0
5898	0
5899	0
5900	0
5901	0
5902	0
5903	0
5904	0
5905	0
5906	0
5907	0
5908	0
5909	0
5910	0
5911	0
5912	0
5913	0
5914	0
5915	0
5916	0
5917	0
5918	0
5919	0
5920	0
5921	0
5922	0
5923	0
5924	0
5925	0
5926	0
5927	0
5928	0
5929	0
5930	0
5931	0
5932	0
5933	0
5934	0
5935	0
5936	0
5937	0
5938	0
5939	0
5940	0
5941	0
5942	0
5943	0
5944	0
5945	0
5946	0
5947	0
5948	0
5949	0
5950	0
5951	0
5952	0
5953	0
5954	0
5955	0
5956	0
5957	0
5958	0
5959	0
5960	0
5961	0
5962	0
5963	0
5964	0
5965	0
5966	0
5967	0
5968	0
5969	0
5970	0
5971	0
5972	0
5973	0
5974	0
5975	0
5976	0
5977	0
5978	0
5979	0
5980	0
5981	0
5982	0
5983	0
5984	0
5985	0
5986	0
5987	0
5988	0
5989	0
5990	0
5991	0
5992	0
5993	0
5994	0
5995	0
5996	0
5997	0
5998	0
5999	0
6000	0
6001	0
6002	0
6003	0
6004	0
6005	0
6006	0
6007	0
6008	0
6009	0
6010	0
6011	0
6012	0
6013	0
6014	0
6015	0
6016	0
6017	0
6018	0
6019	0
6020	0
6021	0
6022	0
6023	0
6024	0
6025	0
6026	0
6027	0
6028	0
6029	0
6030	0
6031	0
6032	0
6033	0
6034	0
6035	0
6036	0
6037	0
6038	0
6039	0
6040	0
6041	0
6042	0
6043	0
6044	0
6045	0
6046	0
6047	0
6048	0
6049	0
6050	0
6051	0
6052	0
6053	0
6054	0
6055	0
6056	0
6057	0
6058	0
6059	0
6060	0
6061	0
6062	0
6063	0
6064	0
6065	0
6066	0
6067	0
6068	0
6069	0
6070	0
6071	0
6072	0
6073	0
6074	0
6075	0
6076	0
6077	0
6078	0
6079	0
6080	0
6081	0
6082	0
6083	0
6084	0
6085	0
6086	0
6087	0
6088	0
6089	0
6090	0
6091	0
6092	0
6093	0
6094	0
6095	0
6096	0
6097	0
6098	0
6099	0
6100	0
6101	0
6102	0
6103	0
6104	0
6105	0
6106	0
6107	0
6108	0
6109	0
6110	0
6111	0
6112	0
6113	0
6114	0
6115	0
6116	0
6117	0
6118	0
6119	0
6120	0
6121	0
6122	0
6123	0
6124	0
6125	0
6126	0
6127	0
6128	0
6129	0
6130	0
6131	0
6132	0
6133	0
6134	0
6135	0
6136	0
6137	0
6138	0
6139	0
6140	0
6141	0
6142	0
6143	0
6144	0
6145	0
6146	0
6147	0
6148	0
6149	0
6150	0
6151	0
6152	0
6153	0
6154	0
6155	0
6156	0
6157	0
6158	0
6159	0
6160	0
6161	0
6162	0
6163	0
6164	0
6165	0
6166	0
6167	0
6168	0
6169	0
6170	0
6171	0
6172	0
6173	0
6174	0
6175	0
6176	0
6177	0
6178	0
6179	0
6180	0
6181	0
6182	0
6183	0
6184	0
6185	0
6186	0
6187	0
6188	0
6189	0
6190	0
6191	0
6192	0
6193	0
6194	0
6195	0
6196	0
6197	0
6198	0
6199	0
6200	0
6201	0
6202	0
6203	0
6204	0
6205	0
6206	0
6207	0
6208	0
6209	0
6210	0
6211	0
6212	0
6213	0
6214	0
6215	0
6216	0
6217	0
6218	0
6219	0
6220	0
6221	0
6222	0
6223	0
6224	0
6225	0
6226	0
6227	0
6228	0
6229	0
6230	0
6231	0
6232	0
6233	0
6234	0
6235	0
6236	0
6237	0
6238	0
6239	0
6240	0
6241	0
6242	0
6243	0
6244	0
6245	0
6246	0
6247	0
6248	0
6249	0
6250	0
6251	0
6252	0
6253	0
6254	0
6255	0
6256	0
6257	0
6258	0
6259	0
6260	0
6261	0
6262	0
6263	0
6264	0
6265	0
6266	0
6267	0
6268	0
6269	0
6270	0
6271	0
6272	0
6273	0
6274	0
6275	0
6276	0
6277	0
6278	0
6279	0
6280	0
6281	0
6282	0
6283	0
6284	0
6285	0
6286	0
6287	0
6288	0
6289	0
6290	0
6291	0
6292	0
6293	0
6294	0
6295	0
6296	0
6297	0
6298	0
6299	0
6300	0
6301	0
6302	0
6303	0
6304	0
6305	0
6306	0
6307	0
6308	0
6309	0
6310	0
6311	0
6312	0
6313	0
6314	0
6315	0
6316	0
6317	0
6318	0
6319	0
6320	0
6321	0
6322	0
6323	0
6324	0
6325	0
6326	0
6327	0
6328	0
6329	0
6330	0
6331	0
6332	0
6333	0
6334	0
6335	0
6336	0
6337	0
6338	0
6339	0
6340	0
6341	0
6342	0
6343	0
6344	0
6345	0
6346	0
6347	0
6348	0
6349	0
6350	0
6351	0
6352	0
6353	0
6354	0
6355	0
6356	0
6357	0
6358	0
6359	0
6360	0
6361	0
6362	0
6363	0
6364	0
6365	0
6366	0
6367	0
6368	0
6369	0
6370	0
6371	0
6372	0
6373	0
6374	0
6375	0
6376	0
6377	0
6378	0
6379	0
6380	0
6381	0
6382	0
6383	0
6384	0
6385	0
6386	0
6387	0
6388	0
6389	0
6390	0
6391	0
6392	0
6393	0
6394	0
6395	0
6396	0
6397	0
6398	0
6399	0
6400	0
6401	0
6402	0
6403	0
6404	0
6405	0
6406	0
6407	0
6408	0
6409	0
6410	0
6411	0
6412	0
6413	0
6414	0
6415	0
6416	0
6417	0
6418	0
6419	0
6420	0
6421	0
6422	0
6423	0
6424	0
6425	0
6426	0
6427	0
6428	0
6429	0
6430	0
6431	0
6432	0
6433	0
6434	0
6435	0
6436	0
6437	0
6438	0
6439	0
6440	0
6441	0
6442	0
6443	0
6444	0
6445	0
6446	0
6447	0
6448	0
6449	0
6450	0
6451	0
6452	0
6453	0
6454	0
6455	0
6456	0
6457	0
6458	0
6459	0
6460	0
6461	0
6462	0
6463	0
6464	0
6465	0
6466	0
6467	0
6468	0
6469	0
6470	0
6471	0
6472	0
6473	0
6474	0
6475	0
6476	0
6477	0
6478	0
6479	0
6480	0
6481	0
6482	0
6483	0
6484	0
6485	0
6486	0
6487	0
6488	0
6489	0
6490	0
6491	0
6492	0
6493	0
6494	0
6495	0
6496	0
6497	0
6498	0
6499	0
6500	0
6501	0
6502	0
6503	0
6504	0
6505	0
6506	0
6507	0
6508	0
6509	0
6510	0
6511	0
6512	0
6513	0
6514	0
6515	0
6516	0
6517	0
6518	0
6519	0
6520	0
6521	0
6522	0
6523	0
6524	0
6525	0
6526	0
6527	0
6528	0
6529	0
6530	0
6531	0
6532	0
6533	0
6534	0
6535	0
6536	0
6537	0
6538	0
6539	0
6540	0
6541	0
6542	0
6543	0
6544	0
6545	0
6546	0
6547	0
6548	0
6549	0
6550	0
6551	0
6552	0
6553	0
6554	0
6555	0
6556	0
6557	0
6558	0
6559	0
6560	0
6561	0
6562	0
6563	0
6564	0
6565	0
6566	0
6567	0
6568	0
6569	0
6570	0
6571	0
6572	0
6573	0
6574	0
6575	0
6576	0
6577	0
6578	0
6579	0
6580	0
6581	0
6582	0
6583	0
6584	0
6585	0
6586	0
6587	0
6588	0
6589	0
6590	0
6591	0
6592	0
6593	0
6594	0
6595	0
6596	0
6597	0
6598	0
6599	0
6600	0
6601	0
6602	0
6603	0
6604	0
6605	0
6606	0
6607	0
6608	0
6609	0
6610	0
6611	0
6612	0
6613	0
6614	0
6615	0
6616	0
6617	0
6618	0
6619	0
6620	0
6621	0
6622	0
6623	0
6624	0
6625	0
6626	0
6627	0
6628	0
6629	0
6630	0
6631	0
6632	0
6633	0
6634	0
6635	0
6636	0
6637	0
6638	0
6639	0
6640	0
6641	0
6642	0
6643	0
6644	0
6645	0
6646	0
6647	0
6648	0
6649	0
6650	0
6651	0
6652	0
6653	0
6654	0
6655	0
6656	0
6657	0
6658	0
6659	0
6660	0
6661	0
6662	0
6663	0
6664	0
6665	0
6666	0
6667	0
6668	0
6669	0
6670	0
6671	0
6672	0
6673	0
6674	0
6675	0
6676	0
6677	0
6678	0
6679	0
6680	0
6681	0
6682	0
6683	0
6684	0
6685	0
6686	0
6687	0
6688	0
6689	0
6690	0
6691	0
6692	0
6693	0
6694	0
6695	0
6696	0
6697	0
6698	0
6699	0
6700	0
6701	0
6702	0
6703	0
6704	0
6705	0
6706	0
6707	0
6708	0
6709	0
6710	0
6711	0
6712	0
6713	0
6714	0
6715	0
6716	0
6717	0
6718	0
6719	0
6720	0
6721	0
6722	0
6723	0
6724	0
6725	0
6726	0
6727	0
6728	0
6729	0
6730	0
6731	0
6732	0
6733	0
6734	0
6735	0
6736	0
6737	0
6738	0
6739	0
6740	0
6741	0
6742	0
6743	0
6744	0
6745	0
6746	0
6747	0
6748	0
6749	0
6750	0
6751	0
6752	0
6753	0
6754	0
6755	0
6756	0
6757	0
6758	0
6759	0
6760	0
6761	0
6762	0
6763	0
6764	0
6765	0
6766	0
6767	0
6768	0
6769	0
6770	0
6771	0
6772	0
6773	0
6774	0
6775	0
6776	0
6777	0
6778	0
6779	0
6780	0
6781	0
6782	0
6783	0
6784	0
6785	0
6786	0
6787	0
6788	0
6789	0
6790	0
6791	0
6792	0
6793	0
6794	0
6795	0
6796	0
6797	0
6798	0
6799	0
6800	0
6801	0
6802	0
6803	0
6804	0
6805	0
6806	0
6807	0
6808	0
6809	0
6810	0
6811	0
6812	0
6813	0
6814	0
6815	0
6816	0
6817	0
6818	0
6819	0
6820	0
6821	0
6822	0
6823	0
6824	0
6825	0
6826	0
6827	0
6828	0
6829	0
6830	0
6831	0
6832	0
6833	0
6834	0
6835	0
6836	0
6837	0
6838	0
6839	0
6840	0
6841	0
6842	0
6843	0
6844	0
6845	0
6846	0
6847	0
6848	0
6849	0
6850	0
6851	0
6852	0
6853	0
6854	0
6855	0
6856	0
6857	0
6858	0
6859	0
6860	0
6861	0
6862	0
6863	0
6864	0
6865	0
6866	0
6867	0
6868	0
6869	0
6870	0
6871	0
6872	0
6873	0
6874	0
6875	0
6876	0
6877	0
6878	0
6879	0
6880	0
6881	0
6882	0
6883	0
6884	0
6885	0
6886	0
6887	0
6888	0
6889	0
6890	0
6891	0
6892	0
6893	0
6894	0
6895	0
6896	0
6897	0
6898	0
6899	0
6900	0
6901	0
6902	0
6903	0
6904	0
6905	0
6906	0
6907	0
6908	0
6909	0
6910	0
6911	0
6912	0
6913	0
6914	0
6915	0
6916	0
6917	0
6918	0
6919	0
6920	0
6921	0
6922	0
6923	0
6924	0
6925	0
6926	0
6927	0
6928	0
6929	0
6930	0
6931	0
6932	0
6933	0
6934	0
6935	0
6936	0
6937	0
6938	0
6939	0
6940	0
6941	0
6942	0
6943	0
6944	0
6945	0
6946	0
6947	0
6948	0
6949	0
6950	0
6951	0
6952	0
6953	0
6954	0
6955	0
6956	0
6957	0
6958	0
6959	0
6960	0
6961	0
6962	0
6963	0
6964	0
6965	0
6966	0
6967	0
6968	0
6969	0
6970	0
6971	0
6972	0
6973	0
6974	0
6975	0
6976	0
6977	0
6978	0
6979	0
6980	0
6981	0
6982	0
6983	0
6984	0
6985	0
6986	0
6987	0
6988	0
6989	0
6990	0
6991	0
6992	0
6993	0
6994	0
6995	0
6996	0
6997	0
6998	0
6999	0
7000	0
7001	0
7002	0
7003	0
7004	0
7005	0
7006	0
7007	0
7008	0
7009	0
7010	0
7011	0
7012	0
7013	0
7014	0
7015	0
7016	0
7017	0
7018	0
7019	0
7020	0
7021	0
7022	0
7023	0
7024	0
7025	0
7026	0
7027	0
7028	0
7029	0
7030	0
7031	0
7032	0
7033	0
7034	0
7035	0
7036	0
7037	0
7038	0
7039	0
7040	0
7041	0
7042	0
7043	0
7044	0
7045	0
7046	0
7047	0
7048	0
7049	0
7050	0
7051	0
7052	0
7053	0
7054	0
7055	0
7056	0
7057	0
7058	0
7059	0
7060	0
7061	0
7062	0
7063	0
7064	0
7065	0
7066	0
7067	0
7068	0
7069	0
7070	0
7071	0
7072	0
7073	0
7074	0
7075	0
7076	0
7077	0
7078	0
7079	0
7080	0
7081	0
7082	0
7083	0
7084	0
7085	0
7086	0
7087	0
7088	0
7089	0
7090	0
7091	0
7092	0
7093	0
7094	0
7095	0
7096	0
7097	0
7098	0
7099	0
7100	0
7101	0
7102	0
7103	0
7104	0
7105	0
7106	0
7107	0
7108	0
7109	0
7110	0
7111	0
7112	0
7113	0
7114	0
7115	0
7116	0
7117	0
7118	0
7119	0
7120	0
7121	0
7122	0
7123	0
7124	0
7125	0
7126	0
7127	0
7128	0
7129	0
7130	0
7131	0
7132	0
7133	0
7134	0
7135	0
7136	0
7137	0
7138	0
7139	0
7140	0
7141	0
7142	0
7143	0
7144	0
7145	0
7146	0
7147	0
7148	0
7149	0
7150	0
7151	0
7152	0
7153	0
7154	0
7155	0
7156	0
7157	0
7158	0
7159	0
7160	0
7161	0
7162	0
7163	0
7164	0
7165	0
7166	0
7167	0
7168	0
7169	0
7170	0
7171	0
7172	0
7173	0
7174	0
7175	0
7176	0
7177	0
7178	0
7179	0
7180	0
7181	0
7182	0
7183	0
7184	0
7185	0
7186	0
7187	0
7188	0
7189	0
7190	0
7191	0
7192	0
7193	0
7194	0
7195	0
7196	0
7197	0
7198	0
7199	0
7200	0
7201	0
7202	0
7203	0
7204	0
7205	0
7206	0
7207	0
7208	0
7209	0
7210	0
7211	0
7212	0
7213	0
7214	0
7215	0
7216	0
7217	0
7218	0
7219	0
7220	0
7221	0
7222	0
7223	0
7224	0
7225	0
7226	0
7227	0
7228	0
7229	0
7230	0
7231	0
7232	0
7233	0
7234	0
7235	0
7236	0
7237	0
7238	0
7239	0
7240	0
7241	0
7242	0
7243	0
7244	0
7245	0
7246	0
7247	0
7248	0
7249	0
7250	0
7251	0
7252	0
7253	0
7254	0
7255	0
7256	0
7257	0
7258	0
7259	0
7260	0
7261	0
7262	0
7263	0
7264	0
7265	0
7266	0
7267	0
7268	0
7269	0
7270	0
7271	0
7272	0
7273	0
7274	0
7275	0
7276	0
7277	0
7278	0
7279	0
7280	0
7281	0
7282	0
7283	0
7284	0
7285	0
7286	0
7287	0
7288	0
7289	0
7290	0
7291	0
7292	0
7293	0
7294	0
7295	0
7296	0
7297	0
7298	0
7299	0
7300	0
7301	0
7302	0
7303	0
7304	0
7305	0
7306	0
7307	0
7308	0
7309	0
7310	0
7311	0
7312	0
7313	0
7314	0
7315	0
7316	0
7317	0
7318	0
7319	0
7320	0
7321	0
7322	0
7323	0
7324	0
7325	0
7326	0
7327	0
7328	0
7329	0
7330	0
7331	0
7332	0
7333	0
7334	0
7335	0
7336	0
7337	0
7338	0
7339	0
7340	0
7341	0
7342	0
7343	0
7344	0
7345	0
7346	0
7347	0
7348	0
7349	0
7350	0
7351	0
7352	0
7353	0
7354	0
7355	0
7356	0
7357	0
7358	0
7359	0
7360	0
7361	0
7362	0
7363	0
7364	0
7365	0
7366	0
7367	0
7368	0
7369	0
7370	0
7371	0
7372	0
7373	0
7374	0
7375	0
7376	0
7377	0
7378	0
7379	0
7380	0
7381	0
7382	0
7383	0
7384	0
7385	0
7386	0
7387	0
7388	0
7389	0
7390	0
7391	0
7392	0
7393	0
7394	0
7395	0
7396	0
7397	0
7398	0
7399	0
7400	0
7401	0
7402	0
7403	0
7404	0
7405	0
7406	0
7407	0
7408	0
7409	0
7410	0
7411	0
7412	0
7413	0
7414	0
7415	0
7416	0
7417	0
7418	0
7419	0
7420	0
7421	0
7422	0
7423	0
7424	0
7425	0
7426	0
7427	0
7428	0
7429	0
7430	0
7431	0
7432	0
7433	0
7434	0
7435	0
7436	0
7437	0
7438	0
7439	0
7440	0
7441	0
7442	0
7443	0
7444	0
7445	0
7446	0
7447	0
7448	0
7449	0
7450	0
7451	0
7452	0
7453	0
7454	0
7455	0
7456	0
7457	0
7458	0
7459	0
7460	0
7461	0
7462	0
7463	0
7464	0
7465	0
7466	0
7467	0
7468	0
7469	0
7470	0
7471	0
7472	0
7473	0
7474	0
7475	0
7476	0
7477	0
7478	0
7479	0
7480	0
7481	0
7482	0
7483	0
7484	0
7485	0
7486	0
7487	0
7488	0
7489	0
7490	0
7491	0
7492	0
7493	0
7494	0
7495	0
7496	0
7497	0
7498	0
7499	0
7500	0
7501	0
7502	0
7503	0
7504	0
7505	0
7506	0
7507	0
7508	0
7509	0
7510	0
7511	0
7512	0
7513	0
7514	0
7515	0
7516	0
7517	0
7518	0
7519	0
7520	0
7521	0
7522	0
7523	0
7524	0
7525	0
7526	0
7527	0
7528	0
7529	0
7530	0
7531	0
7532	0
7533	0
7534	0
7535	0
7536	0
7537	0
7538	0
7539	0
7540	0
7541	0
7542	0
7543	0
7544	0
7545	0
7546	0
7547	0
7548	0
7549	0
7550	0
7551	0
7552	0
7553	0
7554	0
7555	0
7556	0
7557	0
7558	0
7559	0
7560	0
7561	0
7562	0
7563	0
7564	0
7565	0
7566	0
7567	0
7568	0
7569	0
7570	0
7571	0
7572	0
7573	0
7574	0
7575	0
7576	0
7577	0
7578	0
7579	0
7580	0
7581	0
7582	0
7583	0
7584	0
7585	0
7586	0
7587	0
7588	0
7589	0
7590	0
7591	0
7592	0
7593	0
7594	0
7595	0
7596	0
7597	0
7598	0
7599	0
7600	0
7601	0
7602	0
7603	0
7604	0
7605	0
7606	0
7607	0
7608	0
7609	0
7610	0
7611	0
7612	0
7613	0
7614	0
7615	0
7616	0
7617	0
7618	0
7619	0
7620	0
7621	0
7622	0
7623	0
7624	0
7625	0
7626	0
7627	0
7628	0
7629	0
7630	0
7631	0
7632	0
7633	0
7634	0
7635	0
7636	0
7637	0
7638	0
7639	0
7640	0
7641	0
7642	0
7643	0
7644	0
7645	0
7646	0
7647	0
7648	0
7649	0
7650	0
7651	0
7652	0
7653	0
7654	0
7655	0
7656	0
7657	0
7658	0
7659	0
7660	0
7661	0
7662	0
7663	0
7664	0
7665	0
7666	0
7667	0
7668	0
7669	0
7670	0
7671	0
7672	0
7673	0
7674	0
7675	0
7676	0
7677	0
7678	0
7679	0
7680	0
7681	0
7682	0
7683	0
7684	0
7685	0
7686	0
7687	0
7688	0
7689	0
7690	0
7691	0
7692	0
7693	0
7694	0
7695	0
7696	0
7697	0
7698	0
7699	0
7700	0
7701	0
7702	0
7703	0
7704	0
7705	0
7706	0
7707	0
7708	0
7709	0
7710	0
7711	0
7712	0
7713	0
7714	0
7715	0
7716	0
7717	0
7718	0
7719	0
7720	0
7721	0
7722	0
7723	0
7724	0
7725	0
7726	0
7727	0
7728	0
7729	0
7730	0
7731	0
7732	0
7733	0
7734	0
7735	0
7736	0
7737	0
7738	0
7739	0
7740	0
7741	0
7742	0
7743	0
7744	0
7745	0
7746	0
7747	0
7748	0
7749	0
7750	0
7751	0
7752	0
7753	0
7754	0
7755	0
7756	0
7757	0
7758	0
7759	0
7760	0
7761	0
7762	0
7763	0
7764	0
7765	0
7766	0
7767	0
7768	0
7769	0
7770	0
7771	0
7772	0
7773	0
7774	0
7775	0
7776	0
7777	0
7778	0
7779	0
7780	0
7781	0
7782	0
7783	0
7784	0
7785	0
7786	0
7787	0
7788	0
7789	0
7790	0
7791	0
7792	0
7793	0
7794	0
7795	0
7796	0
7797	0
7798	0
7799	0
7800	0
7801	0
7802	0
7803	0
7804	0
7805	0
7806	0
7807	0
7808	0
7809	0
7810	0
7811	0
7812	0
7813	0
7814	0
7815	0
7816	0
7817	0
7818	0
7819	0
7820	0
7821	0
7822	0
7823	0
7824	0
7825	0
7826	0
7827	0
7828	0
7829	0
7830	0
7831	0
7832	0
7833	0
7834	0
7835	0
7836	0
7837	0
7838	0
7839	0
7840	0
7841	0
7842	0
7843	0
7844	0
7845	0
7846	0
7847	0
7848	0
7849	0
7850	0
7851	0
7852	0
7853	0
7854	0
7855	0
7856	0
7857	0
7858	0
7859	0
7860	0
7861	0
7862	0
7863	0
7864	0
7865	0
7866	0
7867	0
7868	0
7869	0
7870	0
7871	0
7872	0
7873	0
7874	0
7875	0
7876	0
7877	0
7878	0
7879	0
7880	0
7881	0
7882	0
7883	0
7884	0
7885	0
7886	0
7887	0
7888	0
7889	0
7890	0
7891	0
7892	0
7893	0
7894	0
7895	0
7896	0
7897	0
7898	0
7899	0
7900	0
7901	0
7902	0
7903	0
7904	0
7905	0
7906	0
7907	0
7908	0
7909	0
7910	0
7911	0
7912	0
7913	0
7914	0
7915	0
7916	0
7917	0
7918	0
7919	0
7920	0
7921	0
7922	0
7923	0
7924	0
7925	0
7926	0
7927	0
7928	0
7929	0
7930	0
7931	0
7932	0
7933	0
7934	0
7935	0
7936	0
7937	0
7938	0
7939	0
7940	0
7941	0
7942	0
7943	0
7944	0
7945	0
7946	0
7947	0
7948	0
7949	0
7950	0
7951	0
7952	0
7953	0
7954	0
7955	0
7956	0
7957	0
7958	0
7959	0
7960	0
7961	0
7962	0
7963	0
7964	0
7965	0
7966	0
7967	0
7968	0
7969	0
7970	0
7971	0
7972	0
7973	0
7974	0
7975	0
7976	0
7977	0
7978	0
7979	0
7980	0
7981	0
7982	0
7983	0
7984	0
7985	0
7986	0
7987	0
7988	0
7989	0
7990	0
7991	0
7992	0
7993	0
7994	0
7995	0
7996	0
7997	0
7998	0
7999	0
8000	0
8001	0
8002	0
8003	0
8004	0
8005	0
8006	0
8007	0
8008	0
8009	0
8010	0
8011	0
8012	0
8013	0
8014	0
8015	0
8016	0
8017	0
8018	0
8019	0
8020	0
8021	0
8022	0
8023	0
8024	0
8025	0
8026	0
8027	0
8028	0
8029	0
8030	0
8031	0
8032	0
8033	0
8034	0
8035	0
8036	0
8037	0
8038	0
8039	0
8040	0
8041	0
8042	0
8043	0
8044	0
8045	0
8046	0
8047	0
8048	0
8049	0
8050	0
8051	0
8052	0
8053	0
8054	0
8055	0
8056	0
8057	0
8058	0
8059	0
8060	0
8061	0
8062	0
8063	0
8064	0
8065	0
8066	0
8067	0
8068	0
8069	0
8070	0
8071	0
8072	0
8073	0
8074	0
8075	0
8076	0
8077	0
8078	0
8079	0
8080	0
8081	0
8082	0
8083	0
8084	0
8085	0
8086	0
8087	0
8088	0
8089	0
8090	0
8091	0
8092	0
8093	0
8094	0
8095	0
8096	0
8097	0
8098	0
8099	0
8100	0
8101	0
8102	0
8103	0
8104	0
8105	0
8106	0
8107	0
8108	0
8109	0
8110	0
8111	0
8112	0
8113	0
8114	0
8115	0
8116	0
8117	0
8118	0
8119	0
8120	0
8121	0
8122	0
8123	0
8124	0
8125	0
8126	0
8127	0
8128	0
8129	0
8130	0
8131	0
8132	0
8133	0
8134	0
8135	0
8136	0
8137	0
8138	0
8139	0
8140	0
8141	0
8142	0
8143	0
8144	0
8145	0
8146	0
8147	0
8148	0
8149	0
8150	0
8151	0
8152	0
8153	0
8154	0
8155	0
8156	0
8157	0
8158	0
8159	0
8160	0
8161	0
8162	0
8163	0
8164	0
8165	0
8166	0
8167	0
8168	0
8169	0
8170	0
8171	0
8172	0
8173	0
8174	0
8175	0
8176	0
8177	0
8178	0
8179	0
8180	0
8181	0
8182	0
8183	0
8184	0
8185	0
8186	0
8187	0
8188	0
8189	0
8190	0
8191	0
8192	0
