SHIFR=
TLIVE=100.0
TREAL=100.0
SPECTRTXT=8192
1	102
2	135
3	132
4	154
5	127
6	134
7	117
8	128
9	122
10	118
11	131
12	131
13	134
14	133
15	113
16	112
17	106
18	130
19	142
20	123
21	117
22	113
23	127
24	161
25	165
26	153
27	161
28	147
29	125
30	130
31	133
32	102
33	100
34	103
35	105
36	123
37	118
38	121
39	132
40	125
41	148
42	127
43	118
44	101
45	121
46	97
47	122
48	102
49	111
50	107
51	109
52	112
53	105
54	109
55	94
56	109
57	125
58	115
59	123
60	116
61	115
62	100
63	112
64	106
65	128
66	112
67	137
68	102
69	112
70	118
71	114
72	124
73	121
74	109
75	116
76	124
77	135
78	127
79	124
80	99
81	131
82	138
83	130
84	137
85	116
86	107
87	149
88	133
89	136
90	139
91	146
92	117
93	142
94	145
95	144
96	169
97	139
98	148
99	153
100	143
101	141
102	142
103	135
104	155
105	158
106	168
107	290
108	470
109	567
110	825
111	407
112	106
113	76
114	100
115	82
116	101
117	93
118	116
119	93
120	104
121	90
122	115
123	206
124	520
125	656
126	308
127	213
128	319
129	199
130	107
131	86
132	87
133	116
134	113
135	103
136	88
137	96
138	79
139	81
140	76
141	83
142	74
143	69
144	93
145	89
146	77
147	100
148	86
149	95
150	87
151	76
152	67
153	74
154	77
155	77
156	88
157	93
158	78
159	85
160	71
161	83
162	77
163	73
164	73
165	85
166	83
167	79
168	75
169	61
170	77
171	84
172	80
173	82
174	76
175	99
176	92
177	80
178	100
179	102
180	78
181	67
182	75
183	74
184	67
185	88
186	79
187	75
188	82
189	74
190	76
191	81
192	92
193	88
194	91
195	97
196	90
197	99
198	84
199	60
200	86
201	69
202	76
203	79
204	87
205	90
206	94
207	83
208	70
209	96
210	86
211	89
212	89
213	94
214	83
215	73
216	80
217	90
218	100
219	90
220	68
221	71
222	89
223	66
224	94
225	73
226	89
227	75
228	82
229	89
230	79
231	76
232	82
233	99
234	84
235	85
236	100
237	90
238	82
239	96
240	78
241	92
242	103
243	71
244	94
245	94
246	99
247	113
248	107
249	92
250	121
251	94
252	110
253	94
254	93
255	105
256	97
257	99
258	102
259	112
260	111
261	96
262	97
263	91
264	91
265	102
266	82
267	119
268	110
269	93
270	109
271	115
272	83
273	97
274	112
275	113
276	105
277	115
278	118
279	92
280	109
281	108
282	119
283	105
284	92
285	96
286	98
287	111
288	114
289	124
290	109
291	107
292	99
293	123
294	107
295	133
296	120
297	114
298	117
299	111
300	117
301	119
302	130
303	135
304	132
305	140
306	122
307	124
308	111
309	132
310	147
311	134
312	142
313	141
314	128
315	138
316	114
317	136
318	150
319	159
320	138
321	157
322	170
323	139
324	129
325	165
326	157
327	159
328	145
329	153
330	194
331	1694
332	10583
333	19788
334	10612
335	1663
336	117
337	67
338	69
339	67
340	73
341	64
342	69
343	62
344	81
345	79
346	82
347	88
348	58
349	56
350	63
351	80
352	60
353	62
354	77
355	63
356	74
357	73
358	73
359	81
360	84
361	89
362	80
363	64
364	78
365	72
366	78
367	85
368	71
369	85
370	80
371	69
372	58
373	64
374	80
375	75
376	72
377	79
378	60
379	79
380	73
381	70
382	59
383	70
384	95
385	91
386	71
387	70
388	74
389	68
390	82
391	65
392	68
393	66
394	78
395	68
396	76
397	72
398	64
399	87
400	68
401	68
402	77
403	75
404	65
405	71
406	76
407	73
408	84
409	70
410	70
411	69
412	67
413	71
414	66
415	86
416	67
417	62
418	90
419	87
420	69
421	93
422	70
423	84
424	83
425	79
426	75
427	88
428	74
429	66
430	74
431	66
432	69
433	75
434	70
435	75
436	77
437	74
438	94
439	84
440	83
441	78
442	71
443	84
444	84
445	82
446	85
447	90
448	82
449	85
450	72
451	78
452	68
453	80
454	83
455	83
456	90
457	83
458	81
459	94
460	82
461	80
462	82
463	71
464	82
465	83
466	90
467	98
468	71
469	88
470	73
471	67
472	62
473	75
474	74
475	77
476	93
477	97
478	91
479	98
480	92
481	77
482	77
483	71
484	76
485	101
486	82
487	82
488	80
489	85
490	80
491	76
492	78
493	69
494	75
495	100
496	91
497	104
498	88
499	97
500	92
501	88
502	93
503	86
504	71
505	87
506	99
507	87
508	95
509	94
510	87
511	90
512	100
513	94
514	111
515	89
516	108
517	105
518	94
519	120
520	110
521	101
522	116
523	105
524	100
525	91
526	101
527	86
528	91
529	105
530	103
531	89
532	100
533	95
534	115
535	100
536	116
537	87
538	91
539	79
540	52
541	68
542	54
543	67
544	72
545	59
546	69
547	74
548	59
549	78
550	55
551	71
552	73
553	93
554	62
555	68
556	66
557	54
558	65
559	61
560	53
561	54
562	62
563	70
564	66
565	60
566	63
567	70
568	78
569	67
570	77
571	63
572	70
573	58
574	65
575	74
576	62
577	75
578	80
579	55
580	78
581	59
582	60
583	61
584	57
585	54
586	55
587	65
588	73
589	61
590	64
591	62
592	62
593	72
594	69
595	68
596	70
597	58
598	69
599	60
600	66
601	60
602	64
603	52
604	72
605	72
606	49
607	47
608	52
609	68
610	54
611	67
612	54
613	57
614	44
615	55
616	62
617	57
618	51
619	48
620	54
621	53
622	56
623	45
624	55
625	61
626	47
627	68
628	53
629	47
630	54
631	61
632	55
633	69
634	51
635	63
636	64
637	55
638	71
639	72
640	51
641	58
642	43
643	44
644	47
645	42
646	48
647	48
648	49
649	35
650	54
651	46
652	44
653	55
654	57
655	56
656	54
657	64
658	54
659	51
660	51
661	47
662	46
663	45
664	52
665	55
666	94
667	487
668	1674
669	2703
670	1741
671	473
672	90
673	43
674	46
675	50
676	57
677	49
678	28
679	38
680	36
681	36
682	39
683	24
684	36
685	40
686	44
687	68
688	66
689	67
690	66
691	57
692	49
693	49
694	36
695	39
696	32
697	38
698	31
699	46
700	35
701	45
702	38
703	41
704	53
705	51
706	57
707	47
708	49
709	28
710	40
711	45
712	56
713	46
714	44
715	45
716	33
717	36
718	36
719	44
720	52
721	39
722	34
723	45
724	47
725	38
726	56
727	48
728	45
729	43
730	40
731	40
732	41
733	33
734	33
735	34
736	45
737	43
738	53
739	50
740	71
741	68
742	62
743	42
744	41
745	39
746	44
747	36
748	41
749	34
750	41
751	55
752	48
753	55
754	54
755	31
756	39
757	50
758	52
759	37
760	38
761	53
762	66
763	45
764	51
765	52
766	58
767	38
768	45
769	42
770	41
771	33
772	42
773	28
774	35
775	34
776	32
777	34
778	43
779	47
780	49
781	54
782	39
783	38
784	35
785	40
786	45
787	30
788	32
789	42
790	31
791	44
792	40
793	48
794	39
795	44
796	35
797	45
798	47
799	36
800	45
801	38
802	34
803	52
804	44
805	38
806	37
807	63
808	117
809	140
810	102
811	55
812	39
813	45
814	44
815	30
816	36
817	29
818	34
819	40
820	37
821	37
822	40
823	42
824	40
825	45
826	31
827	40
828	34
829	41
830	32
831	32
832	31
833	40
834	40
835	38
836	23
837	31
838	28
839	34
840	30
841	34
842	42
843	36
844	49
845	32
846	39
847	38
848	41
849	44
850	43
851	42
852	35
853	34
854	40
855	36
856	32
857	38
858	45
859	44
860	33
861	50
862	36
863	43
864	35
865	39
866	35
867	35
868	39
869	32
870	40
871	31
872	42
873	31
874	30
875	31
876	32
877	22
878	32
879	40
880	40
881	34
882	26
883	38
884	38
885	47
886	34
887	60
888	33
889	48
890	45
891	44
892	34
893	36
894	24
895	26
896	30
897	21
898	36
899	44
900	78
901	58
902	37
903	43
904	41
905	36
906	32
907	28
908	33
909	45
910	38
911	42
912	37
913	51
914	37
915	32
916	52
917	32
918	49
919	39
920	35
921	33
922	44
923	43
924	57
925	28
926	29
927	32
928	13
929	34
930	44
931	38
932	38
933	38
934	38
935	31
936	27
937	42
938	228
939	1357
940	3995
941	5782
942	3897
943	1261
944	232
945	55
946	40
947	30
948	27
949	20
950	31
951	28
952	39
953	38
954	41
955	32
956	37
957	32
958	28
959	26
960	28
961	31
962	34
963	39
964	29
965	34
966	34
967	35
968	29
969	30
970	34
971	31
972	32
973	32
974	32
975	36
976	29
977	40
978	22
979	26
980	22
981	28
982	29
983	26
984	20
985	22
986	23
987	32
988	30
989	38
990	29
991	30
992	20
993	26
994	35
995	28
996	34
997	35
998	23
999	29
1000	23
1001	35
1002	30
1003	65
1004	131
1005	200
1006	140
1007	68
1008	43
1009	37
1010	24
1011	19
1012	40
1013	28
1014	32
1015	25
1016	25
1017	24
1018	30
1019	29
1020	25
1021	28
1022	34
1023	36
1024	38
1025	32
1026	35
1027	27
1028	33
1029	33
1030	37
1031	30
1032	28
1033	24
1034	32
1035	29
1036	27
1037	27
1038	20
1039	26
1040	27
1041	27
1042	32
1043	24
1044	32
1045	33
1046	35
1047	31
1048	34
1049	23
1050	34
1051	29
1052	37
1053	32
1054	34
1055	38
1056	40
1057	39
1058	24
1059	26
1060	23
1061	25
1062	31
1063	22
1064	31
1065	29
1066	19
1067	22
1068	26
1069	29
1070	30
1071	31
1072	30
1073	35
1074	35
1075	15
1076	27
1077	29
1078	24
1079	30
1080	28
1081	26
1082	35
1083	30
1084	32
1085	40
1086	34
1087	26
1088	39
1089	28
1090	26
1091	27
1092	28
1093	22
1094	26
1095	32
1096	26
1097	33
1098	29
1099	32
1100	18
1101	32
1102	26
1103	33
1104	25
1105	42
1106	24
1107	37
1108	15
1109	24
1110	30
1111	24
1112	30
1113	22
1114	21
1115	21
1116	25
1117	35
1118	31
1119	24
1120	47
1121	132
1122	292
1123	395
1124	300
1125	109
1126	44
1127	30
1128	36
1129	25
1130	28
1131	23
1132	23
1133	18
1134	27
1135	38
1136	47
1137	38
1138	42
1139	35
1140	29
1141	23
1142	28
1143	35
1144	34
1145	30
1146	32
1147	21
1148	31
1149	31
1150	38
1151	32
1152	31
1153	32
1154	32
1155	28
1156	31
1157	26
1158	22
1159	30
1160	24
1161	34
1162	28
1163	28
1164	35
1165	30
1166	27
1167	34
1168	29
1169	22
1170	35
1171	37
1172	37
1173	38
1174	28
1175	42
1176	23
1177	29
1178	29
1179	29
1180	31
1181	34
1182	37
1183	23
1184	32
1185	37
1186	35
1187	31
1188	16
1189	19
1190	21
1191	21
1192	29
1193	22
1194	17
1195	26
1196	30
1197	38
1198	37
1199	31
1200	40
1201	24
1202	43
1203	20
1204	32
1205	19
1206	25
1207	30
1208	30
1209	24
1210	52
1211	165
1212	335
1213	459
1214	347
1215	177
1216	55
1217	43
1218	32
1219	38
1220	38
1221	31
1222	16
1223	29
1224	25
1225	22
1226	26
1227	31
1228	23
1229	28
1230	18
1231	24
1232	20
1233	17
1234	29
1235	24
1236	28
1237	25
1238	23
1239	27
1240	20
1241	27
1242	17
1243	33
1244	21
1245	23
1246	18
1247	28
1248	22
1249	18
1250	24
1251	22
1252	31
1253	28
1254	17
1255	22
1256	27
1257	33
1258	24
1259	23
1260	29
1261	39
1262	34
1263	36
1264	43
1265	23
1266	29
1267	33
1268	36
1269	25
1270	36
1271	23
1272	33
1273	27
1274	30
1275	24
1276	30
1277	26
1278	25
1279	29
1280	27
1281	29
1282	29
1283	24
1284	28
1285	33
1286	20
1287	35
1288	31
1289	27
1290	30
1291	21
1292	34
1293	31
1294	29
1295	28
1296	27
1297	35
1298	35
1299	32
1300	37
1301	31
1302	30
1303	24
1304	30
1305	31
1306	33
1307	33
1308	16
1309	16
1310	31
1311	25
1312	27
1313	21
1314	35
1315	28
1316	21
1317	48
1318	32
1319	42
1320	30
1321	26
1322	28
1323	29
1324	24
1325	37
1326	42
1327	24
1328	32
1329	24
1330	22
1331	33
1332	39
1333	36
1334	84
1335	110
1336	73
1337	49
1338	41
1339	33
1340	28
1341	28
1342	44
1343	38
1344	43
1345	38
1346	39
1347	34
1348	36
1349	40
1350	42
1351	39
1352	27
1353	29
1354	27
1355	30
1356	32
1357	32
1358	32
1359	18
1360	26
1361	26
1362	24
1363	32
1364	20
1365	37
1366	33
1367	24
1368	17
1369	15
1370	23
1371	18
1372	26
1373	34
1374	41
1375	54
1376	46
1377	38
1378	40
1379	35
1380	31
1381	37
1382	41
1383	23
1384	23
1385	23
1386	38
1387	30
1388	27
1389	29
1390	27
1391	39
1392	35
1393	37
1394	37
1395	29
1396	28
1397	27
1398	32
1399	25
1400	41
1401	31
1402	31
1403	25
1404	24
1405	25
1406	31
1407	39
1408	34
1409	21
1410	33
1411	43
1412	28
1413	34
1414	35
1415	27
1416	35
1417	26
1418	32
1419	24
1420	33
1421	35
1422	35
1423	32
1424	25
1425	37
1426	35
1427	34
1428	24
1429	38
1430	39
1431	31
1432	34
1433	31
1434	36
1435	34
1436	36
1437	37
1438	32
1439	30
1440	30
1441	29
1442	38
1443	27
1444	32
1445	26
1446	19
1447	28
1448	30
1449	31
1450	30
1451	31
1452	30
1453	30
1454	27
1455	25
1456	24
1457	36
1458	39
1459	47
1460	36
1461	32
1462	33
1463	34
1464	33
1465	28
1466	28
1467	29
1468	37
1469	35
1470	25
1471	19
1472	22
1473	25
1474	22
1475	23
1476	34
1477	22
1478	37
1479	36
1480	23
1481	27
1482	21
1483	36
1484	33
1485	35
1486	33
1487	27
1488	36
1489	28
1490	36
1491	34
1492	26
1493	23
1494	27
1495	38
1496	27
1497	26
1498	33
1499	30
1500	31
1501	29
1502	41
1503	30
1504	30
1505	24
1506	29
1507	28
1508	36
1509	25
1510	31
1511	30
1512	35
1513	39
1514	27
1515	29
1516	33
1517	32
1518	35
1519	24
1520	33
1521	35
1522	36
1523	29
1524	32
1525	34
1526	31
1527	33
1528	27
1529	34
1530	27
1531	31
1532	47
1533	38
1534	42
1535	32
1536	27
1537	35
1538	45
1539	72
1540	71
1541	83
1542	73
1543	57
1544	42
1545	38
1546	41
1547	52
1548	47
1549	48
1550	50
1551	37
1552	32
1553	27
1554	34
1555	39
1556	32
1557	33
1558	32
1559	38
1560	45
1561	37
1562	36
1563	47
1564	31
1565	39
1566	38
1567	29
1568	32
1569	33
1570	41
1571	39
1572	31
1573	43
1574	44
1575	34
1576	34
1577	28
1578	39
1579	36
1580	41
1581	39
1582	45
1583	41
1584	32
1585	48
1586	42
1587	29
1588	37
1589	32
1590	34
1591	28
1592	38
1593	38
1594	40
1595	23
1596	31
1597	38
1598	34
1599	37
1600	59
1601	75
1602	67
1603	49
1604	29
1605	27
1606	30
1607	21
1608	29
1609	27
1610	22
1611	26
1612	31
1613	19
1614	20
1615	25
1616	36
1617	25
1618	26
1619	29
1620	34
1621	35
1622	29
1623	23
1624	27
1625	35
1626	25
1627	37
1628	35
1629	43
1630	28
1631	39
1632	26
1633	22
1634	30
1635	29
1636	31
1637	18
1638	23
1639	27
1640	36
1641	35
1642	23
1643	33
1644	23
1645	35
1646	28
1647	27
1648	30
1649	26
1650	34
1651	29
1652	25
1653	33
1654	34
1655	25
1656	19
1657	26
1658	18
1659	25
1660	23
1661	35
1662	26
1663	25
1664	26
1665	18
1666	30
1667	29
1668	26
1669	24
1670	38
1671	35
1672	30
1673	22
1674	27
1675	35
1676	26
1677	27
1678	29
1679	28
1680	17
1681	35
1682	29
1683	32
1684	26
1685	27
1686	42
1687	37
1688	34
1689	33
1690	37
1691	35
1692	21
1693	24
1694	25
1695	23
1696	21
1697	22
1698	26
1699	23
1700	27
1701	37
1702	29
1703	20
1704	25
1705	26
1706	42
1707	32
1708	36
1709	29
1710	25
1711	22
1712	31
1713	34
1714	27
1715	27
1716	31
1717	28
1718	22
1719	24
1720	36
1721	37
1722	26
1723	35
1724	24
1725	24
1726	30
1727	23
1728	30
1729	22
1730	34
1731	20
1732	36
1733	32
1734	35
1735	32
1736	29
1737	33
1738	23
1739	26
1740	29
1741	24
1742	22
1743	24
1744	27
1745	31
1746	24
1747	27
1748	36
1749	32
1750	34
1751	29
1752	21
1753	32
1754	21
1755	30
1756	36
1757	29
1758	25
1759	16
1760	30
1761	23
1762	36
1763	21
1764	38
1765	18
1766	30
1767	22
1768	14
1769	27
1770	37
1771	30
1772	34
1773	40
1774	35
1775	27
1776	30
1777	16
1778	19
1779	30
1780	24
1781	28
1782	26
1783	15
1784	28
1785	31
1786	31
1787	27
1788	27
1789	27
1790	22
1791	26
1792	37
1793	46
1794	36
1795	38
1796	25
1797	28
1798	32
1799	25
1800	36
1801	30
1802	33
1803	27
1804	22
1805	20
1806	25
1807	23
1808	20
1809	22
1810	22
1811	32
1812	20
1813	26
1814	32
1815	25
1816	28
1817	23
1818	21
1819	16
1820	21
1821	31
1822	33
1823	24
1824	25
1825	22
1826	28
1827	24
1828	20
1829	22
1830	27
1831	29
1832	26
1833	30
1834	17
1835	25
1836	33
1837	24
1838	19
1839	36
1840	36
1841	29
1842	44
1843	47
1844	28
1845	25
1846	24
1847	21
1848	28
1849	37
1850	26
1851	31
1852	44
1853	48
1854	75
1855	46
1856	44
1857	25
1858	28
1859	27
1860	36
1861	24
1862	30
1863	34
1864	25
1865	21
1866	24
1867	30
1868	21
1869	9
1870	31
1871	30
1872	25
1873	21
1874	28
1875	27
1876	21
1877	22
1878	33
1879	30
1880	66
1881	71
1882	78
1883	46
1884	34
1885	25
1886	28
1887	24
1888	27
1889	17
1890	24
1891	28
1892	26
1893	25
1894	29
1895	27
1896	29
1897	28
1898	30
1899	28
1900	29
1901	28
1902	23
1903	29
1904	27
1905	23
1906	20
1907	23
1908	9
1909	23
1910	29
1911	36
1912	25
1913	21
1914	24
1915	23
1916	26
1917	34
1918	34
1919	23
1920	11
1921	17
1922	31
1923	28
1924	26
1925	18
1926	27
1927	27
1928	26
1929	27
1930	36
1931	24
1932	21
1933	20
1934	29
1935	22
1936	17
1937	23
1938	21
1939	28
1940	19
1941	28
1942	21
1943	28
1944	30
1945	31
1946	17
1947	38
1948	28
1949	21
1950	23
1951	30
1952	22
1953	17
1954	25
1955	28
1956	39
1957	31
1958	23
1959	32
1960	30
1961	41
1962	24
1963	41
1964	52
1965	67
1966	59
1967	40
1968	23
1969	14
1970	26
1971	30
1972	30
1973	25
1974	26
1975	28
1976	34
1977	23
1978	21
1979	32
1980	32
1981	24
1982	24
1983	31
1984	28
1985	25
1986	21
1987	40
1988	16
1989	24
1990	35
1991	30
1992	33
1993	26
1994	17
1995	27
1996	25
1997	30
1998	26
1999	24
2000	22
2001	29
2002	28
2003	25
2004	38
2005	28
2006	27
2007	17
2008	36
2009	31
2010	23
2011	28
2012	38
2013	26
2014	25
2015	29
2016	34
2017	28
2018	18
2019	32
2020	30
2021	21
2022	19
2023	29
2024	28
2025	28
2026	17
2027	23
2028	27
2029	43
2030	30
2031	25
2032	30
2033	25
2034	24
2035	28
2036	32
2037	18
2038	30
2039	27
2040	31
2041	24
2042	28
2043	18
2044	27
2045	23
2046	25
2047	20
2048	20
2049	36
2050	27
2051	19
2052	21
2053	30
2054	31
2055	26
2056	31
2057	22
2058	22
2059	42
2060	32
2061	27
2062	32
2063	25
2064	25
2065	38
2066	38
2067	31
2068	29
2069	25
2070	32
2071	28
2072	20
2073	34
2074	23
2075	29
2076	32
2077	38
2078	37
2079	34
2080	22
2081	22
2082	36
2083	31
2084	20
2085	16
2086	24
2087	34
2088	41
2089	40
2090	34
2091	30
2092	21
2093	23
2094	27
2095	27
2096	21
2097	29
2098	21
2099	16
2100	28
2101	31
2102	16
2103	18
2104	11
2105	17
2106	14
2107	16
2108	20
2109	35
2110	31
2111	19
2112	25
2113	25
2114	24
2115	18
2116	24
2117	28
2118	24
2119	16
2120	19
2121	13
2122	23
2123	48
2124	130
2125	391
2126	675
2127	834
2128	696
2129	390
2130	152
2131	44
2132	27
2133	12
2134	30
2135	24
2136	21
2137	25
2138	18
2139	20
2140	19
2141	14
2142	27
2143	24
2144	25
2145	21
2146	25
2147	14
2148	19
2149	8
2150	18
2151	20
2152	19
2153	30
2154	14
2155	16
2156	22
2157	21
2158	29
2159	21
2160	15
2161	22
2162	30
2163	17
2164	27
2165	22
2166	16
2167	21
2168	27
2169	22
2170	22
2171	20
2172	28
2173	25
2174	22
2175	23
2176	23
2177	17
2178	13
2179	19
2180	21
2181	18
2182	21
2183	25
2184	24
2185	22
2186	23
2187	17
2188	24
2189	31
2190	13
2191	23
2192	17
2193	20
2194	15
2195	21
2196	19
2197	13
2198	21
2199	24
2200	15
2201	16
2202	26
2203	27
2204	16
2205	20
2206	19
2207	17
2208	26
2209	20
2210	18
2211	26
2212	40
2213	40
2214	54
2215	44
2216	33
2217	18
2218	27
2219	26
2220	23
2221	30
2222	20
2223	23
2224	19
2225	25
2226	18
2227	19
2228	14
2229	19
2230	14
2231	14
2232	22
2233	20
2234	22
2235	23
2236	16
2237	18
2238	17
2239	9
2240	12
2241	11
2242	18
2243	18
2244	24
2245	14
2246	23
2247	26
2248	15
2249	26
2250	19
2251	21
2252	12
2253	16
2254	17
2255	13
2256	22
2257	17
2258	25
2259	20
2260	23
2261	20
2262	25
2263	33
2264	26
2265	17
2266	28
2267	20
2268	31
2269	22
2270	24
2271	29
2272	19
2273	22
2274	24
2275	21
2276	22
2277	26
2278	31
2279	21
2280	17
2281	23
2282	8
2283	21
2284	19
2285	20
2286	13
2287	30
2288	25
2289	23
2290	20
2291	25
2292	21
2293	25
2294	22
2295	19
2296	33
2297	30
2298	44
2299	25
2300	25
2301	26
2302	19
2303	24
2304	23
2305	23
2306	18
2307	22
2308	21
2309	18
2310	21
2311	17
2312	24
2313	30
2314	22
2315	21
2316	21
2317	24
2318	14
2319	22
2320	18
2321	24
2322	35
2323	8
2324	23
2325	31
2326	13
2327	23
2328	19
2329	22
2330	20
2331	27
2332	15
2333	14
2334	19
2335	20
2336	18
2337	20
2338	23
2339	24
2340	21
2341	24
2342	15
2343	23
2344	21
2345	20
2346	14
2347	19
2348	23
2349	18
2350	22
2351	26
2352	15
2353	18
2354	25
2355	20
2356	28
2357	26
2358	23
2359	15
2360	28
2361	25
2362	22
2363	16
2364	20
2365	41
2366	75
2367	131
2368	201
2369	285
2370	179
2371	152
2372	61
2373	31
2374	26
2375	16
2376	21
2377	17
2378	22
2379	21
2380	26
2381	30
2382	30
2383	29
2384	32
2385	18
2386	24
2387	20
2388	25
2389	27
2390	22
2391	19
2392	32
2393	26
2394	22
2395	28
2396	40
2397	25
2398	24
2399	24
2400	25
2401	27
2402	17
2403	29
2404	18
2405	21
2406	26
2407	29
2408	33
2409	16
2410	20
2411	31
2412	22
2413	25
2414	21
2415	21
2416	10
2417	24
2418	23
2419	22
2420	26
2421	23
2422	13
2423	24
2424	19
2425	33
2426	23
2427	31
2428	18
2429	27
2430	21
2431	24
2432	26
2433	29
2434	17
2435	11
2436	18
2437	23
2438	25
2439	24
2440	19
2441	19
2442	23
2443	17
2444	16
2445	24
2446	17
2447	19
2448	18
2449	25
2450	20
2451	30
2452	39
2453	25
2454	28
2455	22
2456	26
2457	21
2458	18
2459	27
2460	20
2461	29
2462	27
2463	27
2464	14
2465	13
2466	19
2467	25
2468	18
2469	14
2470	14
2471	12
2472	13
2473	19
2474	19
2475	17
2476	18
2477	18
2478	19
2479	11
2480	17
2481	12
2482	18
2483	18
2484	13
2485	17
2486	11
2487	11
2488	14
2489	16
2490	11
2491	17
2492	12
2493	19
2494	12
2495	27
2496	15
2497	14
2498	13
2499	14
2500	13
2501	19
2502	16
2503	15
2504	15
2505	16
2506	19
2507	17
2508	18
2509	22
2510	30
2511	36
2512	28
2513	26
2514	20
2515	12
2516	12
2517	16
2518	15
2519	14
2520	21
2521	15
2522	19
2523	10
2524	9
2525	7
2526	17
2527	22
2528	26
2529	25
2530	31
2531	28
2532	19
2533	14
2534	17
2535	15
2536	12
2537	10
2538	16
2539	12
2540	9
2541	15
2542	17
2543	11
2544	18
2545	19
2546	12
2547	8
2548	17
2549	14
2550	12
2551	9
2552	18
2553	16
2554	9
2555	15
2556	6
2557	11
2558	8
2559	15
2560	10
2561	16
2562	15
2563	12
2564	19
2565	13
2566	18
2567	15
2568	12
2569	15
2570	9
2571	7
2572	8
2573	10
2574	8
2575	8
2576	14
2577	15
2578	15
2579	18
2580	14
2581	12
2582	19
2583	12
2584	6
2585	8
2586	7
2587	14
2588	16
2589	15
2590	15
2591	20
2592	17
2593	14
2594	6
2595	11
2596	13
2597	11
2598	7
2599	9
2600	5
2601	10
2602	8
2603	7
2604	9
2605	15
2606	11
2607	15
2608	11
2609	20
2610	12
2611	9
2612	8
2613	11
2614	13
2615	8
2616	8
2617	13
2618	12
2619	7
2620	12
2621	12
2622	13
2623	20
2624	16
2625	8
2626	9
2627	14
2628	33
2629	47
2630	176
2631	388
2632	658
2633	757
2634	657
2635	409
2636	177
2637	76
2638	20
2639	14
2640	19
2641	12
2642	6
2643	14
2644	10
2645	9
2646	8
2647	10
2648	13
2649	3
2650	7
2651	7
2652	13
2653	8
2654	8
2655	10
2656	10
2657	10
2658	10
2659	7
2660	8
2661	9
2662	9
2663	6
2664	14
2665	17
2666	7
2667	7
2668	10
2669	9
2670	11
2671	14
2672	9
2673	11
2674	6
2675	17
2676	12
2677	9
2678	15
2679	12
2680	9
2681	14
2682	13
2683	15
2684	12
2685	9
2686	10
2687	6
2688	8
2689	7
2690	13
2691	12
2692	5
2693	9
2694	7
2695	9
2696	7
2697	8
2698	8
2699	10
2700	10
2701	6
2702	7
2703	9
2704	15
2705	10
2706	21
2707	9
2708	15
2709	11
2710	7
2711	7
2712	13
2713	4
2714	15
2715	10
2716	10
2717	15
2718	11
2719	12
2720	13
2721	4
2722	12
2723	12
2724	9
2725	10
2726	9
2727	8
2728	9
2729	8
2730	12
2731	6
2732	6
2733	13
2734	9
2735	10
2736	6
2737	12
2738	10
2739	8
2740	11
2741	6
2742	13
2743	18
2744	27
2745	35
2746	41
2747	34
2748	26
2749	15
2750	10
2751	9
2752	11
2753	12
2754	11
2755	12
2756	16
2757	14
2758	10
2759	6
2760	5
2761	7
2762	1
2763	6
2764	6
2765	4
2766	5
2767	5
2768	8
2769	4
2770	7
2771	10
2772	13
2773	11
2774	6
2775	9
2776	12
2777	9
2778	8
2779	7
2780	6
2781	8
2782	7
2783	7
2784	8
2785	8
2786	10
2787	9
2788	8
2789	7
2790	12
2791	8
2792	8
2793	8
2794	10
2795	9
2796	9
2797	11
2798	16
2799	8
2800	9
2801	10
2802	8
2803	13
2804	12
2805	10
2806	11
2807	10
2808	12
2809	16
2810	5
2811	14
2812	10
2813	13
2814	7
2815	9
2816	6
2817	12
2818	6
2819	5
2820	7
2821	8
2822	8
2823	9
2824	5
2825	9
2826	12
2827	7
2828	8
2829	10
2830	10
2831	12
2832	13
2833	6
2834	12
2835	12
2836	7
2837	13
2838	16
2839	12
2840	5
2841	15
2842	14
2843	8
2844	10
2845	7
2846	10
2847	2
2848	5
2849	8
2850	7
2851	10
2852	10
2853	13
2854	9
2855	7
2856	9
2857	6
2858	7
2859	11
2860	10
2861	14
2862	12
2863	13
2864	5
2865	6
2866	8
2867	11
2868	6
2869	6
2870	14
2871	11
2872	9
2873	3
2874	7
2875	12
2876	7
2877	7
2878	18
2879	10
2880	6
2881	6
2882	3
2883	8
2884	11
2885	5
2886	10
2887	14
2888	12
2889	8
2890	13
2891	12
2892	8
2893	13
2894	10
2895	7
2896	6
2897	7
2898	9
2899	11
2900	8
2901	17
2902	10
2903	9
2904	12
2905	12
2906	8
2907	4
2908	10
2909	8
2910	14
2911	9
2912	12
2913	9
2914	15
2915	12
2916	3
2917	2
2918	3
2919	9
2920	9
2921	11
2922	12
2923	4
2924	7
2925	10
2926	6
2927	7
2928	8
2929	11
2930	9
2931	9
2932	10
2933	9
2934	8
2935	6
2936	9
2937	10
2938	6
2939	8
2940	11
2941	5
2942	2
2943	6
2944	12
2945	7
2946	6
2947	7
2948	6
2949	11
2950	7
2951	5
2952	2
2953	10
2954	7
2955	4
2956	9
2957	6
2958	7
2959	10
2960	16
2961	14
2962	43
2963	105
2964	220
2965	330
2966	410
2967	368
2968	199
2969	103
2970	40
2971	19
2972	16
2973	30
2974	45
2975	69
2976	83
2977	72
2978	48
2979	27
2980	19
2981	12
2982	8
2983	6
2984	8
2985	7
2986	11
2987	15
2988	6
2989	10
2990	15
2991	9
2992	9
2993	11
2994	11
2995	10
2996	8
2997	11
2998	13
2999	7
3000	6
3001	14
3002	10
3003	12
3004	6
3005	11
3006	15
3007	11
3008	9
3009	3
3010	8
3011	10
3012	5
3013	7
3014	9
3015	7
3016	8
3017	5
3018	9
3019	7
3020	8
3021	11
3022	4
3023	5
3024	4
3025	10
3026	10
3027	20
3028	16
3029	10
3030	18
3031	12
3032	28
3033	61
3034	148
3035	286
3036	448
3037	555
3038	464
3039	287
3040	164
3041	63
3042	20
3043	9
3044	5
3045	11
3046	9
3047	8
3048	5
3049	4
3050	3
3051	8
3052	8
3053	1
3054	9
3055	5
3056	6
3057	7
3058	7
3059	10
3060	8
3061	7
3062	5
3063	5
3064	5
3065	8
3066	8
3067	8
3068	5
3069	12
3070	11
3071	11
3072	10
3073	5
3074	9
3075	4
3076	9
3077	3
3078	7
3079	12
3080	15
3081	11
3082	8
3083	8
3084	11
3085	9
3086	13
3087	10
3088	15
3089	6
3090	8
3091	9
3092	6
3093	4
3094	8
3095	11
3096	8
3097	9
3098	7
3099	9
3100	5
3101	4
3102	2
3103	3
3104	8
3105	6
3106	7
3107	1
3108	8
3109	8
3110	5
3111	5
3112	8
3113	10
3114	15
3115	7
3116	10
3117	11
3118	8
3119	15
3120	8
3121	9
3122	6
3123	8
3124	7
3125	15
3126	4
3127	14
3128	5
3129	11
3130	7
3131	7
3132	9
3133	9
3134	9
3135	10
3136	5
3137	5
3138	12
3139	9
3140	6
3141	7
3142	7
3143	7
3144	7
3145	9
3146	10
3147	8
3148	11
3149	6
3150	11
3151	6
3152	9
3153	6
3154	10
3155	9
3156	12
3157	10
3158	15
3159	13
3160	13
3161	13
3162	6
3163	11
3164	4
3165	10
3166	12
3167	8
3168	16
3169	14
3170	8
3171	12
3172	10
3173	9
3174	12
3175	14
3176	5
3177	13
3178	10
3179	12
3180	12
3181	3
3182	11
3183	15
3184	14
3185	17
3186	11
3187	8
3188	11
3189	11
3190	15
3191	12
3192	10
3193	18
3194	7
3195	16
3196	12
3197	10
3198	12
3199	15
3200	19
3201	12
3202	12
3203	8
3204	11
3205	10
3206	10
3207	12
3208	13
3209	8
3210	7
3211	14
3212	9
3213	10
3214	18
3215	21
3216	14
3217	10
3218	10
3219	12
3220	9
3221	9
3222	11
3223	15
3224	8
3225	11
3226	8
3227	19
3228	16
3229	12
3230	13
3231	6
3232	13
3233	17
3234	4
3235	19
3236	11
3237	11
3238	16
3239	5
3240	12
3241	4
3242	11
3243	12
3244	17
3245	14
3246	8
3247	8
3248	12
3249	16
3250	10
3251	6
3252	9
3253	9
3254	7
3255	7
3256	6
3257	7
3258	10
3259	5
3260	12
3261	5
3262	8
3263	3
3264	8
3265	6
3266	7
3267	6
3268	4
3269	5
3270	6
3271	5
3272	4
3273	5
3274	12
3275	5
3276	5
3277	11
3278	6
3279	5
3280	4
3281	2
3282	8
3283	6
3284	4
3285	8
3286	7
3287	4
3288	4
3289	7
3290	5
3291	5
3292	4
3293	7
3294	6
3295	8
3296	8
3297	5
3298	6
3299	3
3300	11
3301	9
3302	6
3303	7
3304	8
3305	3
3306	7
3307	5
3308	7
3309	17
3310	21
3311	39
3312	57
3313	55
3314	41
3315	44
3316	20
3317	18
3318	6
3319	5
3320	7
3321	5
3322	2
3323	6
3324	2
3325	7
3326	8
3327	4
3328	4
3329	3
3330	5
3331	4
3332	6
3333	4
3334	5
3335	3
3336	7
3337	7
3338	5
3339	8
3340	9
3341	5
3342	4
3343	9
3344	4
3345	3
3346	5
3347	9
3348	10
3349	7
3350	7
3351	10
3352	6
3353	5
3354	4
3355	2
3356	3
3357	9
3358	2
3359	5
3360	5
3361	2
3362	2
3363	5
3364	4
3365	5
3366	3
3367	4
3368	9
3369	9
3370	3
3371	4
3372	3
3373	7
3374	3
3375	3
3376	5
3377	6
3378	5
3379	4
3380	3
3381	5
3382	4
3383	9
3384	6
3385	4
3386	4
3387	10
3388	4
3389	4
3390	3
3391	1
3392	4
3393	2
3394	7
3395	5
3396	2
3397	5
3398	1
3399	2
3400	5
3401	4
3402	5
3403	4
3404	5
3405	6
3406	5
3407	6
3408	2
3409	3
3410	6
3411	11
3412	6
3413	12
3414	10
3415	9
3416	17
3417	10
3418	8
3419	5
3420	5
3421	4
3422	5
3423	6
3424	5
3425	5
3426	3
3427	2
3428	1
3429	3
3430	1
3431	3
3432	6
3433	4
3434	3
3435	3
3436	6
3437	3
3438	7
3439	6
3440	2
3441	2
3442	0
3443	7
3444	2
3445	4
3446	6
3447	3
3448	8
3449	5
3450	1
3451	3
3452	2
3453	6
3454	4
3455	3
3456	4
3457	5
3458	3
3459	5
3460	3
3461	6
3462	3
3463	4
3464	0
3465	1
3466	2
3467	4
3468	1
3469	2
3470	3
3471	3
3472	0
3473	5
3474	2
3475	3
3476	4
3477	3
3478	4
3479	3
3480	1
3481	4
3482	2
3483	4
3484	1
3485	3
3486	2
3487	2
3488	5
3489	2
3490	3
3491	6
3492	4
3493	0
3494	2
3495	2
3496	1
3497	2
3498	3
3499	3
3500	5
3501	3
3502	1
3503	1
3504	0
3505	2
3506	2
3507	3
3508	5
3509	2
3510	3
3511	2
3512	2
3513	2
3514	2
3515	4
3516	1
3517	0
3518	1
3519	2
3520	1
3521	0
3522	1
3523	1
3524	0
3525	2
3526	3
3527	2
3528	5
3529	3
3530	7
3531	3
3532	3
3533	2
3534	0
3535	0
3536	2
3537	1
3538	1
3539	1
3540	1
3541	3
3542	0
3543	5
3544	8
3545	15
3546	41
3547	56
3548	58
3549	40
3550	33
3551	21
3552	6
3553	6
3554	8
3555	2
3556	5
3557	5
3558	3
3559	0
3560	2
3561	1
3562	4
3563	2
3564	1
3565	2
3566	4
3567	1
3568	2
3569	2
3570	1
3571	3
3572	1
3573	1
3574	1
3575	2
3576	1
3577	3
3578	1
3579	2
3580	2
3581	0
3582	0
3583	0
3584	2
3585	0
3586	0
3587	0
3588	3
3589	1
3590	2
3591	1
3592	3
3593	4
3594	2
3595	1
3596	2
3597	1
3598	0
3599	0
3600	1
3601	0
3602	0
3603	0
3604	0
3605	0
3606	1
3607	3
3608	2
3609	1
3610	3
3611	1
3612	4
3613	4
3614	3
3615	1
3616	1
3617	0
3618	0
3619	0
3620	0
3621	1
3622	1
3623	0
3624	2
3625	1
3626	2
3627	4
3628	1
3629	0
3630	1
3631	0
3632	0
3633	0
3634	1
3635	0
3636	0
3637	0
3638	1
3639	0
3640	1
3641	0
3642	1
3643	1
3644	0
3645	0
3646	0
3647	1
3648	2
3649	0
3650	0
3651	0
3652	1
3653	0
3654	0
3655	1
3656	1
3657	0
3658	1
3659	0
3660	0
3661	0
3662	1
3663	1
3664	0
3665	0
3666	0
3667	0
3668	1
3669	0
3670	1
3671	2
3672	2
3673	1
3674	3
3675	0
3676	1
3677	1
3678	0
3679	1
3680	1
3681	0
3682	0
3683	0
3684	1
3685	0
3686	1
3687	1
3688	0
3689	2
3690	1
3691	1
3692	1
3693	1
3694	0
3695	0
3696	0
3697	0
3698	0
3699	0
3700	0
3701	0
3702	0
3703	0
3704	0
3705	0
3706	1
3707	0
3708	1
3709	0
3710	0
3711	2
3712	2
3713	0
3714	0
3715	0
3716	0
3717	0
3718	1
3719	2
3720	0
3721	1
3722	1
3723	0
3724	1
3725	1
3726	2
3727	1
3728	3
3729	5
3730	0
3731	0
3732	2
3733	0
3734	1
3735	1
3736	0
3737	1
3738	1
3739	0
3740	0
3741	1
3742	0
3743	0
3744	0
3745	0
3746	0
3747	1
3748	0
3749	0
3750	0
3751	0
3752	0
3753	0
3754	1
3755	0
3756	1
3757	0
3758	0
3759	0
3760	1
3761	0
3762	1
3763	0
3764	1
3765	1
3766	0
3767	0
3768	0
3769	0
3770	0
3771	0
3772	0
3773	1
3774	1
3775	0
3776	0
3777	1
3778	0
3779	0
3780	0
3781	1
3782	0
3783	0
3784	0
3785	0
3786	0
3787	2
3788	0
3789	0
3790	0
3791	0
3792	0
3793	0
3794	0
3795	0
3796	0
3797	0
3798	0
3799	0
3800	0
3801	0
3802	0
3803	0
3804	0
3805	1
3806	0
3807	0
3808	0
3809	0
3810	0
3811	0
3812	1
3813	1
3814	2
3815	0
3816	0
3817	0
3818	0
3819	0
3820	1
3821	0
3822	0
3823	0
3824	0
3825	0
3826	0
3827	0
3828	0
3829	0
3830	0
3831	0
3832	0
3833	0
3834	0
3835	0
3836	0
3837	0
3838	3
3839	13
3840	32
3841	84
3842	187
3843	384
3844	511
3845	599
3846	507
3847	355
3848	213
3849	112
3850	30
3851	8
3852	1
3853	1
3854	0
3855	0
3856	0
3857	0
3858	0
3859	0
3860	0
3861	0
3862	0
3863	0
3864	0
3865	0
3866	0
3867	0
3868	0
3869	0
3870	0
3871	0
3872	0
3873	0
3874	0
3875	0
3876	0
3877	0
3878	0
3879	0
3880	0
3881	0
3882	0
3883	0
3884	0
3885	0
3886	0
3887	0
3888	0
3889	0
3890	0
3891	0
3892	0
3893	0
3894	0
3895	0
3896	0
3897	0
3898	1
3899	1
3900	2
3901	0
3902	0
3903	0
3904	0
3905	0
3906	0
3907	0
3908	0
3909	0
3910	0
3911	1
3912	0
3913	0
3914	0
3915	0
3916	0
3917	0
3918	0
3919	1
3920	0
3921	0
3922	1
3923	0
3924	0
3925	0
3926	0
3927	0
3928	0
3929	0
3930	0
3931	0
3932	0
3933	0
3934	0
3935	0
3936	0
3937	0
3938	0
3939	0
3940	0
3941	0
3942	0
3943	0
3944	0
3945	0
3946	0
3947	0
3948	0
3949	0
3950	0
3951	0
3952	0
3953	0
3954	0
3955	0
3956	0
3957	0
3958	0
3959	0
3960	0
3961	0
3962	0
3963	0
3964	0
3965	0
3966	0
3967	0
3968	0
3969	0
3970	0
3971	0
3972	0
3973	0
3974	0
3975	1
3976	3
3977	5
3978	8
3979	10
3980	11
3981	10
3982	9
3983	6
3984	1
3985	1
3986	1
3987	0
3988	0
3989	0
3990	0
3991	0
3992	0
3993	0
3994	0
3995	0
3996	0
3997	0
3998	0
3999	0
4000	0
4001	0
4002	0
4003	0
4004	0
4005	0
4006	0
4007	0
4008	0
4009	0
4010	0
4011	0
4012	0
4013	0
4014	0
4015	0
4016	0
4017	0
4018	0
4019	0
4020	0
4021	0
4022	0
4023	0
4024	0
4025	0
4026	0
4027	0
4028	0
4029	0
4030	0
4031	0
4032	0
4033	0
4034	0
4035	0
4036	0
4037	0
4038	0
4039	0
4040	0
4041	0
4042	0
4043	0
4044	0
4045	0
4046	0
4047	0
4048	0
4049	0
4050	0
4051	0
4052	0
4053	0
4054	0
4055	0
4056	0
4057	0
4058	0
4059	0
4060	0
4061	0
4062	0
4063	0
4064	0
4065	0
4066	0
4067	0
4068	0
4069	0
4070	0
4071	0
4072	0
4073	0
4074	0
4075	0
4076	0
4077	0
4078	0
4079	0
4080	0
4081	0
4082	0
4083	0
4084	0
4085	0
4086	0
4087	0
4088	0
4089	0
4090	0
4091	0
4092	0
4093	0
4094	0
4095	0
4096	0
4097	0
4098	0
4099	0
4100	0
4101	0
4102	0
4103	0
4104	0
4105	0
4106	0
4107	0
4108	0
4109	0
4110	0
4111	0
4112	0
4113	0
4114	0
4115	0
4116	0
4117	0
4118	0
4119	0
4120	0
4121	0
4122	0
4123	0
4124	0
4125	0
4126	0
4127	0
4128	0
4129	0
4130	0
4131	0
4132	0
4133	0
4134	0
4135	0
4136	0
4137	0
4138	0
4139	0
4140	0
4141	0
4142	0
4143	0
4144	0
4145	0
4146	0
4147	0
4148	0
4149	0
4150	0
4151	0
4152	0
4153	0
4154	0
4155	0
4156	0
4157	0
4158	0
4159	0
4160	0
4161	0
4162	0
4163	0
4164	0
4165	0
4166	1
4167	0
4168	0
4169	0
4170	3
4171	4
4172	6
4173	4
4174	7
4175	7
4176	0
4177	0
4178	0
4179	0
4180	0
4181	0
4182	0
4183	0
4184	0
4185	0
4186	0
4187	0
4188	0
4189	0
4190	0
4191	0
4192	0
4193	0
4194	0
4195	0
4196	0
4197	0
4198	0
4199	0
4200	0
4201	0
4202	0
4203	0
4204	0
4205	0
4206	0
4207	0
4208	0
4209	0
4210	0
4211	0
4212	0
4213	0
4214	0
4215	0
4216	0
4217	0
4218	0
4219	0
4220	0
4221	0
4222	0
4223	0
4224	0
4225	0
4226	0
4227	0
4228	0
4229	0
4230	0
4231	0
4232	0
4233	0
4234	0
4235	0
4236	0
4237	0
4238	0
4239	0
4240	0
4241	0
4242	0
4243	0
4244	0
4245	0
4246	0
4247	0
4248	0
4249	0
4250	0
4251	0
4252	0
4253	0
4254	0
4255	0
4256	0
4257	0
4258	0
4259	0
4260	0
4261	0
4262	0
4263	0
4264	0
4265	0
4266	0
4267	0
4268	0
4269	0
4270	0
4271	0
4272	0
4273	0
4274	0
4275	0
4276	0
4277	0
4278	0
4279	0
4280	0
4281	0
4282	0
4283	0
4284	0
4285	0
4286	0
4287	0
4288	0
4289	0
4290	0
4291	0
4292	0
4293	0
4294	0
4295	0
4296	0
4297	0
4298	0
4299	0
4300	0
4301	0
4302	0
4303	0
4304	0
4305	0
4306	0
4307	0
4308	0
4309	0
4310	0
4311	0
4312	0
4313	0
4314	0
4315	0
4316	0
4317	0
4318	0
4319	0
4320	0
4321	0
4322	0
4323	0
4324	0
4325	0
4326	0
4327	0
4328	0
4329	0
4330	0
4331	0
4332	0
4333	0
4334	0
4335	0
4336	0
4337	0
4338	0
4339	0
4340	0
4341	0
4342	0
4343	0
4344	0
4345	0
4346	0
4347	0
4348	0
4349	0
4350	0
4351	0
4352	0
4353	0
4354	0
4355	0
4356	0
4357	0
4358	0
4359	0
4360	0
4361	0
4362	0
4363	0
4364	0
4365	0
4366	0
4367	0
4368	0
4369	0
4370	0
4371	0
4372	0
4373	0
4374	0
4375	0
4376	0
4377	0
4378	0
4379	0
4380	0
4381	0
4382	0
4383	0
4384	0
4385	0
4386	0
4387	0
4388	0
4389	0
4390	0
4391	0
4392	0
4393	0
4394	1
4395	0
4396	0
4397	0
4398	0
4399	0
4400	0
4401	0
4402	0
4403	0
4404	0
4405	0
4406	0
4407	0
4408	1
4409	1
4410	0
4411	0
4412	0
4413	0
4414	1
4415	0
4416	0
4417	0
4418	0
4419	0
4420	0
4421	0
4422	0
4423	0
4424	0
4425	0
4426	0
4427	0
4428	0
4429	0
4430	0
4431	0
4432	0
4433	0
4434	0
4435	0
4436	0
4437	0
4438	0
4439	0
4440	0
4441	0
4442	0
4443	0
4444	0
4445	0
4446	0
4447	0
4448	0
4449	0
4450	0
4451	0
4452	0
4453	0
4454	0
4455	0
4456	0
4457	0
4458	0
4459	0
4460	0
4461	0
4462	0
4463	0
4464	0
4465	0
4466	0
4467	0
4468	0
4469	0
4470	0
4471	0
4472	0
4473	0
4474	0
4475	0
4476	0
4477	0
4478	0
4479	0
4480	0
4481	0
4482	0
4483	0
4484	0
4485	0
4486	0
4487	0
4488	0
4489	0
4490	0
4491	0
4492	0
4493	0
4494	0
4495	0
4496	0
4497	0
4498	1
4499	0
4500	0
4501	0
4502	0
4503	0
4504	0
4505	0
4506	0
4507	0
4508	0
4509	0
4510	0
4511	0
4512	0
4513	0
4514	0
4515	0
4516	0
4517	0
4518	0
4519	0
4520	0
4521	0
4522	0
4523	0
4524	0
4525	0
4526	0
4527	0
4528	0
4529	0
4530	0
4531	0
4532	0
4533	0
4534	0
4535	0
4536	0
4537	0
4538	0
4539	0
4540	0
4541	0
4542	0
4543	0
4544	0
4545	0
4546	0
4547	0
4548	0
4549	0
4550	0
4551	0
4552	0
4553	0
4554	0
4555	0
4556	0
4557	0
4558	0
4559	0
4560	0
4561	0
4562	0
4563	0
4564	0
4565	0
4566	0
4567	0
4568	0
4569	0
4570	0
4571	0
4572	0
4573	0
4574	0
4575	0
4576	0
4577	0
4578	0
4579	0
4580	0
4581	0
4582	0
4583	0
4584	0
4585	0
4586	0
4587	0
4588	0
4589	0
4590	0
4591	0
4592	0
4593	0
4594	0
4595	0
4596	0
4597	0
4598	0
4599	0
4600	0
4601	0
4602	0
4603	0
4604	0
4605	0
4606	0
4607	0
4608	0
4609	0
4610	0
4611	0
4612	0
4613	0
4614	0
4615	0
4616	0
4617	0
4618	0
4619	0
4620	0
4621	0
4622	0
4623	0
4624	0
4625	0
4626	0
4627	0
4628	0
4629	0
4630	0
4631	0
4632	0
4633	0
4634	0
4635	0
4636	0
4637	0
4638	0
4639	0
4640	0
4641	0
4642	0
4643	0
4644	0
4645	0
4646	0
4647	0
4648	0
4649	0
4650	0
4651	0
4652	0
4653	0
4654	0
4655	0
4656	0
4657	0
4658	0
4659	0
4660	0
4661	0
4662	0
4663	0
4664	0
4665	0
4666	0
4667	0
4668	0
4669	0
4670	0
4671	0
4672	0
4673	0
4674	0
4675	0
4676	0
4677	0
4678	0
4679	0
4680	0
4681	0
4682	0
4683	0
4684	0
4685	0
4686	0
4687	0
4688	0
4689	0
4690	0
4691	0
4692	0
4693	0
4694	0
4695	0
4696	0
4697	0
4698	0
4699	0
4700	0
4701	0
4702	0
4703	0
4704	0
4705	0
4706	0
4707	0
4708	0
4709	0
4710	0
4711	0
4712	0
4713	0
4714	0
4715	0
4716	0
4717	0
4718	0
4719	0
4720	0
4721	0
4722	0
4723	0
4724	0
4725	0
4726	0
4727	0
4728	0
4729	0
4730	0
4731	0
4732	0
4733	0
4734	0
4735	0
4736	0
4737	0
4738	0
4739	0
4740	0
4741	0
4742	0
4743	0
4744	0
4745	0
4746	0
4747	0
4748	0
4749	0
4750	0
4751	0
4752	0
4753	0
4754	0
4755	0
4756	0
4757	0
4758	0
4759	0
4760	0
4761	0
4762	0
4763	0
4764	0
4765	0
4766	0
4767	0
4768	0
4769	0
4770	0
4771	0
4772	0
4773	0
4774	0
4775	0
4776	0
4777	0
4778	0
4779	0
4780	0
4781	0
4782	0
4783	0
4784	0
4785	0
4786	0
4787	0
4788	0
4789	0
4790	0
4791	0
4792	0
4793	0
4794	0
4795	0
4796	0
4797	0
4798	0
4799	0
4800	0
4801	0
4802	0
4803	0
4804	0
4805	0
4806	0
4807	0
4808	0
4809	0
4810	0
4811	0
4812	0
4813	0
4814	0
4815	0
4816	0
4817	0
4818	0
4819	0
4820	0
4821	0
4822	0
4823	0
4824	0
4825	0
4826	0
4827	0
4828	0
4829	0
4830	1
4831	1
4832	0
4833	0
4834	0
4835	0
4836	0
4837	0
4838	0
4839	0
4840	0
4841	0
4842	0
4843	0
4844	0
4845	0
4846	0
4847	0
4848	0
4849	0
4850	0
4851	0
4852	0
4853	0
4854	0
4855	0
4856	0
4857	0
4858	0
4859	0
4860	0
4861	0
4862	0
4863	0
4864	0
4865	0
4866	0
4867	0
4868	0
4869	0
4870	0
4871	0
4872	0
4873	0
4874	0
4875	0
4876	0
4877	0
4878	0
4879	0
4880	0
4881	0
4882	0
4883	0
4884	0
4885	0
4886	0
4887	0
4888	0
4889	0
4890	0
4891	0
4892	0
4893	0
4894	0
4895	0
4896	0
4897	0
4898	0
4899	0
4900	0
4901	0
4902	0
4903	0
4904	0
4905	0
4906	0
4907	0
4908	0
4909	0
4910	0
4911	0
4912	0
4913	0
4914	0
4915	0
4916	0
4917	0
4918	0
4919	0
4920	0
4921	0
4922	0
4923	0
4924	0
4925	0
4926	0
4927	0
4928	0
4929	0
4930	0
4931	0
4932	0
4933	0
4934	0
4935	0
4936	0
4937	0
4938	0
4939	0
4940	0
4941	0
4942	0
4943	0
4944	0
4945	0
4946	0
4947	0
4948	0
4949	0
4950	0
4951	0
4952	0
4953	0
4954	0
4955	0
4956	0
4957	0
4958	0
4959	0
4960	0
4961	0
4962	0
4963	0
4964	0
4965	0
4966	0
4967	0
4968	0
4969	0
4970	0
4971	0
4972	0
4973	0
4974	0
4975	0
4976	0
4977	0
4978	0
4979	0
4980	0
4981	0
4982	0
4983	0
4984	0
4985	0
4986	0
4987	0
4988	0
4989	0
4990	0
4991	0
4992	0
4993	0
4994	0
4995	0
4996	0
4997	0
4998	0
4999	0
5000	0
5001	0
5002	0
5003	0
5004	0
5005	0
5006	0
5007	0
5008	0
5009	0
5010	0
5011	0
5012	0
5013	0
5014	0
5015	0
5016	0
5017	0
5018	0
5019	0
5020	0
5021	0
5022	0
5023	0
5024	0
5025	0
5026	0
5027	0
5028	0
5029	0
5030	0
5031	0
5032	0
5033	0
5034	0
5035	0
5036	0
5037	0
5038	0
5039	0
5040	0
5041	0
5042	0
5043	0
5044	0
5045	0
5046	0
5047	0
5048	0
5049	0
5050	0
5051	0
5052	0
5053	0
5054	0
5055	0
5056	0
5057	0
5058	0
5059	0
5060	0
5061	0
5062	0
5063	0
5064	0
5065	0
5066	0
5067	0
5068	0
5069	0
5070	0
5071	0
5072	0
5073	0
5074	0
5075	0
5076	0
5077	0
5078	0
5079	0
5080	0
5081	0
5082	0
5083	0
5084	0
5085	0
5086	0
5087	0
5088	0
5089	0
5090	0
5091	0
5092	0
5093	0
5094	0
5095	0
5096	0
5097	0
5098	0
5099	0
5100	0
5101	0
5102	0
5103	0
5104	0
5105	0
5106	0
5107	0
5108	0
5109	0
5110	0
5111	0
5112	0
5113	0
5114	0
5115	0
5116	0
5117	0
5118	0
5119	0
5120	0
5121	0
5122	0
5123	0
5124	0
5125	0
5126	0
5127	0
5128	0
5129	0
5130	0
5131	0
5132	0
5133	0
5134	0
5135	0
5136	0
5137	0
5138	0
5139	0
5140	0
5141	0
5142	0
5143	0
5144	0
5145	0
5146	0
5147	0
5148	0
5149	0
5150	0
5151	0
5152	0
5153	0
5154	0
5155	0
5156	0
5157	0
5158	0
5159	0
5160	0
5161	0
5162	0
5163	0
5164	0
5165	0
5166	0
5167	0
5168	0
5169	0
5170	0
5171	0
5172	0
5173	0
5174	0
5175	0
5176	0
5177	0
5178	0
5179	0
5180	0
5181	0
5182	0
5183	0
5184	0
5185	0
5186	0
5187	0
5188	0
5189	0
5190	0
5191	0
5192	0
5193	0
5194	0
5195	0
5196	0
5197	0
5198	0
5199	0
5200	0
5201	0
5202	0
5203	0
5204	0
5205	0
5206	0
5207	0
5208	0
5209	0
5210	0
5211	0
5212	0
5213	0
5214	0
5215	0
5216	0
5217	0
5218	0
5219	0
5220	0
5221	0
5222	0
5223	0
5224	0
5225	0
5226	0
5227	0
5228	0
5229	0
5230	0
5231	0
5232	0
5233	0
5234	0
5235	0
5236	0
5237	0
5238	0
5239	0
5240	0
5241	0
5242	0
5243	0
5244	0
5245	0
5246	0
5247	0
5248	0
5249	0
5250	0
5251	0
5252	0
5253	0
5254	0
5255	0
5256	0
5257	0
5258	0
5259	0
5260	0
5261	0
5262	0
5263	0
5264	0
5265	0
5266	0
5267	0
5268	0
5269	0
5270	0
5271	0
5272	0
5273	0
5274	0
5275	0
5276	0
5277	0
5278	0
5279	0
5280	0
5281	0
5282	0
5283	0
5284	0
5285	0
5286	0
5287	0
5288	0
5289	0
5290	0
5291	0
5292	0
5293	0
5294	0
5295	0
5296	0
5297	0
5298	0
5299	0
5300	0
5301	0
5302	0
5303	0
5304	0
5305	0
5306	0
5307	0
5308	0
5309	0
5310	0
5311	0
5312	0
5313	0
5314	0
5315	0
5316	0
5317	0
5318	0
5319	0
5320	0
5321	0
5322	0
5323	0
5324	0
5325	0
5326	0
5327	0
5328	0
5329	0
5330	0
5331	0
5332	0
5333	0
5334	0
5335	0
5336	0
5337	0
5338	0
5339	0
5340	0
5341	0
5342	0
5343	0
5344	0
5345	0
5346	0
5347	0
5348	0
5349	0
5350	0
5351	0
5352	0
5353	0
5354	0
5355	0
5356	0
5357	0
5358	0
5359	0
5360	0
5361	0
5362	0
5363	0
5364	0
5365	0
5366	0
5367	0
5368	0
5369	0
5370	0
5371	0
5372	0
5373	0
5374	0
5375	0
5376	0
5377	0
5378	0
5379	0
5380	0
5381	0
5382	0
5383	0
5384	0
5385	0
5386	0
5387	0
5388	0
5389	0
5390	0
5391	0
5392	0
5393	0
5394	0
5395	0
5396	0
5397	0
5398	0
5399	0
5400	0
5401	0
5402	0
5403	0
5404	0
5405	0
5406	0
5407	0
5408	0
5409	0
5410	0
5411	0
5412	0
5413	0
5414	0
5415	0
5416	0
5417	0
5418	0
5419	0
5420	0
5421	0
5422	0
5423	0
5424	0
5425	0
5426	0
5427	0
5428	0
5429	0
5430	0
5431	0
5432	0
5433	0
5434	0
5435	0
5436	0
5437	0
5438	0
5439	0
5440	0
5441	0
5442	0
5443	0
5444	0
5445	0
5446	0
5447	0
5448	0
5449	0
5450	0
5451	0
5452	0
5453	0
5454	0
5455	0
5456	0
5457	0
5458	0
5459	0
5460	0
5461	0
5462	0
5463	0
5464	0
5465	0
5466	0
5467	0
5468	0
5469	0
5470	0
5471	0
5472	0
5473	0
5474	0
5475	0
5476	0
5477	0
5478	0
5479	0
5480	0
5481	0
5482	0
5483	0
5484	0
5485	0
5486	0
5487	0
5488	0
5489	0
5490	0
5491	0
5492	0
5493	0
5494	0
5495	0
5496	0
5497	0
5498	0
5499	0
5500	0
5501	0
5502	0
5503	0
5504	0
5505	0
5506	0
5507	0
5508	0
5509	0
5510	0
5511	0
5512	0
5513	0
5514	0
5515	0
5516	0
5517	0
5518	0
5519	0
5520	0
5521	0
5522	0
5523	0
5524	0
5525	0
5526	0
5527	0
5528	0
5529	0
5530	0
5531	0
5532	0
5533	0
5534	0
5535	0
5536	0
5537	0
5538	0
5539	0
5540	0
5541	0
5542	0
5543	0
5544	0
5545	0
5546	0
5547	0
5548	0
5549	0
5550	0
5551	0
5552	0
5553	0
5554	0
5555	0
5556	0
5557	0
5558	0
5559	0
5560	0
5561	0
5562	0
5563	0
5564	0
5565	0
5566	0
5567	0
5568	0
5569	0
5570	0
5571	0
5572	0
5573	0
5574	0
5575	0
5576	0
5577	0
5578	0
5579	0
5580	0
5581	0
5582	0
5583	0
5584	0
5585	0
5586	0
5587	0
5588	0
5589	0
5590	0
5591	0
5592	0
5593	0
5594	0
5595	0
5596	0
5597	0
5598	0
5599	0
5600	0
5601	0
5602	0
5603	0
5604	0
5605	0
5606	0
5607	0
5608	0
5609	0
5610	0
5611	0
5612	0
5613	0
5614	0
5615	0
5616	0
5617	0
5618	0
5619	0
5620	0
5621	0
5622	0
5623	0
5624	0
5625	0
5626	0
5627	0
5628	0
5629	0
5630	0
5631	0
5632	0
5633	0
5634	0
5635	0
5636	0
5637	0
5638	0
5639	0
5640	0
5641	0
5642	0
5643	0
5644	0
5645	0
5646	0
5647	0
5648	0
5649	0
5650	0
5651	0
5652	0
5653	0
5654	0
5655	0
5656	0
5657	0
5658	0
5659	0
5660	0
5661	0
5662	0
5663	0
5664	0
5665	0
5666	0
5667	0
5668	0
5669	0
5670	0
5671	0
5672	0
5673	0
5674	0
5675	0
5676	0
5677	0
5678	0
5679	0
5680	0
5681	0
5682	0
5683	0
5684	0
5685	0
5686	0
5687	0
5688	0
5689	0
5690	0
5691	0
5692	0
5693	0
5694	0
5695	0
5696	0
5697	0
5698	0
5699	0
5700	0
5701	0
5702	0
5703	0
5704	0
5705	0
5706	0
5707	0
5708	0
5709	0
5710	0
5711	0
5712	0
5713	0
5714	0
5715	0
5716	0
5717	0
5718	0
5719	0
5720	0
5721	0
5722	0
5723	0
5724	0
5725	0
5726	0
5727	0
5728	0
5729	0
5730	0
5731	0
5732	0
5733	0
5734	0
5735	0
5736	0
5737	0
5738	0
5739	0
5740	0
5741	0
5742	0
5743	0
5744	0
5745	0
5746	0
5747	0
5748	0
5749	0
5750	0
5751	0
5752	0
5753	0
5754	0
5755	0
5756	0
5757	0
5758	0
5759	0
5760	0
5761	0
5762	0
5763	0
5764	0
5765	0
5766	0
5767	0
5768	0
5769	0
5770	0
5771	0
5772	0
5773	0
5774	0
5775	0
5776	0
5777	0
5778	0
5779	0
5780	0
5781	0
5782	0
5783	0
5784	0
5785	0
5786	0
5787	0
5788	0
5789	0
5790	0
5791	0
5792	0
5793	0
5794	0
5795	0
5796	0
5797	0
5798	0
5799	0
5800	0
5801	0
5802	0
5803	0
5804	0
5805	0
5806	0
5807	0
5808	0
5809	0
5810	0
5811	0
5812	0
5813	0
5814	0
5815	0
5816	0
5817	0
5818	0
5819	0
5820	0
5821	0
5822	0
5823	0
5824	0
5825	0
5826	0
5827	0
5828	0
5829	0
5830	0
5831	0
5832	0
5833	0
5834	0
5835	0
5836	0
5837	0
5838	0
5839	0
5840	0
5841	0
5842	0
5843	0
5844	0
5845	0
5846	0
5847	0
5848	0
5849	0
5850	0
5851	0
5852	0
5853	0
5854	0
5855	0
5856	0
5857	0
5858	0
5859	0
5860	0
5861	0
5862	0
5863	0
5864	0
5865	0
5866	0
5867	0
5868	0
5869	0
5870	0
5871	0
5872	0
5873	0
5874	0
5875	0
5876	0
5877	0
5878	0
5879	0
5880	0
5881	0
5882	0
5883	0
5884	0
5885	0
5886	0
5887	0
5888	0
5889	0
5890	0
5891	0
5892	0
5893	0
5894	0
5895	0
5896	0
5897	0
5898	0
5899	0
5900	0
5901	0
5902	0
5903	0
5904	0
5905	0
5906	0
5907	0
5908	0
5909	0
5910	0
5911	0
5912	0
5913	0
5914	0
5915	0
5916	0
5917	0
5918	0
5919	0
5920	0
5921	0
5922	0
5923	0
5924	0
5925	0
5926	0
5927	0
5928	0
5929	0
5930	0
5931	0
5932	0
5933	0
5934	0
5935	0
5936	0
5937	0
5938	0
5939	0
5940	0
5941	0
5942	0
5943	0
5944	0
5945	0
5946	0
5947	0
5948	0
5949	0
5950	0
5951	0
5952	0
5953	0
5954	0
5955	0
5956	0
5957	0
5958	0
5959	0
5960	0
5961	0
5962	0
5963	0
5964	0
5965	0
5966	0
5967	0
5968	0
5969	0
5970	0
5971	0
5972	0
5973	0
5974	0
5975	0
5976	0
5977	0
5978	0
5979	0
5980	0
5981	0
5982	0
5983	0
5984	0
5985	0
5986	0
5987	0
5988	0
5989	0
5990	0
5991	0
5992	0
5993	0
5994	0
5995	0
5996	0
5997	0
5998	0
5999	0
6000	0
6001	0
6002	0
6003	0
6004	0
6005	0
6006	0
6007	0
6008	0
6009	0
6010	0
6011	0
6012	0
6013	0
6014	0
6015	0
6016	0
6017	0
6018	0
6019	0
6020	0
6021	0
6022	0
6023	0
6024	0
6025	0
6026	0
6027	0
6028	0
6029	0
6030	0
6031	0
6032	0
6033	0
6034	0
6035	0
6036	0
6037	0
6038	0
6039	0
6040	0
6041	0
6042	0
6043	0
6044	0
6045	0
6046	0
6047	0
6048	0
6049	0
6050	0
6051	0
6052	0
6053	0
6054	0
6055	0
6056	0
6057	0
6058	0
6059	0
6060	0
6061	0
6062	0
6063	0
6064	0
6065	0
6066	0
6067	0
6068	0
6069	0
6070	0
6071	0
6072	0
6073	0
6074	0
6075	0
6076	0
6077	0
6078	0
6079	0
6080	0
6081	0
6082	0
6083	0
6084	0
6085	0
6086	0
6087	0
6088	0
6089	0
6090	0
6091	0
6092	0
6093	0
6094	0
6095	0
6096	0
6097	0
6098	0
6099	0
6100	0
6101	0
6102	0
6103	0
6104	0
6105	0
6106	0
6107	0
6108	0
6109	0
6110	0
6111	0
6112	0
6113	0
6114	0
6115	0
6116	0
6117	0
6118	0
6119	0
6120	0
6121	0
6122	0
6123	0
6124	0
6125	0
6126	0
6127	0
6128	0
6129	0
6130	0
6131	0
6132	0
6133	0
6134	0
6135	0
6136	0
6137	0
6138	0
6139	0
6140	0
6141	0
6142	0
6143	0
6144	0
6145	0
6146	0
6147	0
6148	0
6149	0
6150	0
6151	0
6152	0
6153	0
6154	0
6155	0
6156	0
6157	0
6158	0
6159	0
6160	0
6161	0
6162	0
6163	0
6164	0
6165	0
6166	0
6167	0
6168	0
6169	0
6170	0
6171	0
6172	0
6173	0
6174	0
6175	0
6176	0
6177	0
6178	0
6179	0
6180	0
6181	0
6182	0
6183	0
6184	0
6185	0
6186	0
6187	0
6188	0
6189	0
6190	0
6191	0
6192	0
6193	0
6194	0
6195	0
6196	0
6197	0
6198	0
6199	0
6200	0
6201	0
6202	0
6203	0
6204	0
6205	0
6206	0
6207	0
6208	0
6209	0
6210	0
6211	0
6212	0
6213	0
6214	0
6215	0
6216	0
6217	0
6218	0
6219	0
6220	0
6221	0
6222	0
6223	0
6224	0
6225	0
6226	0
6227	0
6228	0
6229	0
6230	0
6231	0
6232	0
6233	0
6234	0
6235	0
6236	0
6237	0
6238	0
6239	0
6240	0
6241	0
6242	0
6243	0
6244	0
6245	0
6246	0
6247	0
6248	0
6249	0
6250	0
6251	0
6252	0
6253	0
6254	0
6255	0
6256	0
6257	0
6258	0
6259	0
6260	0
6261	0
6262	0
6263	0
6264	0
6265	0
6266	0
6267	0
6268	0
6269	0
6270	0
6271	0
6272	0
6273	0
6274	0
6275	0
6276	0
6277	0
6278	0
6279	0
6280	0
6281	0
6282	0
6283	0
6284	0
6285	0
6286	0
6287	0
6288	0
6289	0
6290	0
6291	0
6292	0
6293	0
6294	0
6295	0
6296	0
6297	0
6298	0
6299	0
6300	0
6301	0
6302	0
6303	0
6304	0
6305	0
6306	0
6307	0
6308	0
6309	0
6310	0
6311	0
6312	0
6313	0
6314	0
6315	0
6316	0
6317	0
6318	0
6319	0
6320	0
6321	0
6322	0
6323	0
6324	0
6325	0
6326	0
6327	0
6328	0
6329	0
6330	0
6331	0
6332	0
6333	0
6334	0
6335	0
6336	0
6337	0
6338	0
6339	0
6340	0
6341	0
6342	0
6343	0
6344	0
6345	0
6346	0
6347	0
6348	0
6349	0
6350	0
6351	0
6352	0
6353	0
6354	0
6355	0
6356	0
6357	0
6358	0
6359	0
6360	0
6361	0
6362	0
6363	0
6364	0
6365	0
6366	0
6367	0
6368	0
6369	0
6370	0
6371	0
6372	0
6373	0
6374	0
6375	0
6376	0
6377	0
6378	0
6379	0
6380	0
6381	0
6382	0
6383	0
6384	0
6385	0
6386	0
6387	0
6388	0
6389	0
6390	0
6391	0
6392	0
6393	0
6394	0
6395	0
6396	0
6397	0
6398	0
6399	0
6400	0
6401	0
6402	0
6403	0
6404	0
6405	0
6406	0
6407	0
6408	0
6409	0
6410	0
6411	0
6412	0
6413	0
6414	0
6415	0
6416	0
6417	0
6418	0
6419	0
6420	0
6421	0
6422	0
6423	0
6424	0
6425	0
6426	0
6427	0
6428	0
6429	0
6430	0
6431	0
6432	0
6433	0
6434	0
6435	0
6436	0
6437	0
6438	0
6439	0
6440	0
6441	0
6442	0
6443	0
6444	0
6445	0
6446	0
6447	0
6448	0
6449	0
6450	0
6451	0
6452	0
6453	0
6454	0
6455	0
6456	0
6457	0
6458	0
6459	0
6460	0
6461	0
6462	0
6463	0
6464	0
6465	0
6466	0
6467	0
6468	0
6469	0
6470	0
6471	0
6472	0
6473	0
6474	0
6475	0
6476	0
6477	0
6478	0
6479	0
6480	0
6481	0
6482	0
6483	0
6484	0
6485	0
6486	0
6487	0
6488	0
6489	0
6490	0
6491	0
6492	0
6493	0
6494	0
6495	0
6496	0
6497	0
6498	0
6499	0
6500	0
6501	0
6502	0
6503	0
6504	0
6505	0
6506	0
6507	0
6508	0
6509	0
6510	0
6511	0
6512	0
6513	0
6514	0
6515	0
6516	0
6517	0
6518	0
6519	0
6520	0
6521	0
6522	0
6523	0
6524	0
6525	0
6526	0
6527	0
6528	0
6529	0
6530	0
6531	0
6532	0
6533	0
6534	0
6535	0
6536	0
6537	0
6538	0
6539	0
6540	0
6541	0
6542	0
6543	0
6544	0
6545	0
6546	0
6547	0
6548	0
6549	0
6550	0
6551	0
6552	0
6553	0
6554	0
6555	0
6556	0
6557	0
6558	0
6559	0
6560	0
6561	0
6562	0
6563	0
6564	0
6565	0
6566	0
6567	0
6568	0
6569	0
6570	0
6571	0
6572	0
6573	0
6574	0
6575	0
6576	0
6577	0
6578	0
6579	0
6580	0
6581	0
6582	0
6583	0
6584	0
6585	0
6586	0
6587	0
6588	0
6589	0
6590	0
6591	0
6592	0
6593	0
6594	0
6595	0
6596	0
6597	0
6598	0
6599	0
6600	0
6601	0
6602	0
6603	0
6604	0
6605	0
6606	0
6607	0
6608	0
6609	0
6610	0
6611	0
6612	0
6613	0
6614	0
6615	0
6616	0
6617	0
6618	0
6619	0
6620	0
6621	0
6622	0
6623	0
6624	0
6625	0
6626	0
6627	0
6628	0
6629	0
6630	0
6631	0
6632	0
6633	0
6634	0
6635	0
6636	0
6637	0
6638	0
6639	0
6640	0
6641	0
6642	0
6643	0
6644	0
6645	0
6646	0
6647	0
6648	0
6649	0
6650	0
6651	0
6652	0
6653	0
6654	0
6655	0
6656	0
6657	0
6658	0
6659	0
6660	0
6661	0
6662	0
6663	0
6664	0
6665	0
6666	0
6667	0
6668	0
6669	0
6670	0
6671	0
6672	0
6673	0
6674	0
6675	0
6676	0
6677	0
6678	0
6679	0
6680	0
6681	0
6682	0
6683	0
6684	0
6685	0
6686	0
6687	0
6688	0
6689	0
6690	0
6691	0
6692	0
6693	0
6694	0
6695	0
6696	0
6697	0
6698	0
6699	0
6700	0
6701	0
6702	0
6703	0
6704	0
6705	0
6706	0
6707	0
6708	0
6709	0
6710	0
6711	0
6712	0
6713	0
6714	0
6715	0
6716	0
6717	0
6718	0
6719	0
6720	0
6721	0
6722	0
6723	0
6724	0
6725	0
6726	0
6727	0
6728	0
6729	0
6730	0
6731	0
6732	0
6733	0
6734	0
6735	0
6736	0
6737	0
6738	0
6739	0
6740	0
6741	0
6742	0
6743	0
6744	0
6745	0
6746	0
6747	0
6748	0
6749	0
6750	0
6751	0
6752	0
6753	0
6754	0
6755	0
6756	0
6757	0
6758	0
6759	0
6760	0
6761	0
6762	0
6763	0
6764	0
6765	0
6766	0
6767	0
6768	0
6769	0
6770	0
6771	0
6772	0
6773	0
6774	0
6775	0
6776	0
6777	0
6778	0
6779	0
6780	0
6781	0
6782	0
6783	0
6784	0
6785	0
6786	0
6787	0
6788	0
6789	0
6790	0
6791	0
6792	0
6793	0
6794	0
6795	0
6796	0
6797	0
6798	0
6799	0
6800	0
6801	0
6802	0
6803	0
6804	0
6805	0
6806	0
6807	0
6808	0
6809	0
6810	0
6811	0
6812	0
6813	0
6814	0
6815	0
6816	0
6817	0
6818	0
6819	0
6820	0
6821	0
6822	0
6823	0
6824	0
6825	0
6826	0
6827	0
6828	0
6829	0
6830	0
6831	0
6832	0
6833	0
6834	0
6835	0
6836	0
6837	0
6838	0
6839	0
6840	0
6841	0
6842	0
6843	0
6844	0
6845	0
6846	0
6847	0
6848	0
6849	0
6850	0
6851	0
6852	0
6853	0
6854	0
6855	0
6856	0
6857	0
6858	0
6859	0
6860	0
6861	0
6862	0
6863	0
6864	0
6865	0
6866	0
6867	0
6868	0
6869	0
6870	0
6871	0
6872	0
6873	0
6874	0
6875	0
6876	0
6877	0
6878	0
6879	0
6880	0
6881	0
6882	0
6883	0
6884	0
6885	0
6886	0
6887	0
6888	0
6889	0
6890	0
6891	0
6892	0
6893	0
6894	0
6895	0
6896	0
6897	0
6898	0
6899	0
6900	0
6901	0
6902	0
6903	0
6904	0
6905	0
6906	0
6907	0
6908	0
6909	0
6910	0
6911	0
6912	0
6913	0
6914	0
6915	0
6916	0
6917	0
6918	0
6919	0
6920	0
6921	0
6922	0
6923	0
6924	0
6925	0
6926	0
6927	0
6928	0
6929	0
6930	0
6931	0
6932	0
6933	0
6934	0
6935	0
6936	0
6937	0
6938	0
6939	0
6940	0
6941	0
6942	0
6943	0
6944	0
6945	0
6946	0
6947	0
6948	0
6949	0
6950	0
6951	0
6952	0
6953	0
6954	0
6955	0
6956	0
6957	0
6958	0
6959	0
6960	0
6961	0
6962	0
6963	0
6964	0
6965	0
6966	0
6967	0
6968	0
6969	0
6970	0
6971	0
6972	0
6973	0
6974	0
6975	0
6976	0
6977	0
6978	0
6979	0
6980	0
6981	0
6982	0
6983	0
6984	0
6985	0
6986	0
6987	0
6988	0
6989	0
6990	0
6991	0
6992	0
6993	0
6994	0
6995	0
6996	0
6997	0
6998	0
6999	0
7000	0
7001	0
7002	0
7003	0
7004	0
7005	0
7006	0
7007	0
7008	0
7009	0
7010	0
7011	0
7012	0
7013	0
7014	0
7015	0
7016	0
7017	0
7018	0
7019	0
7020	0
7021	0
7022	0
7023	0
7024	0
7025	0
7026	0
7027	0
7028	0
7029	0
7030	0
7031	0
7032	0
7033	0
7034	0
7035	0
7036	0
7037	0
7038	0
7039	0
7040	0
7041	0
7042	0
7043	0
7044	0
7045	0
7046	0
7047	0
7048	0
7049	0
7050	0
7051	0
7052	0
7053	0
7054	0
7055	0
7056	0
7057	0
7058	0
7059	0
7060	0
7061	0
7062	0
7063	0
7064	0
7065	0
7066	0
7067	0
7068	0
7069	0
7070	0
7071	0
7072	0
7073	0
7074	0
7075	0
7076	0
7077	0
7078	0
7079	0
7080	0
7081	0
7082	0
7083	0
7084	0
7085	0
7086	0
7087	0
7088	0
7089	0
7090	0
7091	0
7092	0
7093	0
7094	0
7095	0
7096	0
7097	0
7098	0
7099	0
7100	0
7101	0
7102	0
7103	0
7104	0
7105	0
7106	0
7107	0
7108	0
7109	0
7110	0
7111	0
7112	0
7113	0
7114	0
7115	0
7116	0
7117	0
7118	0
7119	0
7120	0
7121	0
7122	0
7123	0
7124	0
7125	0
7126	0
7127	0
7128	0
7129	0
7130	0
7131	0
7132	0
7133	0
7134	0
7135	0
7136	0
7137	0
7138	0
7139	0
7140	0
7141	0
7142	0
7143	0
7144	0
7145	0
7146	0
7147	0
7148	0
7149	0
7150	0
7151	0
7152	0
7153	0
7154	0
7155	0
7156	0
7157	0
7158	0
7159	0
7160	0
7161	0
7162	0
7163	0
7164	0
7165	0
7166	0
7167	0
7168	0
7169	0
7170	0
7171	0
7172	0
7173	0
7174	0
7175	0
7176	0
7177	0
7178	0
7179	0
7180	0
7181	0
7182	0
7183	0
7184	0
7185	0
7186	0
7187	0
7188	0
7189	0
7190	0
7191	0
7192	0
7193	0
7194	0
7195	0
7196	0
7197	0
7198	0
7199	0
7200	0
7201	0
7202	0
7203	0
7204	0
7205	0
7206	0
7207	0
7208	0
7209	0
7210	0
7211	0
7212	0
7213	0
7214	0
7215	0
7216	0
7217	0
7218	0
7219	0
7220	0
7221	0
7222	0
7223	0
7224	0
7225	0
7226	0
7227	0
7228	0
7229	0
7230	0
7231	0
7232	0
7233	0
7234	0
7235	0
7236	0
7237	0
7238	0
7239	0
7240	0
7241	0
7242	0
7243	0
7244	0
7245	0
7246	0
7247	0
7248	0
7249	0
7250	0
7251	0
7252	0
7253	0
7254	0
7255	0
7256	0
7257	0
7258	0
7259	0
7260	0
7261	0
7262	0
7263	0
7264	0
7265	0
7266	0
7267	0
7268	0
7269	0
7270	0
7271	0
7272	0
7273	0
7274	0
7275	0
7276	0
7277	0
7278	0
7279	0
7280	0
7281	0
7282	0
7283	0
7284	0
7285	0
7286	0
7287	0
7288	0
7289	0
7290	0
7291	0
7292	0
7293	0
7294	0
7295	0
7296	0
7297	0
7298	0
7299	0
7300	0
7301	0
7302	0
7303	0
7304	0
7305	0
7306	0
7307	0
7308	0
7309	0
7310	0
7311	0
7312	0
7313	0
7314	0
7315	0
7316	0
7317	0
7318	0
7319	0
7320	0
7321	0
7322	0
7323	0
7324	0
7325	0
7326	0
7327	0
7328	0
7329	0
7330	0
7331	0
7332	0
7333	0
7334	0
7335	0
7336	0
7337	0
7338	0
7339	0
7340	0
7341	0
7342	0
7343	0
7344	0
7345	0
7346	0
7347	0
7348	0
7349	0
7350	0
7351	0
7352	0
7353	0
7354	0
7355	0
7356	0
7357	0
7358	0
7359	0
7360	0
7361	0
7362	0
7363	0
7364	0
7365	0
7366	0
7367	0
7368	0
7369	0
7370	0
7371	0
7372	0
7373	0
7374	0
7375	0
7376	0
7377	0
7378	0
7379	0
7380	0
7381	0
7382	0
7383	0
7384	0
7385	0
7386	0
7387	0
7388	0
7389	0
7390	0
7391	0
7392	0
7393	0
7394	0
7395	0
7396	0
7397	0
7398	0
7399	0
7400	0
7401	0
7402	0
7403	0
7404	0
7405	0
7406	0
7407	0
7408	0
7409	0
7410	0
7411	0
7412	0
7413	0
7414	0
7415	0
7416	0
7417	0
7418	0
7419	0
7420	0
7421	0
7422	0
7423	0
7424	0
7425	0
7426	0
7427	0
7428	0
7429	0
7430	0
7431	0
7432	0
7433	0
7434	0
7435	0
7436	0
7437	0
7438	0
7439	0
7440	0
7441	0
7442	0
7443	0
7444	0
7445	0
7446	0
7447	0
7448	0
7449	0
7450	0
7451	0
7452	0
7453	0
7454	0
7455	0
7456	0
7457	0
7458	0
7459	0
7460	0
7461	0
7462	0
7463	0
7464	0
7465	0
7466	0
7467	0
7468	0
7469	0
7470	0
7471	0
7472	0
7473	0
7474	0
7475	0
7476	0
7477	0
7478	0
7479	0
7480	0
7481	0
7482	0
7483	0
7484	0
7485	0
7486	0
7487	0
7488	0
7489	0
7490	0
7491	0
7492	0
7493	0
7494	0
7495	0
7496	0
7497	0
7498	0
7499	0
7500	0
7501	0
7502	0
7503	0
7504	0
7505	0
7506	0
7507	0
7508	0
7509	0
7510	0
7511	0
7512	0
7513	0
7514	0
7515	0
7516	0
7517	0
7518	0
7519	0
7520	0
7521	0
7522	0
7523	0
7524	0
7525	0
7526	0
7527	0
7528	0
7529	0
7530	0
7531	0
7532	0
7533	0
7534	0
7535	0
7536	0
7537	0
7538	0
7539	0
7540	0
7541	0
7542	0
7543	0
7544	0
7545	0
7546	0
7547	0
7548	0
7549	0
7550	0
7551	0
7552	0
7553	0
7554	0
7555	0
7556	0
7557	0
7558	0
7559	0
7560	0
7561	0
7562	0
7563	0
7564	0
7565	0
7566	0
7567	0
7568	0
7569	0
7570	0
7571	0
7572	0
7573	0
7574	0
7575	0
7576	0
7577	0
7578	0
7579	0
7580	0
7581	0
7582	0
7583	0
7584	0
7585	0
7586	0
7587	0
7588	0
7589	0
7590	0
7591	0
7592	0
7593	0
7594	0
7595	0
7596	0
7597	0
7598	0
7599	0
7600	0
7601	0
7602	0
7603	0
7604	0
7605	0
7606	0
7607	0
7608	0
7609	0
7610	0
7611	0
7612	0
7613	0
7614	0
7615	0
7616	0
7617	0
7618	0
7619	0
7620	0
7621	0
7622	0
7623	0
7624	0
7625	0
7626	0
7627	0
7628	0
7629	0
7630	0
7631	0
7632	0
7633	0
7634	0
7635	0
7636	0
7637	0
7638	0
7639	0
7640	0
7641	0
7642	0
7643	0
7644	0
7645	0
7646	0
7647	0
7648	0
7649	0
7650	0
7651	0
7652	0
7653	0
7654	0
7655	0
7656	0
7657	0
7658	0
7659	0
7660	0
7661	0
7662	0
7663	0
7664	0
7665	0
7666	0
7667	0
7668	0
7669	0
7670	0
7671	0
7672	0
7673	0
7674	0
7675	0
7676	0
7677	0
7678	0
7679	0
7680	0
7681	0
7682	0
7683	0
7684	0
7685	0
7686	0
7687	0
7688	0
7689	0
7690	0
7691	0
7692	0
7693	0
7694	0
7695	0
7696	0
7697	0
7698	0
7699	0
7700	0
7701	0
7702	0
7703	0
7704	0
7705	0
7706	0
7707	0
7708	0
7709	0
7710	0
7711	0
7712	0
7713	0
7714	0
7715	0
7716	0
7717	0
7718	0
7719	0
7720	0
7721	0
7722	0
7723	0
7724	0
7725	0
7726	0
7727	0
7728	0
7729	0
7730	0
7731	0
7732	0
7733	0
7734	0
7735	0
7736	0
7737	0
7738	0
7739	0
7740	0
7741	0
7742	0
7743	0
7744	0
7745	0
7746	0
7747	0
7748	0
7749	0
7750	0
7751	0
7752	0
7753	0
7754	0
7755	0
7756	0
7757	0
7758	0
7759	0
7760	0
7761	0
7762	0
7763	0
7764	0
7765	0
7766	0
7767	0
7768	0
7769	0
7770	0
7771	0
7772	0
7773	0
7774	0
7775	0
7776	0
7777	0
7778	0
7779	0
7780	0
7781	0
7782	0
7783	0
7784	0
7785	0
7786	0
7787	0
7788	0
7789	0
7790	0
7791	0
7792	0
7793	0
7794	0
7795	0
7796	0
7797	0
7798	0
7799	0
7800	0
7801	0
7802	0
7803	0
7804	0
7805	0
7806	0
7807	0
7808	0
7809	0
7810	0
7811	0
7812	0
7813	0
7814	0
7815	0
7816	0
7817	0
7818	0
7819	0
7820	0
7821	0
7822	0
7823	0
7824	0
7825	0
7826	0
7827	0
7828	0
7829	0
7830	0
7831	0
7832	0
7833	0
7834	0
7835	0
7836	0
7837	0
7838	0
7839	0
7840	0
7841	0
7842	0
7843	0
7844	0
7845	0
7846	0
7847	0
7848	0
7849	0
7850	0
7851	0
7852	0
7853	0
7854	0
7855	0
7856	0
7857	0
7858	0
7859	0
7860	0
7861	0
7862	0
7863	0
7864	0
7865	0
7866	0
7867	0
7868	0
7869	0
7870	0
7871	0
7872	0
7873	0
7874	0
7875	0
7876	0
7877	0
7878	0
7879	0
7880	0
7881	0
7882	0
7883	0
7884	0
7885	0
7886	0
7887	0
7888	0
7889	0
7890	0
7891	0
7892	0
7893	0
7894	0
7895	0
7896	0
7897	0
7898	0
7899	0
7900	0
7901	0
7902	0
7903	0
7904	0
7905	0
7906	0
7907	0
7908	0
7909	0
7910	0
7911	0
7912	0
7913	0
7914	0
7915	0
7916	0
7917	0
7918	0
7919	0
7920	0
7921	0
7922	0
7923	0
7924	0
7925	0
7926	0
7927	0
7928	0
7929	0
7930	0
7931	0
7932	0
7933	0
7934	0
7935	0
7936	0
7937	0
7938	0
7939	0
7940	0
7941	0
7942	0
7943	0
7944	0
7945	0
7946	0
7947	0
7948	0
7949	0
7950	0
7951	0
7952	0
7953	0
7954	0
7955	0
7956	0
7957	0
7958	0
7959	0
7960	0
7961	0
7962	0
7963	0
7964	0
7965	0
7966	0
7967	0
7968	0
7969	0
7970	0
7971	0
7972	0
7973	0
7974	0
7975	0
7976	0
7977	0
7978	0
7979	0
7980	0
7981	0
7982	0
7983	0
7984	0
7985	0
7986	0
7987	0
7988	0
7989	0
7990	0
7991	0
7992	0
7993	0
7994	0
7995	0
7996	0
7997	0
7998	0
7999	0
8000	0
8001	0
8002	0
8003	0
8004	0
8005	0
8006	0
8007	0
8008	0
8009	0
8010	0
8011	0
8012	0
8013	0
8014	0
8015	0
8016	0
8017	0
8018	0
8019	0
8020	0
8021	0
8022	0
8023	0
8024	0
8025	0
8026	0
8027	0
8028	0
8029	0
8030	0
8031	0
8032	0
8033	0
8034	0
8035	0
8036	0
8037	0
8038	0
8039	0
8040	0
8041	0
8042	0
8043	0
8044	0
8045	0
8046	0
8047	0
8048	0
8049	0
8050	0
8051	0
8052	0
8053	0
8054	0
8055	0
8056	0
8057	0
8058	0
8059	0
8060	0
8061	0
8062	0
8063	0
8064	0
8065	0
8066	0
8067	0
8068	0
8069	0
8070	0
8071	0
8072	0
8073	0
8074	0
8075	0
8076	0
8077	0
8078	0
8079	0
8080	0
8081	0
8082	0
8083	0
8084	0
8085	0
8086	0
8087	0
8088	0
8089	0
8090	0
8091	0
8092	0
8093	0
8094	0
8095	0
8096	0
8097	0
8098	0
8099	0
8100	0
8101	0
8102	0
8103	0
8104	0
8105	0
8106	0
8107	0
8108	0
8109	0
8110	0
8111	0
8112	0
8113	0
8114	0
8115	0
8116	0
8117	0
8118	0
8119	0
8120	0
8121	0
8122	0
8123	0
8124	0
8125	0
8126	0
8127	0
8128	0
8129	0
8130	0
8131	0
8132	0
8133	0
8134	0
8135	0
8136	0
8137	0
8138	0
8139	0
8140	0
8141	0
8142	0
8143	0
8144	0
8145	0
8146	0
8147	0
8148	0
8149	0
8150	0
8151	0
8152	0
8153	0
8154	0
8155	0
8156	0
8157	0
8158	0
8159	0
8160	0
8161	0
8162	0
8163	0
8164	0
8165	0
8166	0
8167	0
8168	0
8169	0
8170	0
8171	0
8172	0
8173	0
8174	0
8175	0
8176	0
8177	0
8178	0
8179	0
8180	0
8181	0
8182	0
8183	0
8184	0
8185	0
8186	0
8187	0
8188	0
8189	0
8190	0
8191	0
8192	0
