SHIFR=
TLIVE=100.0
TREAL=100.0
SPECTRTXT=8192
1	35
2	52
3	51
4	69
5	53
6	61
7	52
8	65
9	62
10	60
11	71
12	71
13	77
14	83
15	84
16	116
17	179
18	413
19	739
20	935
21	733
22	424
23	191
24	141
25	164
26	373
27	720
28	1114
29	1818
30	2535
31	2804
32	2160
33	1064
34	348
35	174
36	192
37	232
38	154
39	149
40	139
41	124
42	131
43	269
44	494
45	537
46	531
47	393
48	320
49	243
50	180
51	135
52	87
53	64
54	45
55	55
56	61
57	47
58	51
59	50
60	56
61	47
62	55
63	48
64	52
65	41
66	35
67	55
68	32
69	36
70	42
71	43
72	48
73	52
74	48
75	41
76	47
77	55
78	50
79	45
80	52
81	54
82	45
83	54
84	54
85	70
86	61
87	59
88	72
89	78
90	77
91	78
92	92
93	85
94	95
95	108
96	154
97	182
98	212
99	275
100	275
101	331
102	382
103	410
104	448
105	487
106	719
107	3942
108	9238
109	9973
110	15919
111	6455
112	569
113	83
114	107
115	150
116	252
117	247
118	387
119	224
120	167
121	152
122	200
123	993
124	3197
125	4073
126	1587
127	834
128	1608
129	734
130	120
131	51
132	86
133	134
134	76
135	45
136	74
137	107
138	114
139	119
140	148
141	120
142	92
143	58
144	43
145	54
146	54
147	47
148	39
149	39
150	34
151	34
152	49
153	63
154	68
155	73
156	71
157	54
158	59
159	44
160	45
161	38
162	51
163	56
164	49
165	48
166	44
167	33
168	45
169	49
170	44
171	44
172	38
173	57
174	51
175	40
176	54
177	57
178	40
179	44
180	58
181	56
182	45
183	52
184	44
185	42
186	52
187	54
188	56
189	52
190	44
191	56
192	45
193	60
194	47
195	32
196	38
197	51
198	48
199	50
200	56
201	51
202	43
203	64
204	53
205	47
206	51
207	56
208	50
209	60
210	46
211	53
212	65
213	78
214	88
215	120
216	195
217	285
218	301
219	317
220	260
221	170
222	65
223	51
224	55
225	46
226	44
227	48
228	67
229	67
230	85
231	132
232	158
233	164
234	228
235	144
236	133
237	108
238	93
239	69
240	67
241	91
242	104
243	111
244	155
245	115
246	107
247	78
248	77
249	80
250	75
251	79
252	114
253	186
254	274
255	333
256	265
257	160
258	96
259	52
260	78
261	70
262	55
263	67
264	69
265	41
266	48
267	57
268	58
269	54
270	64
271	69
272	50
273	63
274	60
275	66
276	57
277	50
278	57
279	60
280	66
281	65
282	75
283	66
284	68
285	60
286	77
287	60
288	77
289	66
290	63
291	65
292	58
293	59
294	59
295	67
296	70
297	67
298	75
299	63
300	65
301	55
302	72
303	86
304	78
305	89
306	91
307	82
308	91
309	67
310	80
311	92
312	99
313	81
314	94
315	101
316	78
317	72
318	103
319	97
320	98
321	90
322	102
323	88
324	98
325	121
326	110
327	119
328	107
329	103
330	149
331	1326
332	8288
333	15182
334	8320
335	1304
336	84
337	34
338	28
339	38
340	37
341	43
342	50
343	29
344	30
345	38
346	30
347	33
348	48
349	41
350	55
351	63
352	79
353	67
354	83
355	63
356	40
357	50
358	46
359	62
360	87
361	100
362	144
363	159
364	151
365	113
366	83
367	64
368	45
369	38
370	43
371	30
372	47
373	43
374	38
375	43
376	44
377	66
378	95
379	82
380	50
381	42
382	42
383	38
384	51
385	39
386	41
387	37
388	45
389	35
390	41
391	40
392	34
393	52
394	37
395	35
396	43
397	40
398	25
399	23
400	30
401	37
402	52
403	42
404	53
405	48
406	47
407	50
408	47
409	62
410	40
411	31
412	46
413	44
414	28
415	48
416	48
417	42
418	43
419	41
420	43
421	57
422	49
423	42
424	49
425	41
426	39
427	41
428	37
429	41
430	44
431	43
432	62
433	57
434	59
435	58
436	60
437	98
438	223
439	391
440	839
441	1035
442	989
443	904
444	470
445	135
446	41
447	45
448	32
449	53
450	47
451	41
452	40
453	58
454	66
455	119
456	258
457	347
458	282
459	189
460	178
461	149
462	70
463	59
464	40
465	31
466	37
467	50
468	48
469	51
470	29
471	38
472	46
473	45
474	39
475	33
476	38
477	34
478	34
479	37
480	29
481	32
482	46
483	39
484	42
485	31
486	39
487	41
488	46
489	48
490	47
491	51
492	45
493	54
494	44
495	45
496	48
497	41
498	35
499	47
500	51
501	48
502	29
503	46
504	34
505	41
506	38
507	38
508	42
509	42
510	37
511	48
512	45
513	43
514	38
515	51
516	47
517	51
518	58
519	38
520	50
521	51
522	53
523	49
524	29
525	46
526	36
527	46
528	48
529	37
530	46
531	44
532	42
533	44
534	62
535	40
536	49
537	47
538	39
539	35
540	37
541	37
542	39
543	30
544	38
545	35
546	32
547	30
548	34
549	36
550	31
551	35
552	40
553	46
554	40
555	50
556	39
557	40
558	28
559	32
560	32
561	34
562	27
563	24
564	38
565	27
566	29
567	46
568	31
569	36
570	39
571	37
572	30
573	29
574	36
575	42
576	37
577	44
578	43
579	39
580	47
581	51
582	36
583	40
584	31
585	42
586	37
587	42
588	39
589	46
590	39
591	57
592	41
593	39
594	33
595	22
596	32
597	44
598	37
599	49
600	35
601	35
602	22
603	32
604	30
605	40
606	37
607	36
608	29
609	36
610	34
611	34
612	23
613	30
614	33
615	22
616	37
617	25
618	27
619	33
620	28
621	40
622	26
623	35
624	37
625	30
626	38
627	32
628	38
629	23
630	32
631	24
632	27
633	28
634	28
635	26
636	31
637	30
638	27
639	15
640	24
641	19
642	35
643	29
644	31
645	31
646	30
647	41
648	37
649	35
650	36
651	32
652	30
653	29
654	35
655	36
656	30
657	31
658	37
659	38
660	43
661	36
662	35
663	40
664	36
665	25
666	76
667	358
668	1208
669	1970
670	1291
671	347
672	58
673	30
674	26
675	26
676	21
677	25
678	26
679	26
680	31
681	27
682	31
683	29
684	39
685	27
686	33
687	41
688	55
689	49
690	28
691	38
692	26
693	22
694	38
695	36
696	34
697	42
698	28
699	48
700	56
701	65
702	47
703	36
704	36
705	33
706	34
707	25
708	27
709	26
710	29
711	27
712	28
713	28
714	24
715	32
716	32
717	23
718	37
719	29
720	28
721	27
722	25
723	26
724	23
725	22
726	25
727	22
728	32
729	27
730	26
731	34
732	26
733	25
734	26
735	24
736	28
737	27
738	31
739	30
740	37
741	48
742	34
743	31
744	30
745	38
746	31
747	29
748	28
749	32
750	24
751	30
752	28
753	37
754	38
755	22
756	22
757	24
758	26
759	32
760	27
761	25
762	28
763	23
764	32
765	32
766	27
767	25
768	28
769	36
770	38
771	38
772	43
773	37
774	70
775	104
776	184
777	258
778	233
779	112
780	42
781	26
782	26
783	25
784	23
785	20
786	28
787	29
788	21
789	32
790	32
791	40
792	78
793	76
794	59
795	51
796	42
797	42
798	34
799	22
800	22
801	26
802	25
803	25
804	29
805	20
806	30
807	47
808	83
809	113
810	88
811	50
812	21
813	18
814	9
815	21
816	30
817	24
818	24
819	21
820	26
821	26
822	24
823	13
824	32
825	16
826	19
827	17
828	20
829	26
830	20
831	29
832	25
833	23
834	23
835	25
836	27
837	20
838	19
839	22
840	23
841	20
842	26
843	21
844	28
845	16
846	26
847	22
848	21
849	28
850	24
851	33
852	33
853	28
854	32
855	33
856	25
857	24
858	29
859	29
860	59
861	68
862	72
863	48
864	29
865	26
866	24
867	29
868	23
869	35
870	26
871	26
872	17
873	15
874	13
875	27
876	19
877	23
878	19
879	16
880	21
881	34
882	21
883	18
884	25
885	22
886	30
887	36
888	43
889	36
890	24
891	17
892	20
893	28
894	19
895	24
896	26
897	39
898	30
899	35
900	49
901	46
902	45
903	16
904	30
905	25
906	27
907	39
908	45
909	22
910	24
911	28
912	8
913	22
914	29
915	27
916	33
917	40
918	43
919	35
920	28
921	28
922	28
923	35
924	30
925	27
926	26
927	19
928	16
929	26
930	38
931	24
932	25
933	19
934	28
935	23
936	33
937	45
938	226
939	1192
940	3590
941	5435
942	3753
943	1197
944	206
945	33
946	22
947	24
948	28
949	32
950	22
951	25
952	18
953	20
954	21
955	17
956	16
957	18
958	19
959	20
960	21
961	25
962	19
963	28
964	14
965	18
966	22
967	18
968	20
969	16
970	11
971	13
972	14
973	20
974	19
975	27
976	19
977	21
978	14
979	17
980	24
981	16
982	22
983	24
984	15
985	21
986	19
987	15
988	17
989	13
990	17
991	16
992	18
993	18
994	22
995	21
996	14
997	37
998	53
999	117
1000	192
1001	230
1002	167
1003	114
1004	128
1005	139
1006	111
1007	58
1008	22
1009	20
1010	14
1011	28
1012	24
1013	20
1014	17
1015	24
1016	21
1017	21
1018	15
1019	13
1020	19
1021	17
1022	14
1023	11
1024	16
1025	15
1026	31
1027	23
1028	33
1029	24
1030	29
1031	24
1032	19
1033	23
1034	16
1035	16
1036	19
1037	23
1038	24
1039	13
1040	13
1041	9
1042	14
1043	17
1044	14
1045	24
1046	20
1047	18
1048	27
1049	13
1050	14
1051	22
1052	18
1053	21
1054	23
1055	23
1056	26
1057	23
1058	17
1059	20
1060	17
1061	18
1062	23
1063	16
1064	14
1065	15
1066	22
1067	21
1068	12
1069	15
1070	21
1071	10
1072	29
1073	27
1074	15
1075	17
1076	25
1077	19
1078	23
1079	17
1080	17
1081	13
1082	16
1083	18
1084	16
1085	21
1086	18
1087	19
1088	16
1089	13
1090	15
1091	20
1092	12
1093	26
1094	14
1095	25
1096	8
1097	15
1098	20
1099	16
1100	20
1101	12
1102	10
1103	20
1104	13
1105	17
1106	17
1107	16
1108	25
1109	32
1110	27
1111	24
1112	24
1113	20
1114	16
1115	22
1116	23
1117	18
1118	14
1119	26
1120	29
1121	114
1122	260
1123	352
1124	257
1125	88
1126	31
1127	18
1128	15
1129	16
1130	15
1131	16
1132	15
1133	9
1134	19
1135	18
1136	24
1137	35
1138	27
1139	24
1140	26
1141	28
1142	22
1143	21
1144	14
1145	9
1146	16
1147	22
1148	14
1149	21
1150	18
1151	17
1152	23
1153	19
1154	17
1155	22
1156	17
1157	21
1158	18
1159	17
1160	19
1161	23
1162	10
1163	25
1164	17
1165	21
1166	18
1167	17
1168	16
1169	17
1170	17
1171	23
1172	17
1173	23
1174	15
1175	14
1176	21
1177	13
1178	10
1179	22
1180	14
1181	9
1182	15
1183	15
1184	19
1185	15
1186	24
1187	19
1188	20
1189	20
1190	14
1191	20
1192	15
1193	18
1194	12
1195	15
1196	17
1197	14
1198	9
1199	11
1200	13
1201	5
1202	17
1203	15
1204	22
1205	14
1206	16
1207	15
1208	11
1209	15
1210	36
1211	100
1212	265
1213	364
1214	258
1215	114
1216	31
1217	25
1218	18
1219	12
1220	17
1221	13
1222	13
1223	15
1224	20
1225	15
1226	13
1227	18
1228	17
1229	17
1230	25
1231	27
1232	21
1233	16
1234	20
1235	22
1236	19
1237	20
1238	22
1239	20
1240	29
1241	26
1242	21
1243	32
1244	14
1245	18
1246	21
1247	21
1248	14
1249	9
1250	17
1251	16
1252	20
1253	12
1254	22
1255	13
1256	17
1257	15
1258	23
1259	19
1260	17
1261	27
1262	15
1263	23
1264	20
1265	15
1266	22
1267	14
1268	15
1269	21
1270	19
1271	16
1272	18
1273	12
1274	22
1275	17
1276	15
1277	9
1278	21
1279	14
1280	14
1281	16
1282	14
1283	9
1284	20
1285	19
1286	19
1287	14
1288	18
1289	19
1290	12
1291	12
1292	8
1293	21
1294	16
1295	16
1296	13
1297	28
1298	16
1299	24
1300	17
1301	16
1302	18
1303	16
1304	17
1305	12
1306	14
1307	11
1308	12
1309	15
1310	16
1311	12
1312	12
1313	20
1314	21
1315	11
1316	27
1317	20
1318	30
1319	31
1320	42
1321	58
1322	53
1323	37
1324	23
1325	27
1326	15
1327	12
1328	21
1329	11
1330	14
1331	21
1332	19
1333	29
1334	53
1335	69
1336	45
1337	34
1338	26
1339	16
1340	18
1341	21
1342	18
1343	18
1344	21
1345	9
1346	15
1347	12
1348	23
1349	26
1350	13
1351	9
1352	15
1353	25
1354	13
1355	18
1356	16
1357	13
1358	13
1359	19
1360	21
1361	19
1362	18
1363	19
1364	23
1365	19
1366	18
1367	16
1368	13
1369	18
1370	15
1371	15
1372	16
1373	22
1374	28
1375	34
1376	25
1377	18
1378	12
1379	13
1380	16
1381	17
1382	14
1383	14
1384	14
1385	15
1386	15
1387	11
1388	17
1389	17
1390	8
1391	17
1392	18
1393	18
1394	15
1395	18
1396	29
1397	20
1398	12
1399	16
1400	25
1401	16
1402	20
1403	21
1404	12
1405	15
1406	14
1407	15
1408	18
1409	20
1410	20
1411	24
1412	15
1413	22
1414	16
1415	20
1416	19
1417	15
1418	22
1419	19
1420	19
1421	16
1422	17
1423	16
1424	15
1425	14
1426	20
1427	13
1428	24
1429	10
1430	17
1431	18
1432	11
1433	23
1434	13
1435	12
1436	24
1437	18
1438	17
1439	20
1440	23
1441	17
1442	18
1443	24
1444	20
1445	28
1446	17
1447	16
1448	20
1449	13
1450	9
1451	10
1452	13
1453	9
1454	7
1455	16
1456	9
1457	23
1458	24
1459	14
1460	17
1461	10
1462	21
1463	13
1464	12
1465	12
1466	19
1467	16
1468	16
1469	14
1470	24
1471	22
1472	15
1473	13
1474	17
1475	27
1476	19
1477	18
1478	24
1479	18
1480	13
1481	14
1482	14
1483	10
1484	14
1485	21
1486	9
1487	21
1488	15
1489	16
1490	16
1491	20
1492	21
1493	11
1494	17
1495	15
1496	14
1497	19
1498	11
1499	19
1500	17
1501	21
1502	12
1503	16
1504	13
1505	20
1506	26
1507	22
1508	13
1509	16
1510	22
1511	20
1512	9
1513	17
1514	20
1515	13
1516	10
1517	16
1518	14
1519	16
1520	20
1521	17
1522	13
1523	16
1524	18
1525	25
1526	9
1527	13
1528	22
1529	25
1530	10
1531	16
1532	21
1533	17
1534	17
1535	12
1536	16
1537	29
1538	28
1539	33
1540	60
1541	52
1542	55
1543	46
1544	33
1545	38
1546	36
1547	37
1548	26
1549	13
1550	14
1551	14
1552	21
1553	9
1554	17
1555	15
1556	13
1557	9
1558	14
1559	20
1560	18
1561	11
1562	14
1563	14
1564	15
1565	15
1566	22
1567	18
1568	18
1569	22
1570	22
1571	24
1572	10
1573	17
1574	24
1575	17
1576	18
1577	13
1578	16
1579	23
1580	16
1581	12
1582	11
1583	8
1584	11
1585	19
1586	20
1587	16
1588	21
1589	24
1590	13
1591	13
1592	16
1593	24
1594	13
1595	12
1596	15
1597	14
1598	23
1599	25
1600	37
1601	47
1602	47
1603	21
1604	22
1605	18
1606	23
1607	15
1608	15
1609	18
1610	12
1611	17
1612	11
1613	16
1614	11
1615	14
1616	14
1617	16
1618	13
1619	12
1620	14
1621	12
1622	13
1623	13
1624	14
1625	20
1626	16
1627	12
1628	20
1629	12
1630	11
1631	14
1632	8
1633	14
1634	11
1635	22
1636	15
1637	15
1638	15
1639	19
1640	15
1641	12
1642	24
1643	15
1644	20
1645	12
1646	17
1647	23
1648	19
1649	18
1650	19
1651	9
1652	22
1653	15
1654	20
1655	20
1656	13
1657	13
1658	16
1659	16
1660	19
1661	19
1662	9
1663	11
1664	12
1665	10
1666	11
1667	21
1668	14
1669	17
1670	24
1671	17
1672	10
1673	12
1674	12
1675	15
1676	11
1677	9
1678	9
1679	14
1680	21
1681	13
1682	14
1683	7
1684	15
1685	17
1686	15
1687	9
1688	16
1689	14
1690	12
1691	19
1692	10
1693	10
1694	12
1695	15
1696	11
1697	9
1698	13
1699	13
1700	17
1701	20
1702	17
1703	17
1704	14
1705	11
1706	15
1707	8
1708	12
1709	14
1710	11
1711	9
1712	11
1713	12
1714	18
1715	14
1716	11
1717	14
1718	16
1719	14
1720	12
1721	11
1722	14
1723	12
1724	12
1725	15
1726	16
1727	17
1728	13
1729	22
1730	23
1731	22
1732	15
1733	14
1734	11
1735	16
1736	18
1737	10
1738	10
1739	12
1740	15
1741	9
1742	10
1743	8
1744	14
1745	6
1746	15
1747	14
1748	14
1749	8
1750	7
1751	10
1752	10
1753	9
1754	18
1755	10
1756	12
1757	8
1758	10
1759	10
1760	17
1761	12
1762	15
1763	11
1764	6
1765	7
1766	5
1767	14
1768	15
1769	8
1770	17
1771	19
1772	14
1773	13
1774	14
1775	20
1776	16
1777	23
1778	16
1779	14
1780	15
1781	16
1782	10
1783	9
1784	20
1785	14
1786	15
1787	13
1788	8
1789	10
1790	17
1791	12
1792	21
1793	22
1794	26
1795	15
1796	10
1797	13
1798	16
1799	6
1800	13
1801	16
1802	13
1803	17
1804	10
1805	13
1806	15
1807	8
1808	12
1809	5
1810	15
1811	13
1812	19
1813	12
1814	16
1815	14
1816	12
1817	10
1818	9
1819	14
1820	8
1821	17
1822	10
1823	12
1824	8
1825	11
1826	12
1827	18
1828	15
1829	14
1830	10
1831	14
1832	17
1833	15
1834	7
1835	12
1836	6
1837	15
1838	13
1839	12
1840	16
1841	26
1842	15
1843	6
1844	28
1845	15
1846	21
1847	8
1848	23
1849	16
1850	11
1851	11
1852	25
1853	33
1854	46
1855	34
1856	14
1857	13
1858	17
1859	16
1860	11
1861	9
1862	14
1863	8
1864	13
1865	19
1866	12
1867	12
1868	14
1869	22
1870	17
1871	12
1872	21
1873	21
1874	30
1875	12
1876	20
1877	21
1878	31
1879	43
1880	54
1881	52
1882	35
1883	32
1884	22
1885	12
1886	11
1887	13
1888	12
1889	12
1890	16
1891	7
1892	18
1893	14
1894	16
1895	11
1896	26
1897	5
1898	11
1899	20
1900	17
1901	16
1902	11
1903	8
1904	15
1905	15
1906	10
1907	13
1908	16
1909	15
1910	7
1911	13
1912	10
1913	7
1914	11
1915	15
1916	7
1917	12
1918	13
1919	12
1920	19
1921	12
1922	12
1923	11
1924	13
1925	11
1926	19
1927	18
1928	10
1929	7
1930	9
1931	10
1932	10
1933	14
1934	8
1935	7
1936	8
1937	9
1938	12
1939	15
1940	13
1941	17
1942	18
1943	18
1944	23
1945	26
1946	22
1947	27
1948	18
1949	9
1950	16
1951	22
1952	18
1953	18
1954	9
1955	9
1956	21
1957	18
1958	15
1959	19
1960	12
1961	14
1962	15
1963	18
1964	17
1965	24
1966	28
1967	24
1968	17
1969	22
1970	13
1971	16
1972	22
1973	17
1974	11
1975	13
1976	8
1977	12
1978	9
1979	16
1980	9
1981	7
1982	16
1983	8
1984	14
1985	10
1986	14
1987	15
1988	15
1989	19
1990	21
1991	12
1992	20
1993	20
1994	7
1995	16
1996	13
1997	18
1998	17
1999	12
2000	12
2001	15
2002	10
2003	11
2004	13
2005	17
2006	15
2007	13
2008	12
2009	18
2010	8
2011	18
2012	15
2013	16
2014	7
2015	19
2016	14
2017	17
2018	10
2019	7
2020	12
2021	12
2022	18
2023	16
2024	8
2025	13
2026	13
2027	16
2028	9
2029	10
2030	14
2031	19
2032	12
2033	7
2034	14
2035	10
2036	10
2037	22
2038	12
2039	16
2040	21
2041	7
2042	11
2043	9
2044	13
2045	20
2046	20
2047	16
2048	25
2049	26
2050	16
2051	14
2052	22
2053	21
2054	11
2055	14
2056	12
2057	10
2058	17
2059	13
2060	13
2061	25
2062	42
2063	37
2064	42
2065	28
2066	18
2067	7
2068	17
2069	17
2070	16
2071	14
2072	16
2073	20
2074	16
2075	22
2076	14
2077	16
2078	10
2079	15
2080	8
2081	8
2082	13
2083	10
2084	13
2085	12
2086	11
2087	19
2088	15
2089	14
2090	20
2091	19
2092	7
2093	13
2094	10
2095	5
2096	8
2097	17
2098	12
2099	12
2100	19
2101	20
2102	12
2103	13
2104	8
2105	11
2106	12
2107	11
2108	9
2109	8
2110	7
2111	14
2112	15
2113	10
2114	9
2115	14
2116	13
2117	14
2118	11
2119	9
2120	12
2121	7
2122	16
2123	36
2124	101
2125	254
2126	532
2127	616
2128	507
2129	281
2130	105
2131	25
2132	21
2133	13
2134	11
2135	7
2136	11
2137	14
2138	11
2139	9
2140	10
2141	11
2142	8
2143	3
2144	10
2145	12
2146	7
2147	15
2148	17
2149	9
2150	10
2151	11
2152	10
2153	13
2154	12
2155	8
2156	10
2157	8
2158	12
2159	9
2160	7
2161	10
2162	13
2163	9
2164	19
2165	8
2166	13
2167	13
2168	16
2169	9
2170	8
2171	8
2172	15
2173	8
2174	17
2175	11
2176	18
2177	12
2178	18
2179	12
2180	14
2181	13
2182	18
2183	11
2184	11
2185	14
2186	12
2187	9
2188	6
2189	10
2190	9
2191	12
2192	9
2193	5
2194	12
2195	13
2196	12
2197	5
2198	11
2199	10
2200	9
2201	14
2202	7
2203	15
2204	11
2205	8
2206	10
2207	15
2208	6
2209	9
2210	7
2211	12
2212	18
2213	30
2214	14
2215	21
2216	19
2217	4
2218	14
2219	14
2220	16
2221	14
2222	8
2223	10
2224	9
2225	13
2226	12
2227	9
2228	12
2229	5
2230	9
2231	11
2232	9
2233	7
2234	6
2235	12
2236	10
2237	9
2238	6
2239	12
2240	14
2241	13
2242	11
2243	9
2244	12
2245	13
2246	9
2247	9
2248	15
2249	6
2250	8
2251	6
2252	12
2253	12
2254	8
2255	12
2256	8
2257	12
2258	6
2259	9
2260	8
2261	10
2262	7
2263	14
2264	16
2265	7
2266	8
2267	7
2268	5
2269	15
2270	19
2271	9
2272	14
2273	7
2274	8
2275	5
2276	11
2277	9
2278	6
2279	9
2280	13
2281	10
2282	10
2283	11
2284	9
2285	9
2286	8
2287	12
2288	6
2289	9
2290	10
2291	4
2292	8
2293	4
2294	16
2295	13
2296	13
2297	15
2298	19
2299	20
2300	20
2301	9
2302	12
2303	13
2304	12
2305	14
2306	14
2307	15
2308	14
2309	15
2310	6
2311	17
2312	11
2313	7
2314	9
2315	11
2316	19
2317	12
2318	9
2319	9
2320	9
2321	14
2322	5
2323	11
2324	5
2325	12
2326	7
2327	10
2328	9
2329	13
2330	9
2331	8
2332	7
2333	11
2334	8
2335	8
2336	15
2337	16
2338	8
2339	7
2340	11
2341	9
2342	14
2343	14
2344	13
2345	15
2346	12
2347	5
2348	15
2349	12
2350	10
2351	8
2352	12
2353	12
2354	5
2355	13
2356	11
2357	13
2358	7
2359	8
2360	7
2361	7
2362	6
2363	7
2364	13
2365	11
2366	45
2367	56
2368	115
2369	156
2370	118
2371	66
2372	25
2373	12
2374	10
2375	9
2376	7
2377	9
2378	8
2379	13
2380	10
2381	6
2382	11
2383	17
2384	13
2385	24
2386	12
2387	13
2388	9
2389	10
2390	13
2391	5
2392	16
2393	10
2394	15
2395	13
2396	15
2397	18
2398	16
2399	13
2400	18
2401	12
2402	10
2403	11
2404	9
2405	9
2406	9
2407	8
2408	8
2409	8
2410	9
2411	9
2412	2
2413	5
2414	12
2415	6
2416	8
2417	7
2418	4
2419	8
2420	11
2421	7
2422	5
2423	10
2424	6
2425	8
2426	16
2427	7
2428	11
2429	12
2430	9
2431	11
2432	13
2433	11
2434	12
2435	17
2436	16
2437	12
2438	7
2439	9
2440	12
2441	6
2442	5
2443	9
2444	6
2445	7
2446	7
2447	7
2448	15
2449	13
2450	11
2451	17
2452	16
2453	11
2454	9
2455	9
2456	8
2457	5
2458	9
2459	8
2460	10
2461	15
2462	4
2463	10
2464	8
2465	10
2466	5
2467	4
2468	8
2469	4
2470	8
2471	6
2472	12
2473	10
2474	18
2475	23
2476	13
2477	27
2478	27
2479	25
2480	24
2481	18
2482	8
2483	8
2484	8
2485	8
2486	8
2487	2
2488	8
2489	9
2490	10
2491	19
2492	12
2493	7
2494	11
2495	15
2496	14
2497	9
2498	8
2499	4
2500	10
2501	5
2502	2
2503	5
2504	6
2505	4
2506	6
2507	11
2508	8
2509	12
2510	27
2511	28
2512	16
2513	21
2514	8
2515	7
2516	3
2517	6
2518	6
2519	4
2520	6
2521	6
2522	4
2523	9
2524	4
2525	5
2526	12
2527	8
2528	8
2529	14
2530	16
2531	14
2532	13
2533	9
2534	11
2535	9
2536	8
2537	4
2538	10
2539	7
2540	13
2541	7
2542	10
2543	10
2544	12
2545	7
2546	5
2547	9
2548	6
2549	4
2550	5
2551	6
2552	7
2553	7
2554	7
2555	15
2556	12
2557	13
2558	6
2559	9
2560	4
2561	6
2562	5
2563	3
2564	10
2565	7
2566	6
2567	13
2568	6
2569	9
2570	6
2571	6
2572	13
2573	5
2574	7
2575	5
2576	15
2577	6
2578	8
2579	2
2580	0
2581	1
2582	4
2583	2
2584	0
2585	6
2586	3
2587	4
2588	6
2589	3
2590	5
2591	10
2592	7
2593	4
2594	8
2595	5
2596	2
2597	5
2598	7
2599	5
2600	6
2601	5
2602	4
2603	10
2604	5
2605	8
2606	3
2607	2
2608	4
2609	1
2610	7
2611	3
2612	6
2613	5
2614	6
2615	6
2616	13
2617	9
2618	8
2619	6
2620	16
2621	5
2622	6
2623	3
2624	8
2625	4
2626	4
2627	7
2628	17
2629	42
2630	115
2631	228
2632	375
2633	461
2634	376
2635	224
2636	102
2637	29
2638	15
2639	3
2640	1
2641	3
2642	7
2643	4
2644	6
2645	5
2646	7
2647	8
2648	3
2649	3
2650	4
2651	6
2652	6
2653	4
2654	3
2655	4
2656	6
2657	5
2658	9
2659	8
2660	10
2661	16
2662	8
2663	11
2664	8
2665	12
2666	6
2667	6
2668	7
2669	7
2670	3
2671	1
2672	6
2673	7
2674	6
2675	6
2676	6
2677	7
2678	6
2679	12
2680	7
2681	7
2682	10
2683	5
2684	3
2685	7
2686	5
2687	2
2688	4
2689	3
2690	5
2691	6
2692	7
2693	8
2694	4
2695	8
2696	5
2697	5
2698	7
2699	6
2700	11
2701	13
2702	19
2703	12
2704	15
2705	10
2706	7
2707	4
2708	4
2709	3
2710	5
2711	3
2712	4
2713	3
2714	5
2715	3
2716	6
2717	5
2718	8
2719	6
2720	4
2721	3
2722	4
2723	7
2724	10
2725	6
2726	6
2727	4
2728	4
2729	11
2730	10
2731	8
2732	7
2733	10
2734	12
2735	5
2736	5
2737	14
2738	25
2739	38
2740	57
2741	55
2742	77
2743	79
2744	49
2745	54
2746	28
2747	16
2748	8
2749	12
2750	7
2751	3
2752	7
2753	4
2754	11
2755	23
2756	18
2757	17
2758	25
2759	18
2760	11
2761	8
2762	5
2763	6
2764	7
2765	2
2766	6
2767	4
2768	8
2769	3
2770	6
2771	1
2772	7
2773	6
2774	7
2775	4
2776	4
2777	5
2778	5
2779	6
2780	6
2781	6
2782	7
2783	3
2784	2
2785	5
2786	4
2787	3
2788	4
2789	2
2790	4
2791	6
2792	0
2793	6
2794	6
2795	4
2796	1
2797	2
2798	1
2799	3
2800	1
2801	3
2802	6
2803	4
2804	5
2805	9
2806	3
2807	1
2808	4
2809	5
2810	6
2811	7
2812	7
2813	4
2814	6
2815	6
2816	2
2817	4
2818	1
2819	2
2820	5
2821	4
2822	3
2823	4
2824	3
2825	3
2826	2
2827	4
2828	3
2829	5
2830	6
2831	4
2832	9
2833	3
2834	7
2835	3
2836	1
2837	3
2838	5
2839	3
2840	2
2841	6
2842	2
2843	2
2844	3
2845	5
2846	5
2847	4
2848	4
2849	6
2850	6
2851	8
2852	7
2853	3
2854	7
2855	7
2856	5
2857	7
2858	5
2859	4
2860	6
2861	7
2862	7
2863	11
2864	6
2865	6
2866	7
2867	4
2868	5
2869	5
2870	7
2871	7
2872	2
2873	5
2874	5
2875	4
2876	5
2877	0
2878	7
2879	2
2880	7
2881	1
2882	0
2883	2
2884	3
2885	4
2886	7
2887	3
2888	5
2889	0
2890	5
2891	6
2892	4
2893	3
2894	2
2895	2
2896	2
2897	2
2898	5
2899	4
2900	8
2901	6
2902	3
2903	3
2904	4
2905	1
2906	1
2907	4
2908	1
2909	3
2910	5
2911	7
2912	2
2913	2
2914	7
2915	5
2916	4
2917	3
2918	5
2919	3
2920	0
2921	3
2922	4
2923	4
2924	3
2925	3
2926	0
2927	4
2928	10
2929	3
2930	6
2931	8
2932	4
2933	5
2934	8
2935	5
2936	4
2937	2
2938	4
2939	4
2940	3
2941	4
2942	4
2943	3
2944	8
2945	3
2946	3
2947	3
2948	3
2949	11
2950	8
2951	3
2952	4
2953	3
2954	4
2955	3
2956	5
2957	5
2958	4
2959	7
2960	7
2961	6
2962	21
2963	71
2964	155
2965	201
2966	249
2967	205
2968	135
2969	70
2970	24
2971	11
2972	15
2973	20
2974	28
2975	48
2976	52
2977	46
2978	25
2979	19
2980	10
2981	9
2982	6
2983	3
2984	6
2985	9
2986	3
2987	6
2988	7
2989	6
2990	3
2991	5
2992	7
2993	5
2994	6
2995	10
2996	13
2997	5
2998	7
2999	7
3000	2
3001	3
3002	4
3003	6
3004	3
3005	5
3006	6
3007	7
3008	10
3009	3
3010	9
3011	4
3012	3
3013	6
3014	7
3015	2
3016	5
3017	4
3018	2
3019	1
3020	0
3021	3
3022	5
3023	6
3024	7
3025	4
3026	8
3027	11
3028	12
3029	16
3030	12
3031	4
3032	12
3033	29
3034	70
3035	144
3036	269
3037	295
3038	244
3039	170
3040	95
3041	42
3042	18
3043	3
3044	3
3045	3
3046	2
3047	0
3048	2
3049	6
3050	4
3051	2
3052	2
3053	4
3054	4
3055	6
3056	0
3057	7
3058	6
3059	5
3060	1
3061	5
3062	5
3063	12
3064	13
3065	23
3066	46
3067	55
3068	58
3069	66
3070	49
3071	36
3072	23
3073	36
3074	43
3075	20
3076	32
3077	14
3078	10
3079	9
3080	8
3081	7
3082	9
3083	3
3084	4
3085	10
3086	4
3087	9
3088	7
3089	12
3090	13
3091	12
3092	20
3093	9
3094	6
3095	6
3096	7
3097	5
3098	3
3099	7
3100	5
3101	3
3102	7
3103	5
3104	4
3105	4
3106	5
3107	5
3108	7
3109	4
3110	1
3111	5
3112	5
3113	3
3114	5
3115	2
3116	3
3117	6
3118	5
3119	3
3120	1
3121	3
3122	3
3123	6
3124	5
3125	6
3126	3
3127	3
3128	2
3129	7
3130	4
3131	3
3132	5
3133	7
3134	7
3135	6
3136	5
3137	8
3138	4
3139	5
3140	3
3141	10
3142	13
3143	19
3144	29
3145	36
3146	56
3147	41
3148	26
3149	27
3150	14
3151	10
3152	4
3153	4
3154	2
3155	6
3156	8
3157	7
3158	6
3159	16
3160	14
3161	15
3162	14
3163	13
3164	12
3165	12
3166	5
3167	4
3168	7
3169	9
3170	3
3171	4
3172	2
3173	9
3174	3
3175	5
3176	4
3177	7
3178	6
3179	4
3180	2
3181	4
3182	2
3183	6
3184	4
3185	3
3186	2
3187	3
3188	3
3189	3
3190	2
3191	7
3192	4
3193	6
3194	5
3195	3
3196	7
3197	7
3198	2
3199	3
3200	6
3201	3
3202	3
3203	2
3204	4
3205	9
3206	5
3207	6
3208	6
3209	6
3210	6
3211	7
3212	4
3213	6
3214	3
3215	2
3216	2
3217	9
3218	2
3219	6
3220	5
3221	2
3222	6
3223	8
3224	5
3225	2
3226	6
3227	6
3228	8
3229	2
3230	4
3231	2
3232	6
3233	3
3234	2
3235	3
3236	5
3237	6
3238	6
3239	6
3240	6
3241	4
3242	9
3243	6
3244	4
3245	4
3246	10
3247	5
3248	5
3249	2
3250	5
3251	3
3252	7
3253	5
3254	7
3255	1
3256	1
3257	1
3258	6
3259	2
3260	3
3261	1
3262	0
3263	3
3264	3
3265	1
3266	4
3267	2
3268	4
3269	6
3270	1
3271	1
3272	3
3273	6
3274	10
3275	2
3276	2
3277	1
3278	5
3279	5
3280	5
3281	1
3282	2
3283	0
3284	3
3285	4
3286	6
3287	3
3288	5
3289	0
3290	4
3291	0
3292	4
3293	1
3294	8
3295	3
3296	3
3297	2
3298	3
3299	2
3300	4
3301	5
3302	4
3303	4
3304	0
3305	1
3306	3
3307	0
3308	1
3309	3
3310	5
3311	16
3312	21
3313	30
3314	18
3315	19
3316	6
3317	8
3318	2
3319	1
3320	0
3321	3
3322	0
3323	5
3324	2
3325	6
3326	5
3327	2
3328	1
3329	7
3330	0
3331	3
3332	2
3333	1
3334	2
3335	2
3336	3
3337	4
3338	3
3339	1
3340	0
3341	2
3342	1
3343	4
3344	3
3345	1
3346	4
3347	2
3348	3
3349	3
3350	1
3351	1
3352	4
3353	0
3354	2
3355	4
3356	3
3357	2
3358	2
3359	2
3360	2
3361	3
3362	3
3363	1
3364	7
3365	12
3366	12
3367	29
3368	28
3369	29
3370	35
3371	29
3372	17
3373	7
3374	11
3375	2
3376	2
3377	2
3378	0
3379	0
3380	2
3381	2
3382	0
3383	1
3384	1
3385	3
3386	1
3387	2
3388	0
3389	0
3390	0
3391	1
3392	0
3393	1
3394	0
3395	2
3396	1
3397	1
3398	3
3399	1
3400	1
3401	2
3402	4
3403	2
3404	1
3405	0
3406	2
3407	3
3408	0
3409	1
3410	0
3411	2
3412	4
3413	4
3414	6
3415	2
3416	8
3417	2
3418	5
3419	2
3420	2
3421	4
3422	1
3423	5
3424	2
3425	1
3426	3
3427	0
3428	3
3429	1
3430	3
3431	1
3432	2
3433	1
3434	0
3435	5
3436	2
3437	4
3438	4
3439	6
3440	3
3441	2
3442	2
3443	4
3444	7
3445	2
3446	5
3447	2
3448	3
3449	0
3450	1
3451	1
3452	0
3453	0
3454	0
3455	0
3456	0
3457	1
3458	4
3459	0
3460	1
3461	2
3462	4
3463	0
3464	0
3465	1
3466	0
3467	2
3468	1
3469	2
3470	0
3471	2
3472	0
3473	1
3474	2
3475	3
3476	3
3477	6
3478	4
3479	2
3480	5
3481	2
3482	1
3483	4
3484	3
3485	2
3486	1
3487	2
3488	1
3489	0
3490	0
3491	1
3492	0
3493	0
3494	0
3495	0
3496	0
3497	1
3498	3
3499	2
3500	1
3501	3
3502	1
3503	1
3504	2
3505	1
3506	0
3507	2
3508	1
3509	0
3510	1
3511	0
3512	1
3513	0
3514	0
3515	2
3516	1
3517	0
3518	2
3519	1
3520	4
3521	3
3522	3
3523	2
3524	4
3525	2
3526	2
3527	1
3528	2
3529	3
3530	4
3531	3
3532	4
3533	2
3534	3
3535	2
3536	1
3537	0
3538	1
3539	1
3540	1
3541	2
3542	2
3543	1
3544	4
3545	10
3546	12
3547	22
3548	21
3549	29
3550	15
3551	8
3552	4
3553	2
3554	1
3555	0
3556	0
3557	2
3558	1
3559	3
3560	5
3561	1
3562	3
3563	3
3564	2
3565	1
3566	0
3567	1
3568	1
3569	1
3570	0
3571	0
3572	3
3573	1
3574	0
3575	2
3576	3
3577	1
3578	2
3579	2
3580	1
3581	1
3582	1
3583	0
3584	0
3585	0
3586	0
3587	0
3588	1
3589	1
3590	0
3591	0
3592	1
3593	0
3594	1
3595	2
3596	0
3597	0
3598	1
3599	3
3600	0
3601	1
3602	0
3603	1
3604	2
3605	1
3606	0
3607	0
3608	0
3609	0
3610	0
3611	1
3612	0
3613	0
3614	0
3615	0
3616	0
3617	0
3618	1
3619	1
3620	2
3621	0
3622	0
3623	0
3624	0
3625	0
3626	1
3627	1
3628	0
3629	0
3630	1
3631	1
3632	0
3633	0
3634	2
3635	2
3636	1
3637	2
3638	2
3639	1
3640	1
3641	6
3642	3
3643	5
3644	1
3645	4
3646	2
3647	2
3648	1
3649	1
3650	0
3651	0
3652	0
3653	0
3654	1
3655	0
3656	2
3657	3
3658	0
3659	0
3660	0
3661	0
3662	0
3663	1
3664	0
3665	0
3666	1
3667	0
3668	2
3669	0
3670	0
3671	0
3672	2
3673	2
3674	1
3675	0
3676	0
3677	0
3678	0
3679	1
3680	2
3681	1
3682	0
3683	2
3684	3
3685	1
3686	2
3687	0
3688	1
3689	0
3690	0
3691	2
3692	0
3693	2
3694	3
3695	0
3696	1
3697	0
3698	0
3699	1
3700	0
3701	0
3702	0
3703	0
3704	0
3705	0
3706	0
3707	1
3708	1
3709	0
3710	0
3711	0
3712	0
3713	1
3714	2
3715	2
3716	0
3717	1
3718	1
3719	1
3720	1
3721	0
3722	0
3723	1
3724	0
3725	0
3726	0
3727	1
3728	1
3729	2
3730	1
3731	1
3732	0
3733	2
3734	0
3735	0
3736	0
3737	0
3738	0
3739	0
3740	0
3741	0
3742	0
3743	1
3744	1
3745	0
3746	0
3747	2
3748	1
3749	1
3750	1
3751	0
3752	1
3753	1
3754	0
3755	0
3756	1
3757	1
3758	3
3759	1
3760	1
3761	0
3762	0
3763	3
3764	0
3765	1
3766	3
3767	2
3768	2
3769	2
3770	0
3771	0
3772	1
3773	1
3774	0
3775	1
3776	0
3777	0
3778	1
3779	0
3780	0
3781	1
3782	0
3783	0
3784	1
3785	0
3786	0
3787	0
3788	0
3789	1
3790	0
3791	0
3792	0
3793	0
3794	0
3795	0
3796	1
3797	1
3798	1
3799	1
3800	0
3801	0
3802	0
3803	0
3804	0
3805	0
3806	0
3807	0
3808	0
3809	0
3810	1
3811	0
3812	0
3813	1
3814	0
3815	1
3816	0
3817	0
3818	0
3819	1
3820	0
3821	1
3822	1
3823	0
3824	0
3825	0
3826	0
3827	1
3828	1
3829	0
3830	1
3831	0
3832	1
3833	0
3834	0
3835	0
3836	0
3837	1
3838	1
3839	4
3840	18
3841	59
3842	112
3843	203
3844	250
3845	281
3846	272
3847	203
3848	111
3849	66
3850	17
3851	4
3852	2
3853	0
3854	1
3855	1
3856	0
3857	0
3858	0
3859	0
3860	1
3861	0
3862	0
3863	3
3864	2
3865	2
3866	1
3867	1
3868	2
3869	0
3870	0
3871	0
3872	3
3873	6
3874	6
3875	2
3876	8
3877	3
3878	4
3879	3
3880	2
3881	0
3882	0
3883	1
3884	0
3885	1
3886	4
3887	0
3888	0
3889	0
3890	0
3891	3
3892	1
3893	2
3894	0
3895	0
3896	0
3897	0
3898	0
3899	0
3900	0
3901	0
3902	0
3903	0
3904	0
3905	0
3906	0
3907	0
3908	0
3909	0
3910	0
3911	0
3912	3
3913	0
3914	4
3915	3
3916	5
3917	1
3918	3
3919	7
3920	2
3921	0
3922	0
3923	0
3924	0
3925	0
3926	0
3927	0
3928	0
3929	0
3930	0
3931	0
3932	0
3933	0
3934	1
3935	0
3936	1
3937	0
3938	0
3939	0
3940	0
3941	0
3942	0
3943	0
3944	1
3945	2
3946	0
3947	1
3948	2
3949	8
3950	3
3951	16
3952	43
3953	38
3954	31
3955	40
3956	44
3957	27
3958	17
3959	10
3960	2
3961	3
3962	3
3963	1
3964	1
3965	3
3966	6
3967	8
3968	17
3969	14
3970	11
3971	6
3972	1
3973	2
3974	1
3975	1
3976	1
3977	0
3978	0
3979	4
3980	3
3981	7
3982	9
3983	2
3984	3
3985	1
3986	0
3987	2
3988	0
3989	1
3990	0
3991	1
3992	0
3993	0
3994	0
3995	0
3996	0
3997	0
3998	1
3999	0
4000	0
4001	0
4002	0
4003	0
4004	0
4005	0
4006	1
4007	0
4008	0
4009	0
4010	0
4011	0
4012	0
4013	0
4014	0
4015	0
4016	0
4017	0
4018	0
4019	0
4020	0
4021	0
4022	0
4023	1
4024	0
4025	0
4026	1
4027	0
4028	0
4029	0
4030	0
4031	0
4032	0
4033	0
4034	0
4035	0
4036	0
4037	0
4038	0
4039	0
4040	0
4041	0
4042	0
4043	0
4044	0
4045	0
4046	0
4047	0
4048	1
4049	0
4050	0
4051	0
4052	1
4053	0
4054	1
4055	0
4056	0
4057	0
4058	0
4059	1
4060	0
4061	0
4062	0
4063	0
4064	0
4065	0
4066	0
4067	0
4068	0
4069	0
4070	0
4071	0
4072	0
4073	0
4074	0
4075	0
4076	0
4077	1
4078	1
4079	1
4080	1
4081	0
4082	0
4083	0
4084	0
4085	0
4086	0
4087	0
4088	0
4089	0
4090	1
4091	1
4092	0
4093	0
4094	0
4095	0
4096	2
4097	0
4098	0
4099	1
4100	0
4101	0
4102	0
4103	0
4104	0
4105	0
4106	0
4107	0
4108	0
4109	1
4110	1
4111	0
4112	0
4113	0
4114	0
4115	0
4116	0
4117	0
4118	0
4119	0
4120	0
4121	0
4122	0
4123	0
4124	0
4125	0
4126	0
4127	0
4128	0
4129	0
4130	0
4131	0
4132	0
4133	0
4134	0
4135	0
4136	0
4137	0
4138	0
4139	0
4140	0
4141	0
4142	0
4143	0
4144	1
4145	2
4146	1
4147	0
4148	1
4149	0
4150	0
4151	1
4152	1
4153	0
4154	0
4155	0
4156	0
4157	0
4158	0
4159	0
4160	0
4161	0
4162	0
4163	0
4164	0
4165	0
4166	0
4167	0
4168	0
4169	0
4170	1
4171	5
4172	6
4173	17
4174	14
4175	36
4176	36
4177	52
4178	39
4179	37
4180	20
4181	17
4182	3
4183	1
4184	0
4185	1
4186	0
4187	0
4188	0
4189	1
4190	0
4191	0
4192	0
4193	0
4194	0
4195	0
4196	1
4197	0
4198	0
4199	0
4200	0
4201	0
4202	0
4203	0
4204	1
4205	0
4206	0
4207	2
4208	0
4209	0
4210	1
4211	1
4212	1
4213	0
4214	0
4215	0
4216	0
4217	0
4218	0
4219	0
4220	0
4221	0
4222	0
4223	0
4224	0
4225	0
4226	0
4227	0
4228	2
4229	0
4230	0
4231	0
4232	0
4233	0
4234	1
4235	0
4236	0
4237	0
4238	0
4239	0
4240	0
4241	0
4242	0
4243	0
4244	0
4245	0
4246	0
4247	0
4248	0
4249	0
4250	0
4251	0
4252	0
4253	0
4254	0
4255	0
4256	0
4257	0
4258	0
4259	0
4260	0
4261	0
4262	0
4263	1
4264	0
4265	0
4266	1
4267	0
4268	0
4269	0
4270	0
4271	0
4272	0
4273	0
4274	0
4275	0
4276	0
4277	1
4278	0
4279	1
4280	1
4281	2
4282	3
4283	3
4284	2
4285	3
4286	1
4287	1
4288	0
4289	3
4290	2
4291	0
4292	0
4293	0
4294	0
4295	0
4296	0
4297	0
4298	0
4299	0
4300	0
4301	1
4302	0
4303	0
4304	0
4305	0
4306	0
4307	0
4308	0
4309	0
4310	1
4311	0
4312	0
4313	2
4314	0
4315	1
4316	0
4317	0
4318	1
4319	0
4320	0
4321	0
4322	0
4323	0
4324	0
4325	0
4326	0
4327	0
4328	0
4329	0
4330	0
4331	0
4332	0
4333	0
4334	0
4335	0
4336	0
4337	0
4338	0
4339	0
4340	0
4341	0
4342	0
4343	0
4344	0
4345	0
4346	0
4347	1
4348	0
4349	0
4350	0
4351	0
4352	0
4353	0
4354	0
4355	0
4356	0
4357	0
4358	0
4359	0
4360	0
4361	0
4362	0
4363	0
4364	0
4365	0
4366	0
4367	0
4368	0
4369	0
4370	0
4371	0
4372	0
4373	0
4374	0
4375	0
4376	0
4377	0
4378	0
4379	0
4380	0
4381	0
4382	0
4383	0
4384	0
4385	0
4386	0
4387	0
4388	0
4389	0
4390	0
4391	0
4392	0
4393	0
4394	0
4395	0
4396	0
4397	0
4398	0
4399	0
4400	0
4401	0
4402	0
4403	0
4404	0
4405	0
4406	0
4407	0
4408	0
4409	1
4410	0
4411	0
4412	0
4413	1
4414	0
4415	0
4416	0
4417	0
4418	0
4419	0
4420	0
4421	0
4422	0
4423	0
4424	0
4425	0
4426	0
4427	0
4428	0
4429	0
4430	0
4431	0
4432	0
4433	0
4434	0
4435	0
4436	0
4437	0
4438	0
4439	0
4440	0
4441	0
4442	0
4443	0
4444	0
4445	0
4446	0
4447	0
4448	0
4449	0
4450	0
4451	0
4452	0
4453	0
4454	0
4455	0
4456	0
4457	0
4458	0
4459	0
4460	0
4461	0
4462	1
4463	0
4464	0
4465	0
4466	0
4467	0
4468	0
4469	0
4470	0
4471	0
4472	0
4473	0
4474	0
4475	0
4476	0
4477	0
4478	0
4479	0
4480	0
4481	0
4482	0
4483	0
4484	0
4485	0
4486	1
4487	6
4488	2
4489	5
4490	3
4491	1
4492	3
4493	0
4494	0
4495	0
4496	0
4497	0
4498	0
4499	0
4500	0
4501	2
4502	1
4503	2
4504	0
4505	3
4506	0
4507	3
4508	0
4509	2
4510	0
4511	0
4512	0
4513	0
4514	0
4515	0
4516	0
4517	0
4518	0
4519	0
4520	0
4521	0
4522	0
4523	0
4524	0
4525	0
4526	0
4527	0
4528	0
4529	0
4530	0
4531	0
4532	0
4533	0
4534	0
4535	0
4536	0
4537	0
4538	0
4539	0
4540	0
4541	0
4542	0
4543	0
4544	0
4545	0
4546	0
4547	0
4548	0
4549	0
4550	0
4551	0
4552	0
4553	0
4554	0
4555	0
4556	0
4557	0
4558	0
4559	0
4560	0
4561	0
4562	0
4563	0
4564	0
4565	0
4566	0
4567	0
4568	0
4569	0
4570	0
4571	0
4572	0
4573	0
4574	0
4575	0
4576	0
4577	0
4578	0
4579	0
4580	0
4581	0
4582	0
4583	0
4584	0
4585	0
4586	0
4587	0
4588	0
4589	0
4590	0
4591	0
4592	0
4593	0
4594	0
4595	0
4596	0
4597	0
4598	0
4599	0
4600	0
4601	0
4602	0
4603	0
4604	0
4605	0
4606	0
4607	0
4608	0
4609	0
4610	0
4611	0
4612	0
4613	0
4614	0
4615	0
4616	0
4617	0
4618	0
4619	0
4620	0
4621	0
4622	0
4623	0
4624	0
4625	0
4626	0
4627	0
4628	0
4629	0
4630	0
4631	0
4632	0
4633	0
4634	0
4635	0
4636	0
4637	0
4638	0
4639	0
4640	0
4641	0
4642	0
4643	0
4644	0
4645	0
4646	0
4647	0
4648	0
4649	0
4650	0
4651	0
4652	0
4653	0
4654	0
4655	0
4656	0
4657	0
4658	0
4659	0
4660	0
4661	0
4662	0
4663	0
4664	0
4665	0
4666	0
4667	0
4668	0
4669	0
4670	0
4671	0
4672	0
4673	0
4674	0
4675	0
4676	0
4677	0
4678	0
4679	0
4680	0
4681	0
4682	0
4683	0
4684	0
4685	0
4686	0
4687	0
4688	0
4689	0
4690	0
4691	0
4692	0
4693	0
4694	0
4695	0
4696	0
4697	0
4698	0
4699	0
4700	0
4701	0
4702	0
4703	0
4704	0
4705	0
4706	0
4707	0
4708	0
4709	0
4710	0
4711	0
4712	0
4713	0
4714	0
4715	0
4716	0
4717	0
4718	0
4719	0
4720	0
4721	0
4722	0
4723	0
4724	0
4725	0
4726	0
4727	1
4728	0
4729	0
4730	0
4731	0
4732	0
4733	0
4734	0
4735	0
4736	0
4737	0
4738	0
4739	0
4740	0
4741	0
4742	0
4743	0
4744	0
4745	0
4746	0
4747	0
4748	0
4749	0
4750	0
4751	0
4752	0
4753	0
4754	0
4755	0
4756	0
4757	0
4758	0
4759	0
4760	0
4761	0
4762	0
4763	0
4764	0
4765	0
4766	0
4767	0
4768	0
4769	0
4770	0
4771	0
4772	0
4773	0
4774	0
4775	0
4776	0
4777	0
4778	0
4779	0
4780	0
4781	0
4782	0
4783	0
4784	0
4785	0
4786	0
4787	0
4788	0
4789	0
4790	0
4791	0
4792	0
4793	0
4794	0
4795	0
4796	0
4797	0
4798	0
4799	0
4800	0
4801	0
4802	0
4803	0
4804	0
4805	0
4806	0
4807	0
4808	0
4809	0
4810	0
4811	0
4812	0
4813	0
4814	0
4815	0
4816	0
4817	0
4818	0
4819	0
4820	0
4821	0
4822	0
4823	0
4824	0
4825	0
4826	0
4827	0
4828	0
4829	0
4830	0
4831	0
4832	0
4833	0
4834	0
4835	0
4836	0
4837	0
4838	0
4839	0
4840	0
4841	0
4842	0
4843	0
4844	0
4845	0
4846	0
4847	0
4848	0
4849	0
4850	0
4851	0
4852	0
4853	0
4854	0
4855	0
4856	0
4857	0
4858	0
4859	0
4860	0
4861	0
4862	0
4863	0
4864	0
4865	0
4866	0
4867	0
4868	0
4869	0
4870	0
4871	0
4872	0
4873	0
4874	0
4875	0
4876	0
4877	0
4878	0
4879	0
4880	0
4881	0
4882	0
4883	0
4884	0
4885	0
4886	0
4887	0
4888	0
4889	0
4890	0
4891	0
4892	0
4893	0
4894	0
4895	0
4896	0
4897	0
4898	0
4899	0
4900	0
4901	0
4902	0
4903	0
4904	0
4905	0
4906	0
4907	0
4908	0
4909	0
4910	0
4911	0
4912	0
4913	0
4914	0
4915	0
4916	0
4917	0
4918	0
4919	0
4920	0
4921	0
4922	0
4923	0
4924	0
4925	0
4926	0
4927	0
4928	0
4929	0
4930	0
4931	0
4932	0
4933	0
4934	0
4935	0
4936	0
4937	0
4938	0
4939	0
4940	0
4941	0
4942	0
4943	0
4944	0
4945	0
4946	0
4947	0
4948	0
4949	0
4950	0
4951	0
4952	0
4953	0
4954	0
4955	0
4956	0
4957	0
4958	0
4959	0
4960	0
4961	0
4962	0
4963	0
4964	0
4965	0
4966	0
4967	0
4968	0
4969	0
4970	0
4971	0
4972	0
4973	0
4974	0
4975	0
4976	0
4977	0
4978	0
4979	0
4980	0
4981	0
4982	0
4983	0
4984	0
4985	0
4986	0
4987	0
4988	0
4989	0
4990	0
4991	0
4992	0
4993	0
4994	0
4995	0
4996	0
4997	0
4998	0
4999	0
5000	0
5001	0
5002	0
5003	0
5004	0
5005	0
5006	0
5007	0
5008	0
5009	0
5010	0
5011	0
5012	0
5013	0
5014	0
5015	0
5016	0
5017	0
5018	0
5019	0
5020	0
5021	0
5022	0
5023	0
5024	0
5025	0
5026	0
5027	0
5028	0
5029	0
5030	0
5031	0
5032	0
5033	0
5034	0
5035	0
5036	0
5037	0
5038	0
5039	0
5040	0
5041	0
5042	0
5043	0
5044	0
5045	0
5046	0
5047	0
5048	0
5049	0
5050	0
5051	0
5052	0
5053	0
5054	0
5055	0
5056	0
5057	0
5058	0
5059	0
5060	0
5061	0
5062	0
5063	0
5064	0
5065	0
5066	0
5067	0
5068	0
5069	0
5070	0
5071	0
5072	0
5073	0
5074	0
5075	0
5076	0
5077	0
5078	0
5079	0
5080	0
5081	0
5082	0
5083	0
5084	0
5085	0
5086	0
5087	0
5088	0
5089	0
5090	0
5091	0
5092	0
5093	0
5094	0
5095	0
5096	0
5097	0
5098	0
5099	0
5100	0
5101	0
5102	0
5103	0
5104	0
5105	0
5106	0
5107	0
5108	0
5109	0
5110	0
5111	0
5112	0
5113	0
5114	0
5115	0
5116	0
5117	0
5118	0
5119	0
5120	0
5121	0
5122	0
5123	0
5124	0
5125	0
5126	0
5127	0
5128	0
5129	0
5130	0
5131	0
5132	0
5133	0
5134	0
5135	0
5136	0
5137	0
5138	0
5139	0
5140	0
5141	0
5142	0
5143	0
5144	0
5145	0
5146	0
5147	0
5148	0
5149	0
5150	0
5151	0
5152	0
5153	0
5154	0
5155	0
5156	0
5157	0
5158	0
5159	0
5160	0
5161	0
5162	0
5163	0
5164	0
5165	0
5166	0
5167	0
5168	0
5169	0
5170	0
5171	0
5172	0
5173	0
5174	0
5175	0
5176	0
5177	0
5178	0
5179	0
5180	0
5181	0
5182	0
5183	0
5184	0
5185	0
5186	0
5187	0
5188	0
5189	0
5190	0
5191	0
5192	0
5193	0
5194	0
5195	0
5196	0
5197	0
5198	0
5199	0
5200	0
5201	0
5202	0
5203	0
5204	0
5205	0
5206	0
5207	0
5208	0
5209	0
5210	0
5211	0
5212	0
5213	0
5214	0
5215	0
5216	0
5217	0
5218	0
5219	0
5220	0
5221	0
5222	0
5223	0
5224	0
5225	0
5226	0
5227	0
5228	0
5229	0
5230	0
5231	0
5232	0
5233	0
5234	0
5235	0
5236	0
5237	0
5238	0
5239	0
5240	0
5241	0
5242	0
5243	0
5244	0
5245	0
5246	0
5247	0
5248	0
5249	0
5250	0
5251	0
5252	0
5253	0
5254	0
5255	0
5256	0
5257	0
5258	0
5259	0
5260	0
5261	0
5262	0
5263	0
5264	0
5265	0
5266	0
5267	0
5268	0
5269	0
5270	0
5271	0
5272	0
5273	0
5274	0
5275	0
5276	0
5277	0
5278	0
5279	0
5280	0
5281	0
5282	0
5283	0
5284	0
5285	0
5286	0
5287	0
5288	0
5289	0
5290	0
5291	0
5292	0
5293	0
5294	0
5295	0
5296	0
5297	0
5298	0
5299	0
5300	0
5301	0
5302	0
5303	0
5304	0
5305	0
5306	0
5307	0
5308	0
5309	0
5310	0
5311	0
5312	0
5313	0
5314	0
5315	0
5316	0
5317	0
5318	0
5319	0
5320	0
5321	0
5322	0
5323	0
5324	0
5325	0
5326	0
5327	0
5328	0
5329	0
5330	0
5331	0
5332	0
5333	0
5334	0
5335	0
5336	0
5337	0
5338	0
5339	0
5340	0
5341	0
5342	0
5343	0
5344	0
5345	0
5346	0
5347	0
5348	0
5349	0
5350	0
5351	0
5352	0
5353	0
5354	0
5355	0
5356	0
5357	0
5358	0
5359	0
5360	0
5361	0
5362	0
5363	0
5364	0
5365	0
5366	0
5367	0
5368	0
5369	0
5370	0
5371	0
5372	0
5373	0
5374	0
5375	0
5376	0
5377	0
5378	0
5379	0
5380	0
5381	0
5382	0
5383	0
5384	0
5385	0
5386	0
5387	0
5388	0
5389	0
5390	0
5391	0
5392	0
5393	0
5394	0
5395	0
5396	0
5397	0
5398	0
5399	0
5400	0
5401	0
5402	0
5403	0
5404	0
5405	0
5406	0
5407	0
5408	0
5409	0
5410	0
5411	0
5412	0
5413	0
5414	0
5415	0
5416	0
5417	0
5418	0
5419	0
5420	0
5421	0
5422	0
5423	0
5424	0
5425	0
5426	0
5427	0
5428	0
5429	0
5430	0
5431	0
5432	0
5433	0
5434	0
5435	0
5436	0
5437	0
5438	0
5439	0
5440	0
5441	0
5442	0
5443	0
5444	0
5445	0
5446	0
5447	0
5448	0
5449	0
5450	0
5451	0
5452	0
5453	0
5454	0
5455	0
5456	0
5457	0
5458	0
5459	0
5460	0
5461	0
5462	0
5463	0
5464	0
5465	0
5466	0
5467	0
5468	0
5469	0
5470	0
5471	0
5472	0
5473	0
5474	0
5475	0
5476	0
5477	0
5478	0
5479	0
5480	0
5481	0
5482	0
5483	0
5484	0
5485	0
5486	0
5487	0
5488	0
5489	0
5490	0
5491	0
5492	0
5493	0
5494	0
5495	0
5496	0
5497	0
5498	0
5499	0
5500	0
5501	0
5502	0
5503	0
5504	0
5505	0
5506	0
5507	0
5508	0
5509	0
5510	0
5511	0
5512	0
5513	0
5514	0
5515	0
5516	0
5517	0
5518	0
5519	0
5520	0
5521	0
5522	0
5523	0
5524	0
5525	0
5526	0
5527	0
5528	0
5529	0
5530	0
5531	0
5532	0
5533	0
5534	0
5535	0
5536	0
5537	0
5538	0
5539	0
5540	0
5541	0
5542	0
5543	0
5544	0
5545	0
5546	0
5547	0
5548	0
5549	0
5550	0
5551	0
5552	0
5553	0
5554	0
5555	0
5556	0
5557	0
5558	0
5559	0
5560	0
5561	0
5562	0
5563	0
5564	0
5565	0
5566	0
5567	0
5568	0
5569	0
5570	0
5571	0
5572	0
5573	0
5574	0
5575	0
5576	0
5577	0
5578	0
5579	0
5580	0
5581	0
5582	0
5583	0
5584	0
5585	0
5586	0
5587	0
5588	0
5589	0
5590	0
5591	0
5592	0
5593	0
5594	0
5595	0
5596	0
5597	0
5598	0
5599	0
5600	0
5601	0
5602	0
5603	0
5604	0
5605	0
5606	0
5607	0
5608	0
5609	0
5610	0
5611	0
5612	0
5613	0
5614	0
5615	0
5616	0
5617	0
5618	0
5619	0
5620	0
5621	0
5622	0
5623	0
5624	0
5625	0
5626	0
5627	0
5628	0
5629	0
5630	0
5631	0
5632	0
5633	0
5634	0
5635	0
5636	0
5637	0
5638	0
5639	0
5640	0
5641	0
5642	0
5643	0
5644	0
5645	0
5646	0
5647	0
5648	0
5649	0
5650	0
5651	0
5652	0
5653	0
5654	0
5655	0
5656	0
5657	0
5658	0
5659	0
5660	0
5661	0
5662	0
5663	0
5664	0
5665	0
5666	0
5667	0
5668	0
5669	0
5670	0
5671	0
5672	0
5673	0
5674	0
5675	0
5676	0
5677	0
5678	0
5679	0
5680	0
5681	0
5682	0
5683	0
5684	0
5685	0
5686	0
5687	0
5688	0
5689	0
5690	0
5691	0
5692	0
5693	0
5694	0
5695	0
5696	0
5697	0
5698	0
5699	0
5700	0
5701	0
5702	0
5703	0
5704	0
5705	0
5706	0
5707	0
5708	0
5709	0
5710	0
5711	0
5712	0
5713	0
5714	0
5715	0
5716	0
5717	0
5718	0
5719	0
5720	0
5721	0
5722	0
5723	0
5724	0
5725	0
5726	0
5727	0
5728	0
5729	0
5730	0
5731	0
5732	0
5733	0
5734	0
5735	0
5736	0
5737	0
5738	0
5739	0
5740	0
5741	0
5742	0
5743	0
5744	0
5745	0
5746	0
5747	0
5748	0
5749	0
5750	0
5751	0
5752	0
5753	0
5754	0
5755	0
5756	0
5757	0
5758	0
5759	0
5760	0
5761	0
5762	0
5763	0
5764	0
5765	0
5766	0
5767	0
5768	0
5769	0
5770	0
5771	0
5772	0
5773	0
5774	0
5775	0
5776	0
5777	0
5778	0
5779	0
5780	0
5781	0
5782	0
5783	0
5784	0
5785	0
5786	0
5787	0
5788	0
5789	0
5790	0
5791	0
5792	0
5793	0
5794	0
5795	0
5796	0
5797	0
5798	0
5799	0
5800	0
5801	0
5802	0
5803	0
5804	0
5805	0
5806	0
5807	0
5808	0
5809	0
5810	0
5811	0
5812	0
5813	0
5814	0
5815	0
5816	0
5817	0
5818	0
5819	0
5820	0
5821	0
5822	0
5823	0
5824	0
5825	0
5826	0
5827	0
5828	0
5829	0
5830	0
5831	0
5832	0
5833	0
5834	0
5835	0
5836	0
5837	0
5838	0
5839	0
5840	0
5841	0
5842	0
5843	0
5844	0
5845	0
5846	0
5847	0
5848	0
5849	0
5850	0
5851	0
5852	0
5853	0
5854	0
5855	0
5856	0
5857	0
5858	0
5859	0
5860	0
5861	0
5862	0
5863	0
5864	0
5865	0
5866	0
5867	0
5868	0
5869	0
5870	0
5871	0
5872	0
5873	0
5874	0
5875	0
5876	0
5877	0
5878	0
5879	0
5880	0
5881	0
5882	0
5883	0
5884	0
5885	0
5886	0
5887	0
5888	0
5889	0
5890	0
5891	0
5892	0
5893	0
5894	0
5895	0
5896	0
5897	0
5898	0
5899	0
5900	0
5901	0
5902	0
5903	0
5904	0
5905	0
5906	0
5907	0
5908	0
5909	0
5910	0
5911	0
5912	0
5913	0
5914	0
5915	0
5916	0
5917	0
5918	0
5919	0
5920	0
5921	0
5922	0
5923	0
5924	0
5925	0
5926	0
5927	0
5928	0
5929	0
5930	0
5931	0
5932	0
5933	0
5934	0
5935	0
5936	0
5937	0
5938	0
5939	0
5940	0
5941	0
5942	0
5943	0
5944	0
5945	0
5946	0
5947	0
5948	0
5949	0
5950	0
5951	0
5952	0
5953	0
5954	0
5955	0
5956	0
5957	0
5958	0
5959	0
5960	0
5961	0
5962	0
5963	0
5964	0
5965	0
5966	0
5967	0
5968	0
5969	0
5970	0
5971	0
5972	0
5973	0
5974	0
5975	0
5976	0
5977	0
5978	0
5979	0
5980	0
5981	0
5982	0
5983	0
5984	0
5985	0
5986	0
5987	0
5988	0
5989	0
5990	0
5991	0
5992	0
5993	0
5994	0
5995	0
5996	0
5997	0
5998	0
5999	0
6000	0
6001	0
6002	0
6003	0
6004	0
6005	0
6006	0
6007	0
6008	0
6009	0
6010	0
6011	0
6012	0
6013	0
6014	0
6015	0
6016	0
6017	0
6018	0
6019	0
6020	0
6021	0
6022	0
6023	0
6024	0
6025	0
6026	0
6027	0
6028	0
6029	0
6030	0
6031	0
6032	0
6033	0
6034	0
6035	0
6036	0
6037	0
6038	0
6039	0
6040	0
6041	0
6042	0
6043	0
6044	0
6045	0
6046	0
6047	0
6048	0
6049	0
6050	0
6051	0
6052	0
6053	0
6054	0
6055	0
6056	0
6057	0
6058	0
6059	0
6060	0
6061	0
6062	0
6063	0
6064	0
6065	0
6066	0
6067	0
6068	0
6069	0
6070	0
6071	0
6072	0
6073	0
6074	0
6075	0
6076	0
6077	0
6078	0
6079	0
6080	0
6081	0
6082	0
6083	0
6084	0
6085	0
6086	0
6087	0
6088	0
6089	0
6090	0
6091	0
6092	0
6093	0
6094	0
6095	0
6096	0
6097	0
6098	0
6099	0
6100	0
6101	0
6102	0
6103	0
6104	0
6105	0
6106	0
6107	0
6108	0
6109	0
6110	0
6111	0
6112	0
6113	0
6114	0
6115	0
6116	0
6117	0
6118	0
6119	0
6120	0
6121	0
6122	0
6123	0
6124	0
6125	0
6126	0
6127	0
6128	0
6129	0
6130	0
6131	0
6132	0
6133	0
6134	0
6135	0
6136	0
6137	0
6138	0
6139	0
6140	0
6141	0
6142	0
6143	0
6144	0
6145	0
6146	0
6147	0
6148	0
6149	0
6150	0
6151	0
6152	0
6153	0
6154	0
6155	0
6156	0
6157	0
6158	0
6159	0
6160	0
6161	0
6162	0
6163	0
6164	0
6165	0
6166	0
6167	0
6168	0
6169	0
6170	0
6171	0
6172	0
6173	0
6174	0
6175	0
6176	0
6177	0
6178	0
6179	0
6180	0
6181	0
6182	0
6183	0
6184	0
6185	0
6186	0
6187	0
6188	0
6189	0
6190	0
6191	0
6192	0
6193	0
6194	0
6195	0
6196	0
6197	0
6198	0
6199	0
6200	0
6201	0
6202	0
6203	0
6204	0
6205	0
6206	0
6207	0
6208	0
6209	0
6210	0
6211	0
6212	0
6213	0
6214	0
6215	0
6216	0
6217	0
6218	0
6219	0
6220	0
6221	0
6222	0
6223	0
6224	0
6225	0
6226	0
6227	0
6228	0
6229	0
6230	0
6231	0
6232	0
6233	0
6234	0
6235	0
6236	0
6237	0
6238	0
6239	0
6240	0
6241	0
6242	0
6243	0
6244	0
6245	0
6246	0
6247	0
6248	0
6249	0
6250	0
6251	0
6252	0
6253	0
6254	0
6255	0
6256	0
6257	0
6258	0
6259	0
6260	0
6261	0
6262	0
6263	0
6264	0
6265	0
6266	0
6267	0
6268	0
6269	0
6270	0
6271	0
6272	0
6273	0
6274	0
6275	0
6276	0
6277	0
6278	0
6279	0
6280	0
6281	0
6282	0
6283	0
6284	0
6285	0
6286	0
6287	0
6288	0
6289	0
6290	0
6291	0
6292	0
6293	0
6294	0
6295	0
6296	0
6297	0
6298	0
6299	0
6300	0
6301	0
6302	0
6303	0
6304	0
6305	0
6306	0
6307	0
6308	0
6309	0
6310	0
6311	0
6312	0
6313	0
6314	0
6315	0
6316	0
6317	0
6318	0
6319	0
6320	0
6321	0
6322	0
6323	0
6324	0
6325	0
6326	0
6327	0
6328	0
6329	0
6330	0
6331	0
6332	0
6333	0
6334	0
6335	0
6336	0
6337	0
6338	0
6339	0
6340	0
6341	0
6342	0
6343	0
6344	0
6345	0
6346	0
6347	0
6348	0
6349	0
6350	0
6351	0
6352	0
6353	0
6354	0
6355	0
6356	0
6357	0
6358	0
6359	0
6360	0
6361	0
6362	0
6363	0
6364	0
6365	0
6366	0
6367	0
6368	0
6369	0
6370	0
6371	0
6372	0
6373	0
6374	0
6375	0
6376	0
6377	0
6378	0
6379	0
6380	0
6381	0
6382	0
6383	0
6384	0
6385	0
6386	0
6387	0
6388	0
6389	0
6390	0
6391	0
6392	0
6393	0
6394	0
6395	0
6396	0
6397	0
6398	0
6399	0
6400	0
6401	0
6402	0
6403	0
6404	0
6405	0
6406	0
6407	0
6408	0
6409	0
6410	0
6411	0
6412	0
6413	0
6414	0
6415	0
6416	0
6417	0
6418	0
6419	0
6420	0
6421	0
6422	0
6423	0
6424	0
6425	0
6426	0
6427	0
6428	0
6429	0
6430	0
6431	0
6432	0
6433	0
6434	0
6435	0
6436	0
6437	0
6438	0
6439	0
6440	0
6441	0
6442	0
6443	0
6444	0
6445	0
6446	0
6447	0
6448	0
6449	0
6450	0
6451	0
6452	0
6453	0
6454	0
6455	0
6456	0
6457	0
6458	0
6459	0
6460	0
6461	0
6462	0
6463	0
6464	0
6465	0
6466	0
6467	0
6468	0
6469	0
6470	0
6471	0
6472	0
6473	0
6474	0
6475	0
6476	0
6477	0
6478	0
6479	0
6480	0
6481	0
6482	0
6483	0
6484	0
6485	0
6486	0
6487	0
6488	0
6489	0
6490	0
6491	0
6492	0
6493	0
6494	0
6495	0
6496	0
6497	0
6498	0
6499	0
6500	0
6501	0
6502	0
6503	0
6504	0
6505	0
6506	0
6507	0
6508	0
6509	0
6510	0
6511	0
6512	0
6513	0
6514	0
6515	0
6516	0
6517	0
6518	0
6519	0
6520	0
6521	0
6522	0
6523	0
6524	0
6525	0
6526	0
6527	0
6528	0
6529	0
6530	0
6531	0
6532	0
6533	0
6534	0
6535	0
6536	0
6537	0
6538	0
6539	0
6540	0
6541	0
6542	0
6543	0
6544	0
6545	0
6546	0
6547	0
6548	0
6549	0
6550	0
6551	0
6552	0
6553	0
6554	0
6555	0
6556	0
6557	0
6558	0
6559	0
6560	0
6561	0
6562	0
6563	0
6564	0
6565	0
6566	0
6567	0
6568	0
6569	0
6570	0
6571	0
6572	0
6573	0
6574	0
6575	0
6576	0
6577	0
6578	0
6579	0
6580	0
6581	0
6582	0
6583	0
6584	0
6585	0
6586	0
6587	0
6588	0
6589	0
6590	0
6591	0
6592	0
6593	0
6594	0
6595	0
6596	0
6597	0
6598	0
6599	0
6600	0
6601	0
6602	0
6603	0
6604	0
6605	0
6606	0
6607	0
6608	0
6609	0
6610	0
6611	0
6612	0
6613	0
6614	0
6615	0
6616	0
6617	0
6618	0
6619	0
6620	0
6621	0
6622	0
6623	0
6624	0
6625	0
6626	0
6627	0
6628	0
6629	0
6630	0
6631	0
6632	0
6633	0
6634	0
6635	0
6636	0
6637	0
6638	0
6639	0
6640	0
6641	0
6642	0
6643	0
6644	0
6645	0
6646	0
6647	0
6648	0
6649	0
6650	0
6651	0
6652	0
6653	0
6654	0
6655	0
6656	0
6657	0
6658	0
6659	0
6660	0
6661	0
6662	0
6663	0
6664	0
6665	0
6666	0
6667	0
6668	0
6669	0
6670	0
6671	0
6672	0
6673	0
6674	0
6675	0
6676	0
6677	0
6678	0
6679	0
6680	0
6681	0
6682	0
6683	0
6684	0
6685	0
6686	0
6687	0
6688	0
6689	0
6690	0
6691	0
6692	0
6693	0
6694	0
6695	0
6696	0
6697	0
6698	0
6699	0
6700	0
6701	0
6702	0
6703	0
6704	0
6705	0
6706	0
6707	0
6708	0
6709	0
6710	0
6711	0
6712	0
6713	0
6714	0
6715	0
6716	0
6717	0
6718	0
6719	0
6720	0
6721	0
6722	0
6723	0
6724	0
6725	0
6726	0
6727	0
6728	0
6729	0
6730	0
6731	0
6732	0
6733	0
6734	0
6735	0
6736	0
6737	0
6738	0
6739	0
6740	0
6741	0
6742	0
6743	0
6744	0
6745	0
6746	0
6747	0
6748	0
6749	0
6750	0
6751	0
6752	0
6753	0
6754	0
6755	0
6756	0
6757	0
6758	0
6759	0
6760	0
6761	0
6762	0
6763	0
6764	0
6765	0
6766	0
6767	0
6768	0
6769	0
6770	0
6771	0
6772	0
6773	0
6774	0
6775	0
6776	0
6777	0
6778	0
6779	0
6780	0
6781	0
6782	0
6783	0
6784	0
6785	0
6786	0
6787	0
6788	0
6789	0
6790	0
6791	0
6792	0
6793	0
6794	0
6795	0
6796	0
6797	0
6798	0
6799	0
6800	0
6801	0
6802	0
6803	0
6804	0
6805	0
6806	0
6807	0
6808	0
6809	0
6810	0
6811	0
6812	0
6813	0
6814	0
6815	0
6816	0
6817	0
6818	0
6819	0
6820	0
6821	0
6822	0
6823	0
6824	0
6825	0
6826	0
6827	0
6828	0
6829	0
6830	0
6831	0
6832	0
6833	0
6834	0
6835	0
6836	0
6837	0
6838	0
6839	0
6840	0
6841	0
6842	0
6843	0
6844	0
6845	0
6846	0
6847	0
6848	0
6849	0
6850	0
6851	0
6852	0
6853	0
6854	0
6855	0
6856	0
6857	0
6858	0
6859	0
6860	0
6861	0
6862	0
6863	0
6864	0
6865	0
6866	0
6867	0
6868	0
6869	0
6870	0
6871	0
6872	0
6873	0
6874	0
6875	0
6876	0
6877	0
6878	0
6879	0
6880	0
6881	0
6882	0
6883	0
6884	0
6885	0
6886	0
6887	0
6888	0
6889	0
6890	0
6891	0
6892	0
6893	0
6894	0
6895	0
6896	0
6897	0
6898	0
6899	0
6900	0
6901	0
6902	0
6903	0
6904	0
6905	0
6906	0
6907	0
6908	0
6909	0
6910	0
6911	0
6912	0
6913	0
6914	0
6915	0
6916	0
6917	0
6918	0
6919	0
6920	0
6921	0
6922	0
6923	0
6924	0
6925	0
6926	0
6927	0
6928	0
6929	0
6930	0
6931	0
6932	0
6933	0
6934	0
6935	0
6936	0
6937	0
6938	0
6939	0
6940	0
6941	0
6942	0
6943	0
6944	0
6945	0
6946	0
6947	0
6948	0
6949	0
6950	0
6951	0
6952	0
6953	0
6954	0
6955	0
6956	0
6957	0
6958	0
6959	0
6960	0
6961	0
6962	0
6963	0
6964	0
6965	0
6966	0
6967	0
6968	0
6969	0
6970	0
6971	0
6972	0
6973	0
6974	0
6975	0
6976	0
6977	0
6978	0
6979	0
6980	0
6981	0
6982	0
6983	0
6984	0
6985	0
6986	0
6987	0
6988	0
6989	0
6990	0
6991	0
6992	0
6993	0
6994	0
6995	0
6996	0
6997	0
6998	0
6999	0
7000	0
7001	0
7002	0
7003	0
7004	0
7005	0
7006	0
7007	0
7008	0
7009	0
7010	0
7011	0
7012	0
7013	0
7014	0
7015	0
7016	0
7017	0
7018	0
7019	0
7020	0
7021	0
7022	0
7023	0
7024	0
7025	0
7026	0
7027	0
7028	0
7029	0
7030	0
7031	0
7032	0
7033	0
7034	0
7035	0
7036	0
7037	0
7038	0
7039	0
7040	0
7041	0
7042	0
7043	0
7044	0
7045	0
7046	0
7047	0
7048	0
7049	0
7050	0
7051	0
7052	0
7053	0
7054	0
7055	0
7056	0
7057	0
7058	0
7059	0
7060	0
7061	0
7062	0
7063	0
7064	0
7065	0
7066	0
7067	0
7068	0
7069	0
7070	0
7071	0
7072	0
7073	0
7074	0
7075	0
7076	0
7077	0
7078	0
7079	0
7080	0
7081	0
7082	0
7083	0
7084	0
7085	0
7086	0
7087	0
7088	0
7089	0
7090	0
7091	0
7092	0
7093	0
7094	0
7095	0
7096	0
7097	0
7098	0
7099	0
7100	0
7101	0
7102	0
7103	0
7104	0
7105	0
7106	0
7107	0
7108	0
7109	0
7110	0
7111	0
7112	0
7113	0
7114	0
7115	0
7116	0
7117	0
7118	0
7119	0
7120	0
7121	0
7122	0
7123	0
7124	0
7125	0
7126	0
7127	0
7128	0
7129	0
7130	0
7131	0
7132	0
7133	0
7134	0
7135	0
7136	0
7137	0
7138	0
7139	0
7140	0
7141	0
7142	0
7143	0
7144	0
7145	0
7146	0
7147	0
7148	0
7149	0
7150	0
7151	0
7152	0
7153	0
7154	0
7155	0
7156	0
7157	0
7158	0
7159	0
7160	0
7161	0
7162	0
7163	0
7164	0
7165	0
7166	0
7167	0
7168	0
7169	0
7170	0
7171	0
7172	0
7173	0
7174	0
7175	0
7176	0
7177	0
7178	0
7179	0
7180	0
7181	0
7182	0
7183	0
7184	0
7185	0
7186	0
7187	0
7188	0
7189	0
7190	0
7191	0
7192	0
7193	0
7194	0
7195	0
7196	0
7197	0
7198	0
7199	0
7200	0
7201	0
7202	0
7203	0
7204	0
7205	0
7206	0
7207	0
7208	0
7209	0
7210	0
7211	0
7212	0
7213	0
7214	0
7215	0
7216	0
7217	0
7218	0
7219	0
7220	0
7221	0
7222	0
7223	0
7224	0
7225	0
7226	0
7227	0
7228	0
7229	0
7230	0
7231	0
7232	0
7233	0
7234	0
7235	0
7236	0
7237	0
7238	0
7239	0
7240	0
7241	0
7242	0
7243	0
7244	0
7245	0
7246	0
7247	0
7248	0
7249	0
7250	0
7251	0
7252	0
7253	0
7254	0
7255	0
7256	0
7257	0
7258	0
7259	0
7260	0
7261	0
7262	0
7263	0
7264	0
7265	0
7266	0
7267	0
7268	0
7269	0
7270	0
7271	0
7272	0
7273	0
7274	0
7275	0
7276	0
7277	0
7278	0
7279	0
7280	0
7281	0
7282	0
7283	0
7284	0
7285	0
7286	0
7287	0
7288	0
7289	0
7290	0
7291	0
7292	0
7293	0
7294	0
7295	0
7296	0
7297	0
7298	0
7299	0
7300	0
7301	0
7302	0
7303	0
7304	0
7305	0
7306	0
7307	0
7308	0
7309	0
7310	0
7311	0
7312	0
7313	0
7314	0
7315	0
7316	0
7317	0
7318	0
7319	0
7320	0
7321	0
7322	0
7323	0
7324	0
7325	0
7326	0
7327	0
7328	0
7329	0
7330	0
7331	0
7332	0
7333	0
7334	0
7335	0
7336	0
7337	0
7338	0
7339	0
7340	0
7341	0
7342	0
7343	0
7344	0
7345	0
7346	0
7347	0
7348	0
7349	0
7350	0
7351	0
7352	0
7353	0
7354	0
7355	0
7356	0
7357	0
7358	0
7359	0
7360	0
7361	0
7362	0
7363	0
7364	0
7365	0
7366	0
7367	0
7368	0
7369	0
7370	0
7371	0
7372	0
7373	0
7374	0
7375	0
7376	0
7377	0
7378	0
7379	0
7380	0
7381	0
7382	0
7383	0
7384	0
7385	0
7386	0
7387	0
7388	0
7389	0
7390	0
7391	0
7392	0
7393	0
7394	0
7395	0
7396	0
7397	0
7398	0
7399	0
7400	0
7401	0
7402	0
7403	0
7404	0
7405	0
7406	0
7407	0
7408	0
7409	0
7410	0
7411	0
7412	0
7413	0
7414	0
7415	0
7416	0
7417	0
7418	0
7419	0
7420	0
7421	0
7422	0
7423	0
7424	0
7425	0
7426	0
7427	0
7428	0
7429	0
7430	0
7431	0
7432	0
7433	0
7434	0
7435	0
7436	0
7437	0
7438	0
7439	0
7440	0
7441	0
7442	0
7443	0
7444	0
7445	0
7446	0
7447	0
7448	0
7449	0
7450	0
7451	0
7452	0
7453	0
7454	0
7455	0
7456	0
7457	0
7458	0
7459	0
7460	0
7461	0
7462	0
7463	0
7464	0
7465	0
7466	0
7467	0
7468	0
7469	0
7470	0
7471	0
7472	0
7473	0
7474	0
7475	0
7476	0
7477	0
7478	0
7479	0
7480	0
7481	0
7482	0
7483	0
7484	0
7485	0
7486	0
7487	0
7488	0
7489	0
7490	0
7491	0
7492	0
7493	0
7494	0
7495	0
7496	0
7497	0
7498	0
7499	0
7500	0
7501	0
7502	0
7503	0
7504	0
7505	0
7506	0
7507	0
7508	0
7509	0
7510	0
7511	0
7512	0
7513	0
7514	0
7515	0
7516	0
7517	0
7518	0
7519	0
7520	0
7521	0
7522	0
7523	0
7524	0
7525	0
7526	0
7527	0
7528	0
7529	0
7530	0
7531	0
7532	0
7533	0
7534	0
7535	0
7536	0
7537	0
7538	0
7539	0
7540	0
7541	0
7542	0
7543	0
7544	0
7545	0
7546	0
7547	0
7548	0
7549	0
7550	0
7551	0
7552	0
7553	0
7554	0
7555	0
7556	0
7557	0
7558	0
7559	0
7560	0
7561	0
7562	0
7563	0
7564	0
7565	0
7566	0
7567	0
7568	0
7569	0
7570	0
7571	0
7572	0
7573	0
7574	0
7575	0
7576	0
7577	0
7578	0
7579	0
7580	0
7581	0
7582	0
7583	0
7584	0
7585	0
7586	0
7587	0
7588	0
7589	0
7590	0
7591	0
7592	0
7593	0
7594	0
7595	0
7596	0
7597	0
7598	0
7599	0
7600	0
7601	0
7602	0
7603	0
7604	0
7605	0
7606	0
7607	0
7608	0
7609	0
7610	0
7611	0
7612	0
7613	0
7614	0
7615	0
7616	0
7617	0
7618	0
7619	0
7620	0
7621	0
7622	0
7623	0
7624	0
7625	0
7626	0
7627	0
7628	0
7629	0
7630	0
7631	0
7632	0
7633	0
7634	0
7635	0
7636	0
7637	0
7638	0
7639	0
7640	0
7641	0
7642	0
7643	0
7644	0
7645	0
7646	0
7647	0
7648	0
7649	0
7650	0
7651	0
7652	0
7653	0
7654	0
7655	0
7656	0
7657	0
7658	0
7659	0
7660	0
7661	0
7662	0
7663	0
7664	0
7665	0
7666	0
7667	0
7668	0
7669	0
7670	0
7671	0
7672	0
7673	0
7674	0
7675	0
7676	0
7677	0
7678	0
7679	0
7680	0
7681	0
7682	0
7683	0
7684	0
7685	0
7686	0
7687	0
7688	0
7689	0
7690	0
7691	0
7692	0
7693	0
7694	0
7695	0
7696	0
7697	0
7698	0
7699	0
7700	0
7701	0
7702	0
7703	0
7704	0
7705	0
7706	0
7707	0
7708	0
7709	0
7710	0
7711	0
7712	0
7713	0
7714	0
7715	0
7716	0
7717	0
7718	0
7719	0
7720	0
7721	0
7722	0
7723	0
7724	0
7725	0
7726	0
7727	0
7728	0
7729	0
7730	0
7731	0
7732	0
7733	0
7734	0
7735	0
7736	0
7737	0
7738	0
7739	0
7740	0
7741	0
7742	0
7743	0
7744	0
7745	0
7746	0
7747	0
7748	0
7749	0
7750	0
7751	0
7752	0
7753	0
7754	0
7755	0
7756	0
7757	0
7758	0
7759	0
7760	0
7761	0
7762	0
7763	0
7764	0
7765	0
7766	0
7767	0
7768	0
7769	0
7770	0
7771	0
7772	0
7773	0
7774	0
7775	0
7776	0
7777	0
7778	0
7779	0
7780	0
7781	0
7782	0
7783	0
7784	0
7785	0
7786	0
7787	0
7788	0
7789	0
7790	0
7791	0
7792	0
7793	0
7794	0
7795	0
7796	0
7797	0
7798	0
7799	0
7800	0
7801	0
7802	0
7803	0
7804	0
7805	0
7806	0
7807	0
7808	0
7809	0
7810	0
7811	0
7812	0
7813	0
7814	0
7815	0
7816	0
7817	0
7818	0
7819	0
7820	0
7821	0
7822	0
7823	0
7824	0
7825	0
7826	0
7827	0
7828	0
7829	0
7830	0
7831	0
7832	0
7833	0
7834	0
7835	0
7836	0
7837	0
7838	0
7839	0
7840	0
7841	0
7842	0
7843	0
7844	0
7845	0
7846	0
7847	0
7848	0
7849	0
7850	0
7851	0
7852	0
7853	0
7854	0
7855	0
7856	0
7857	0
7858	0
7859	0
7860	0
7861	0
7862	0
7863	0
7864	0
7865	0
7866	0
7867	0
7868	0
7869	0
7870	0
7871	0
7872	0
7873	0
7874	0
7875	0
7876	0
7877	0
7878	0
7879	0
7880	0
7881	0
7882	0
7883	0
7884	0
7885	0
7886	0
7887	0
7888	0
7889	0
7890	0
7891	0
7892	0
7893	0
7894	0
7895	0
7896	0
7897	0
7898	0
7899	0
7900	0
7901	0
7902	0
7903	0
7904	0
7905	0
7906	0
7907	0
7908	0
7909	0
7910	0
7911	0
7912	0
7913	0
7914	0
7915	0
7916	0
7917	0
7918	0
7919	0
7920	0
7921	0
7922	0
7923	0
7924	0
7925	0
7926	0
7927	0
7928	0
7929	0
7930	0
7931	0
7932	0
7933	0
7934	0
7935	0
7936	0
7937	0
7938	0
7939	0
7940	0
7941	0
7942	0
7943	0
7944	0
7945	0
7946	0
7947	0
7948	0
7949	0
7950	0
7951	0
7952	0
7953	0
7954	0
7955	0
7956	0
7957	0
7958	0
7959	0
7960	0
7961	0
7962	0
7963	0
7964	0
7965	0
7966	0
7967	0
7968	0
7969	0
7970	0
7971	0
7972	0
7973	0
7974	0
7975	0
7976	0
7977	0
7978	0
7979	0
7980	0
7981	0
7982	0
7983	0
7984	0
7985	0
7986	0
7987	0
7988	0
7989	0
7990	0
7991	0
7992	0
7993	0
7994	0
7995	0
7996	0
7997	0
7998	0
7999	0
8000	0
8001	0
8002	0
8003	0
8004	0
8005	0
8006	0
8007	0
8008	0
8009	0
8010	0
8011	0
8012	0
8013	0
8014	0
8015	0
8016	0
8017	0
8018	0
8019	0
8020	0
8021	0
8022	0
8023	0
8024	0
8025	0
8026	0
8027	0
8028	0
8029	0
8030	0
8031	0
8032	0
8033	0
8034	0
8035	0
8036	0
8037	0
8038	0
8039	0
8040	0
8041	0
8042	0
8043	0
8044	0
8045	0
8046	0
8047	0
8048	0
8049	0
8050	0
8051	0
8052	0
8053	0
8054	0
8055	0
8056	0
8057	0
8058	0
8059	0
8060	0
8061	0
8062	0
8063	0
8064	0
8065	0
8066	0
8067	0
8068	0
8069	0
8070	0
8071	0
8072	0
8073	0
8074	0
8075	0
8076	0
8077	0
8078	0
8079	0
8080	0
8081	0
8082	0
8083	0
8084	0
8085	0
8086	0
8087	0
8088	0
8089	0
8090	0
8091	0
8092	0
8093	0
8094	0
8095	0
8096	0
8097	0
8098	0
8099	0
8100	0
8101	0
8102	0
8103	0
8104	0
8105	0
8106	0
8107	0
8108	0
8109	0
8110	0
8111	0
8112	0
8113	0
8114	0
8115	0
8116	0
8117	0
8118	0
8119	0
8120	0
8121	0
8122	0
8123	0
8124	0
8125	0
8126	0
8127	0
8128	0
8129	0
8130	0
8131	0
8132	0
8133	0
8134	0
8135	0
8136	0
8137	0
8138	0
8139	0
8140	0
8141	0
8142	0
8143	0
8144	0
8145	0
8146	0
8147	0
8148	0
8149	0
8150	0
8151	0
8152	0
8153	0
8154	0
8155	0
8156	0
8157	0
8158	0
8159	0
8160	0
8161	0
8162	0
8163	0
8164	0
8165	0
8166	0
8167	0
8168	0
8169	0
8170	0
8171	0
8172	0
8173	0
8174	0
8175	0
8176	0
8177	0
8178	0
8179	0
8180	0
8181	0
8182	0
8183	0
8184	0
8185	0
8186	0
8187	0
8188	0
8189	0
8190	0
8191	0
8192	0
