SHIFR=
TLIVE=932.836
TREAL=932.836
SPECTRTXT=8192
1	100
2	134
3	132
4	158
5	136
6	148
7	127
8	129
9	111
10	99
11	103
12	99
13	104
14	108
15	92
16	93
17	89
18	123
19	151
20	144
21	144
22	155
23	170
24	143
25	113
26	120
27	120
28	115
29	129
30	135
31	99
32	91
33	90
34	91
35	123
36	131
37	136
38	135
39	118
40	143
41	129
42	128
43	113
44	138
45	114
46	143
47	122
48	127
49	114
50	107
51	107
52	100
53	109
54	101
55	120
56	131
57	100
58	104
59	121
60	140
61	157
62	128
63	117
64	96
65	119
66	112
67	143
68	111
69	121
70	129
71	122
72	134
73	131
74	103
75	109
76	116
77	136
78	131
79	127
80	99
81	126
82	123
83	113
84	129
85	118
86	112
87	113
88	130
89	128
90	141
91	150
92	154
93	112
94	125
95	132
96	138
97	164
98	129
99	132
100	129
101	115
102	109
103	110
104	101
105	115
106	122
107	135
108	135
109	107
110	111
111	97
112	113
113	102
114	93
115	118
116	98
117	123
118	120
119	141
120	126
121	145
122	128
123	149
124	131
125	121
126	112
127	118
128	130
129	124
130	145
131	149
132	126
133	116
134	140
135	152
136	158
137	148
138	159
139	140
140	142
141	121
142	127
143	107
144	101
145	136
146	137
147	116
148	131
149	140
150	131
151	120
152	112
153	124
154	138
155	121
156	126
157	127
158	109
159	118
160	103
161	117
162	115
163	116
164	121
165	136
166	125
167	109
168	101
169	91
170	117
171	127
172	120
173	121
174	113
175	141
176	135
177	122
178	145
179	148
180	117
181	103
182	117
183	121
184	116
185	140
186	123
187	108
188	99
189	79
190	87
191	114
192	151
193	135
194	175
195	159
196	134
197	103
198	113
199	109
200	96
201	137
202	119
203	128
204	126
205	132
206	132
207	113
208	135
209	120
210	129
211	154
212	150
213	140
214	132
215	139
216	125
217	109
218	105
219	107
220	114
221	109
222	91
223	123
224	96
225	131
226	99
227	117
228	118
229	124
230	136
231	148
232	163
233	136
234	131
235	139
236	118
237	99
238	109
239	88
240	104
241	117
242	81
243	96
244	86
245	91
246	79
247	119
248	115
249	132
250	122
251	136
252	113
253	104
254	103
255	101
256	105
257	116
258	114
259	97
260	98
261	97
262	105
263	124
264	106
265	148
266	132
267	103
268	110
269	114
270	89
271	112
272	129
273	128
274	117
275	124
276	123
277	91
278	101
279	91
280	96
281	83
282	76
283	89
284	98
285	116
286	122
287	138
288	131
289	141
290	154
291	135
292	123
293	123
294	105
295	114
296	114
297	116
298	104
299	107
300	108
301	119
302	122
303	115
304	123
305	113
306	123
307	112
308	131
309	140
310	122
311	124
312	118
313	102
314	110
315	86
316	111
317	134
318	147
319	124
320	136
321	143
322	115
323	105
324	133
325	117
326	111
327	95
328	103
329	90
330	107
331	139
332	127
333	129
334	111
335	103
336	98
337	101
338	102
339	114
340	102
341	100
342	89
343	114
344	128
345	147
346	156
347	110
348	103
349	109
350	129
351	100
352	100
353	119
354	106
355	125
356	127
357	136
358	113
359	139
360	129
361	114
362	134
363	125
364	131
365	141
366	133
367	157
368	145
369	121
370	101
371	109
372	128
373	118
374	108
375	111
376	90
377	120
378	121
379	128
380	121
381	136
382	165
383	152
384	122
385	118
386	136
387	111
388	119
389	120
390	113
391	119
392	107
393	120
394	121
395	115
396	143
397	128
398	128
399	123
400	124
401	152
402	131
403	142
404	155
405	133
406	128
407	121
408	117
409	115
410	114
411	145
412	128
413	124
414	149
415	126
416	92
417	121
418	102
419	122
420	122
421	117
422	111
423	119
424	101
425	98
426	122
427	124
428	132
429	138
430	123
431	117
432	105
433	92
434	112
435	106
436	122
437	147
438	134
439	159
440	128
441	131
442	111
443	136
444	124
445	158
446	144
447	134
448	135
449	119
450	126
451	112
452	117
453	110
454	104
455	115
456	121
457	127
458	143
459	120
460	113
461	115
462	104
463	120
464	127
465	141
466	151
467	114
468	129
469	111
470	103
471	96
472	108
473	103
474	105
475	121
476	129
477	131
478	130
479	127
480	137
481	122
482	101
483	100
484	94
485	97
486	121
487	96
488	97
489	100
490	112
491	110
492	115
493	122
494	110
495	112
496	134
497	119
498	133
499	119
500	139
501	143
502	153
503	135
504	136
505	112
506	125
507	131
508	112
509	117
510	116
511	109
512	114
513	124
514	122
515	149
516	130
517	154
518	137
519	106
520	120
521	115
522	120
523	150
524	144
525	141
526	120
527	111
528	80
529	81
530	101
531	111
532	109
533	136
534	138
535	158
536	151
537	138
538	107
539	118
540	120
541	104
542	140
543	127
544	144
545	141
546	112
547	116
548	120
549	104
550	131
551	104
552	123
553	129
554	163
555	128
556	135
557	127
558	100
559	105
560	113
561	120
562	110
563	106
564	115
565	130
566	127
567	120
568	111
569	116
570	94
571	99
572	83
573	94
574	90
575	99
576	105
577	142
578	124
579	127
580	152
581	127
582	127
583	137
584	146
585	107
586	92
587	88
588	138
589	115
590	109
591	114
592	116
593	104
594	127
595	149
596	157
597	169
598	188
599	177
600	190
601	168
602	171
603	160
604	168
605	155
606	190
607	199
608	160
609	154
610	161
611	185
612	156
613	163
614	165
615	142
616	154
617	159
618	148
619	153
620	155
621	196
622	210
623	177
624	203
625	172
626	196
627	180
628	156
629	189
630	160
631	168
632	154
633	144
634	144
635	154
636	126
637	141
638	143
639	133
640	158
641	165
642	143
643	163
644	148
645	153
646	155
647	143
648	145
649	150
650	193
651	176
652	157
653	141
654	148
655	150
656	151
657	157
658	158
659	136
660	150
661	153
662	153
663	159
664	165
665	178
666	176
667	163
668	166
669	143
670	158
671	164
672	147
673	135
674	127
675	153
676	141
677	155
678	121
679	174
680	108
681	106
682	119
683	144
684	126
685	151
686	149
687	156
688	135
689	103
690	126
691	110
692	129
693	112
694	120
695	122
696	152
697	155
698	184
699	154
700	158
701	133
702	129
703	141
704	158
705	147
706	146
707	101
708	110
709	112
710	136
711	138
712	170
713	205
714	199
715	192
716	157
717	137
718	131
719	122
720	113
721	129
722	135
723	131
724	170
725	167
726	166
727	179
728	171
729	148
730	133
731	119
732	128
733	139
734	150
735	180
736	179
737	154
738	143
739	124
740	136
741	136
742	157
743	165
744	158
745	166
746	154
747	179
748	169
749	196
750	162
751	167
752	126
753	142
754	161
755	169
756	142
757	137
758	143
759	102
760	97
761	108
762	137
763	127
764	131
765	155
766	154
767	143
768	158
769	131
770	118
771	128
772	138
773	120
774	116
775	114
776	136
777	140
778	133
779	129
780	108
781	122
782	134
783	147
784	175
785	150
786	136
787	143
788	129
789	137
790	146
791	151
792	142
793	155
794	140
795	154
796	162
797	168
798	165
799	160
800	128
801	131
802	122
803	122
804	156
805	143
806	133
807	130
808	117
809	128
810	127
811	110
812	108
813	109
814	108
815	100
816	116
817	128
818	127
819	103
820	116
821	125
822	138
823	114
824	114
825	112
826	129
827	125
828	121
829	98
830	102
831	90
832	94
833	102
834	95
835	93
836	93
837	121
838	92
839	119
840	134
841	99
842	104
843	109
844	118
845	111
846	155
847	142
848	144
849	142
850	146
851	122
852	130
853	131
854	144
855	141
856	123
857	126
858	104
859	122
860	117
861	142
862	128
863	140
864	127
865	135
866	113
867	98
868	98
869	114
870	114
871	116
872	129
873	137
874	136
875	125
876	141
877	149
878	145
879	119
880	137
881	150
882	139
883	125
884	115
885	141
886	133
887	130
888	97
889	117
890	124
891	118
892	143
893	109
894	143
895	129
896	121
897	108
898	138
899	126
900	113
901	119
902	114
903	130
904	116
905	141
906	132
907	167
908	147
909	128
910	139
911	138
912	135
913	101
914	95
915	125
916	121
917	145
918	135
919	107
920	133
921	122
922	117
923	118
924	126
925	143
926	168
927	117
928	141
929	151
930	140
931	158
932	166
933	165
934	166
935	178
936	153
937	136
938	139
939	126
940	160
941	154
942	155
943	140
944	154
945	112
946	121
947	122
948	102
949	118
950	136
951	103
952	91
953	99
954	112
955	124
956	112
957	103
958	132
959	133
960	112
961	108
962	118
963	116
964	95
965	103
966	111
967	113
968	122
969	135
970	150
971	169
972	153
973	143
974	162
975	154
976	138
977	144
978	142
979	144
980	145
981	143
982	122
983	124
984	139
985	100
986	99
987	91
988	109
989	108
990	98
991	107
992	111
993	101
994	137
995	120
996	95
997	112
998	115
999	103
1000	115
1001	123
1002	98
1003	99
1004	102
1005	123
1006	116
1007	130
1008	106
1009	92
1010	113
1011	108
1012	100
1013	126
1014	136
1015	125
1016	144
1017	138
1018	133
1019	135
1020	138
1021	107
1022	157
1023	116
1024	111
1025	146
1026	130
1027	102
1028	126
1029	122
1030	105
1031	105
1032	111
1033	121
1034	123
1035	146
1036	149
1037	108
1038	111
1039	138
1040	139
1041	142
1042	162
1043	150
1044	162
1045	143
1046	121
1047	114
1048	121
1049	98
1050	106
1051	102
1052	130
1053	108
1054	114
1055	136
1056	117
1057	130
1058	96
1059	118
1060	119
1061	136
1062	142
1063	128
1064	109
1065	97
1066	131
1067	112
1068	109
1069	97
1070	112
1071	121
1072	97
1073	121
1074	124
1075	93
1076	120
1077	95
1078	84
1079	102
1080	88
1081	99
1082	93
1083	95
1084	74
1085	114
1086	96
1087	118
1088	122
1089	103
1090	102
1091	106
1092	118
1093	100
1094	122
1095	125
1096	131
1097	123
1098	108
1099	127
1100	82
1101	109
1102	113
1103	125
1104	152
1105	137
1106	145
1107	147
1108	154
1109	116
1110	125
1111	113
1112	108
1113	95
1114	121
1115	109
1116	128
1117	123
1118	99
1119	123
1120	102
1121	131
1122	136
1123	132
1124	115
1125	108
1126	106
1127	104
1128	100
1129	100
1130	109
1131	100
1132	104
1133	100
1134	106
1135	109
1136	97
1137	92
1138	96
1139	75
1140	90
1141	106
1142	93
1143	101
1144	110
1145	105
1146	103
1147	99
1148	78
1149	79
1150	76
1151	82
1152	86
1153	112
1154	104
1155	99
1156	115
1157	101
1158	110
1159	94
1160	123
1161	104
1162	91
1163	96
1164	127
1165	109
1166	117
1167	101
1168	122
1169	102
1170	94
1171	87
1172	83
1173	82
1174	80
1175	88
1176	85
1177	80
1178	106
1179	107
1180	121
1181	101
1182	100
1183	114
1184	111
1185	132
1186	134
1187	107
1188	112
1189	117
1190	108
1191	117
1192	131
1193	149
1194	188
1195	305
1196	487
1197	495
1198	382
1199	322
1200	202
1201	161
1202	121
1203	130
1204	129
1205	111
1206	91
1207	59
1208	62
1209	70
1210	81
1211	103
1212	94
1213	100
1214	126
1215	128
1216	135
1217	132
1218	120
1219	127
1220	138
1221	146
1222	143
1223	152
1224	147
1225	110
1226	109
1227	110
1228	102
1229	104
1230	109
1231	106
1232	98
1233	107
1234	119
1235	100
1236	104
1237	110
1238	135
1239	114
1240	133
1241	117
1242	130
1243	132
1244	119
1245	94
1246	110
1247	119
1248	140
1249	129
1250	135
1251	118
1252	127
1253	126
1254	112
1255	107
1256	102
1257	131
1258	125
1259	115
1260	124
1261	108
1262	106
1263	103
1264	96
1265	101
1266	97
1267	127
1268	119
1269	105
1270	90
1271	105
1272	84
1273	78
1274	92
1275	105
1276	109
1277	112
1278	106
1279	76
1280	94
1281	96
1282	113
1283	116
1284	123
1285	120
1286	110
1287	112
1288	119
1289	108
1290	134
1291	137
1292	155
1293	121
1294	149
1295	159
1296	157
1297	128
1298	147
1299	110
1300	115
1301	95
1302	98
1303	88
1304	102
1305	104
1306	110
1307	146
1308	121
1309	113
1310	122
1311	106
1312	92
1313	101
1314	109
1315	87
1316	111
1317	102
1318	104
1319	119
1320	116
1321	116
1322	115
1323	118
1324	125
1325	147
1326	131
1327	127
1328	116
1329	120
1330	100
1331	105
1332	120
1333	122
1334	123
1335	161
1336	123
1337	134
1338	122
1339	90
1340	113
1341	110
1342	114
1343	120
1344	131
1345	111
1346	114
1347	104
1348	139
1349	109
1350	89
1351	79
1352	78
1353	87
1354	93
1355	111
1356	127
1357	138
1358	154
1359	108
1360	116
1361	99
1362	82
1363	104
1364	88
1365	108
1366	120
1367	121
1368	76
1369	95
1370	101
1371	95
1372	132
1373	123
1374	122
1375	116
1376	139
1377	125
1378	131
1379	139
1380	136
1381	117
1382	121
1383	118
1384	120
1385	91
1386	130
1387	122
1388	123
1389	130
1390	123
1391	122
1392	115
1393	109
1394	107
1395	84
1396	109
1397	103
1398	94
1399	105
1400	85
1401	95
1402	86
1403	98
1404	89
1405	77
1406	79
1407	98
1408	90
1409	101
1410	135
1411	105
1412	118
1413	112
1414	134
1415	136
1416	153
1417	125
1418	120
1419	126
1420	137
1421	122
1422	104
1423	123
1424	107
1425	128
1426	120
1427	115
1428	118
1429	120
1430	116
1431	119
1432	118
1433	116
1434	93
1435	112
1436	104
1437	113
1438	107
1439	92
1440	87
1441	104
1442	111
1443	117
1444	119
1445	139
1446	131
1447	132
1448	116
1449	113
1450	116
1451	120
1452	130
1453	133
1454	158
1455	135
1456	148
1457	128
1458	130
1459	116
1460	116
1461	138
1462	126
1463	100
1464	98
1465	108
1466	99
1467	90
1468	101
1469	119
1470	106
1471	96
1472	106
1473	110
1474	114
1475	109
1476	103
1477	111
1478	107
1479	108
1480	112
1481	133
1482	117
1483	122
1484	112
1485	128
1486	128
1487	124
1488	102
1489	116
1490	112
1491	114
1492	111
1493	106
1494	95
1495	88
1496	86
1497	108
1498	114
1499	129
1500	103
1501	105
1502	108
1503	97
1504	91
1505	123
1506	109
1507	105
1508	92
1509	96
1510	111
1511	106
1512	82
1513	82
1514	83
1515	79
1516	80
1517	106
1518	99
1519	165
1520	140
1521	108
1522	103
1523	102
1524	93
1525	116
1526	126
1527	115
1528	128
1529	135
1530	118
1531	150
1532	143
1533	139
1534	118
1535	122
1536	114
1537	150
1538	135
1539	125
1540	116
1541	122
1542	116
1543	121
1544	122
1545	108
1546	127
1547	121
1548	121
1549	108
1550	126
1551	114
1552	140
1553	137
1554	135
1555	134
1556	107
1557	105
1558	114
1559	109
1560	114
1561	90
1562	100
1563	105
1564	100
1565	112
1566	117
1567	115
1568	101
1569	99
1570	93
1571	106
1572	102
1573	109
1574	135
1575	119
1576	125
1577	112
1578	107
1579	98
1580	105
1581	120
1582	89
1583	83
1584	80
1585	85
1586	85
1587	88
1588	89
1589	105
1590	118
1591	124
1592	104
1593	99
1594	94
1595	113
1596	126
1597	127
1598	142
1599	118
1600	113
1601	107
1602	101
1603	118
1604	98
1605	127
1606	112
1607	144
1608	144
1609	141
1610	100
1611	117
1612	102
1613	99
1614	84
1615	98
1616	91
1617	90
1618	111
1619	114
1620	112
1621	103
1622	109
1623	119
1624	117
1625	129
1626	121
1627	105
1628	127
1629	102
1630	125
1631	117
1632	109
1633	130
1634	133
1635	119
1636	126
1637	117
1638	111
1639	79
1640	88
1641	93
1642	79
1643	65
1644	71
1645	83
1646	103
1647	97
1648	114
1649	105
1650	107
1651	114
1652	101
1653	96
1654	101
1655	110
1656	95
1657	103
1658	139
1659	115
1660	106
1661	100
1662	106
1663	111
1664	104
1665	96
1666	90
1667	86
1668	84
1669	102
1670	72
1671	93
1672	90
1673	76
1674	107
1675	81
1676	105
1677	117
1678	129
1679	122
1680	117
1681	137
1682	125
1683	113
1684	107
1685	108
1686	103
1687	116
1688	109
1689	118
1690	116
1691	125
1692	127
1693	121
1694	92
1695	99
1696	73
1697	77
1698	71
1699	83
1700	84
1701	98
1702	97
1703	91
1704	87
1705	88
1706	104
1707	93
1708	106
1709	126
1710	139
1711	93
1712	100
1713	124
1714	126
1715	96
1716	112
1717	111
1718	121
1719	104
1720	101
1721	107
1722	100
1723	98
1724	128
1725	91
1726	98
1727	88
1728	91
1729	101
1730	95
1731	118
1732	106
1733	129
1734	115
1735	129
1736	100
1737	92
1738	78
1739	88
1740	93
1741	76
1742	92
1743	100
1744	101
1745	98
1746	117
1747	107
1748	90
1749	98
1750	102
1751	92
1752	95
1753	103
1754	98
1755	108
1756	135
1757	123
1758	106
1759	110
1760	108
1761	96
1762	120
1763	115
1764	114
1765	103
1766	94
1767	103
1768	83
1769	107
1770	114
1771	80
1772	114
1773	103
1774	131
1775	113
1776	114
1777	99
1778	88
1779	104
1780	111
1781	110
1782	106
1783	118
1784	110
1785	101
1786	123
1787	115
1788	108
1789	104
1790	79
1791	107
1792	106
1793	107
1794	96
1795	89
1796	89
1797	96
1798	88
1799	80
1800	92
1801	99
1802	99
1803	105
1804	112
1805	117
1806	120
1807	104
1808	106
1809	94
1810	84
1811	102
1812	104
1813	107
1814	102
1815	125
1816	99
1817	86
1818	78
1819	92
1820	80
1821	98
1822	93
1823	83
1824	97
1825	91
1826	108
1827	85
1828	106
1829	94
1830	96
1831	110
1832	127
1833	122
1834	122
1835	133
1836	129
1837	145
1838	127
1839	154
1840	125
1841	101
1842	114
1843	117
1844	118
1845	128
1846	105
1847	118
1848	99
1849	111
1850	133
1851	121
1852	116
1853	149
1854	118
1855	101
1856	93
1857	97
1858	107
1859	103
1860	123
1861	111
1862	133
1863	131
1864	118
1865	124
1866	108
1867	97
1868	110
1869	89
1870	115
1871	119
1872	127
1873	120
1874	126
1875	115
1876	94
1877	114
1878	121
1879	166
1880	140
1881	131
1882	135
1883	125
1884	96
1885	99
1886	107
1887	89
1888	93
1889	121
1890	132
1891	118
1892	124
1893	129
1894	126
1895	105
1896	106
1897	106
1898	98
1899	109
1900	96
1901	123
1902	142
1903	116
1904	74
1905	77
1906	106
1907	117
1908	103
1909	83
1910	91
1911	106
1912	111
1913	132
1914	135
1915	135
1916	128
1917	127
1918	121
1919	120
1920	97
1921	116
1922	89
1923	86
1924	91
1925	84
1926	88
1927	100
1928	81
1929	68
1930	95
1931	92
1932	89
1933	100
1934	95
1935	108
1936	63
1937	108
1938	110
1939	116
1940	114
1941	106
1942	99
1943	85
1944	88
1945	90
1946	104
1947	106
1948	106
1949	93
1950	115
1951	102
1952	108
1953	99
1954	86
1955	95
1956	100
1957	79
1958	111
1959	87
1960	101
1961	113
1962	129
1963	145
1964	125
1965	117
1966	116
1967	110
1968	110
1969	105
1970	129
1971	108
1972	119
1973	132
1974	103
1975	93
1976	124
1977	133
1978	144
1979	118
1980	109
1981	112
1982	108
1983	129
1984	116
1985	100
1986	106
1987	93
1988	95
1989	116
1990	110
1991	106
1992	94
1993	115
1994	119
1995	120
1996	121
1997	133
1998	108
1999	96
2000	108
2001	124
2002	96
2003	121
2004	111
2005	133
2006	163
2007	168
2008	147
2009	137
2010	138
2011	142
2012	132
2013	122
2014	85
2015	114
2016	109
2017	105
2018	81
2019	94
2020	70
2021	109
2022	111
2023	119
2024	92
2025	103
2026	63
2027	102
2028	96
2029	94
2030	101
2031	133
2032	130
2033	118
2034	162
2035	151
2036	131
2037	106
2038	116
2039	96
2040	111
2041	105
2042	134
2043	120
2044	105
2045	102
2046	121
2047	121
2048	106
2049	104
2050	92
2051	109
2052	101
2053	89
2054	103
2055	109
2056	104
2057	80
2058	93
2059	72
2060	82
2061	78
2062	71
2063	79
2064	88
2065	85
2066	102
2067	100
2068	101
2069	97
2070	117
2071	113
2072	95
2073	109
2074	79
2075	97
2076	106
2077	111
2078	136
2079	128
2080	132
2081	125
2082	110
2083	105
2084	86
2085	103
2086	94
2087	87
2088	114
2089	93
2090	114
2091	113
2092	99
2093	128
2094	115
2095	94
2096	91
2097	91
2098	117
2099	101
2100	139
2101	121
2102	128
2103	128
2104	124
2105	128
2106	111
2107	105
2108	107
2109	111
2110	93
2111	127
2112	134
2113	133
2114	126
2115	114
2116	105
2117	105
2118	91
2119	106
2120	87
2121	93
2122	89
2123	92
2124	124
2125	116
2126	109
2127	96
2128	94
2129	102
2130	95
2131	89
2132	96
2133	89
2134	93
2135	129
2136	90
2137	98
2138	101
2139	89
2140	116
2141	127
2142	123
2143	117
2144	132
2145	122
2146	135
2147	106
2148	112
2149	105
2150	110
2151	128
2152	126
2153	112
2154	126
2155	119
2156	103
2157	100
2158	115
2159	104
2160	92
2161	97
2162	132
2163	127
2164	135
2165	116
2166	116
2167	114
2168	119
2169	101
2170	130
2171	123
2172	129
2173	143
2174	130
2175	121
2176	94
2177	108
2178	119
2179	101
2180	86
2181	93
2182	75
2183	95
2184	92
2185	108
2186	98
2187	104
2188	108
2189	98
2190	102
2191	96
2192	100
2193	104
2194	88
2195	107
2196	92
2197	123
2198	106
2199	122
2200	99
2201	129
2202	98
2203	118
2204	105
2205	102
2206	108
2207	106
2208	101
2209	116
2210	134
2211	117
2212	106
2213	106
2214	113
2215	117
2216	103
2217	104
2218	101
2219	110
2220	114
2221	116
2222	125
2223	119
2224	116
2225	127
2226	89
2227	100
2228	93
2229	100
2230	101
2231	96
2232	112
2233	103
2234	128
2235	132
2236	157
2237	106
2238	133
2239	103
2240	95
2241	97
2242	76
2243	93
2244	98
2245	77
2246	80
2247	88
2248	98
2249	96
2250	88
2251	111
2252	83
2253	92
2254	97
2255	96
2256	103
2257	106
2258	139
2259	140
2260	118
2261	116
2262	102
2263	93
2264	108
2265	102
2266	90
2267	117
2268	103
2269	138
2270	129
2271	123
2272	102
2273	96
2274	103
2275	104
2276	100
2277	115
2278	129
2279	108
2280	111
2281	98
2282	80
2283	92
2284	129
2285	93
2286	92
2287	106
2288	111
2289	91
2290	114
2291	114
2292	105
2293	110
2294	104
2295	124
2296	120
2297	112
2298	104
2299	115
2300	111
2301	93
2302	109
2303	109
2304	94
2305	81
2306	101
2307	100
2308	95
2309	110
2310	82
2311	100
2312	108
2313	127
2314	121
2315	128
2316	124
2317	136
2318	127
2319	126
2320	134
2321	125
2322	135
2323	117
2324	95
2325	95
2326	97
2327	93
2328	83
2329	97
2330	96
2331	118
2332	90
2333	85
2334	80
2335	76
2336	87
2337	91
2338	76
2339	105
2340	121
2341	107
2342	147
2343	132
2344	113
2345	106
2346	123
2347	117
2348	99
2349	104
2350	110
2351	105
2352	104
2353	116
2354	118
2355	127
2356	140
2357	125
2358	115
2359	100
2360	110
2361	88
2362	93
2363	81
2364	85
2365	103
2366	109
2367	120
2368	103
2369	92
2370	93
2371	92
2372	89
2373	86
2374	95
2375	79
2376	72
2377	83
2378	57
2379	90
2380	73
2381	86
2382	69
2383	68
2384	107
2385	98
2386	110
2387	111
2388	117
2389	139
2390	118
2391	130
2392	124
2393	114
2394	144
2395	124
2396	121
2397	119
2398	113
2399	97
2400	111
2401	105
2402	81
2403	92
2404	96
2405	83
2406	97
2407	101
2408	101
2409	138
2410	135
2411	118
2412	121
2413	123
2414	109
2415	132
2416	141
2417	148
2418	146
2419	135
2420	150
2421	116
2422	116
2423	128
2424	113
2425	93
2426	89
2427	107
2428	88
2429	108
2430	107
2431	109
2432	134
2433	144
2434	113
2435	156
2436	110
2437	143
2438	116
2439	121
2440	131
2441	126
2442	150
2443	127
2444	120
2445	122
2446	114
2447	131
2448	153
2449	131
2450	116
2451	123
2452	136
2453	136
2454	97
2455	98
2456	76
2457	91
2458	82
2459	100
2460	112
2461	116
2462	127
2463	128
2464	127
2465	125
2466	120
2467	116
2468	129
2469	96
2470	110
2471	107
2472	130
2473	98
2474	100
2475	88
2476	100
2477	102
2478	95
2479	121
2480	133
2481	106
2482	89
2483	110
2484	108
2485	116
2486	101
2487	108
2488	106
2489	108
2490	119
2491	109
2492	118
2493	121
2494	108
2495	100
2496	118
2497	104
2498	98
2499	96
2500	124
2501	98
2502	104
2503	102
2504	97
2505	83
2506	102
2507	94
2508	111
2509	119
2510	98
2511	100
2512	90
2513	118
2514	105
2515	107
2516	104
2517	118
2518	104
2519	90
2520	108
2521	112
2522	120
2523	110
2524	101
2525	71
2526	84
2527	111
2528	80
2529	106
2530	90
2531	145
2532	123
2533	99
2534	111
2535	92
2536	131
2537	115
2538	109
2539	131
2540	107
2541	125
2542	132
2543	131
2544	117
2545	97
2546	99
2547	112
2548	98
2549	102
2550	97
2551	122
2552	128
2553	151
2554	122
2555	126
2556	100
2557	87
2558	103
2559	97
2560	115
2561	111
2562	95
2563	102
2564	109
2565	91
2566	103
2567	111
2568	105
2569	125
2570	106
2571	117
2572	114
2573	110
2574	101
2575	128
2576	118
2577	117
2578	119
2579	139
2580	136
2581	122
2582	131
2583	136
2584	125
2585	143
2586	148
2587	134
2588	147
2589	196
2590	242
2591	348
2592	411
2593	400
2594	337
2595	223
2596	159
2597	143
2598	120
2599	113
2600	137
2601	140
2602	126
2603	130
2604	113
2605	116
2606	109
2607	92
2608	109
2609	104
2610	109
2611	125
2612	123
2613	114
2614	97
2615	123
2616	133
2617	119
2618	106
2619	124
2620	114
2621	101
2622	90
2623	91
2624	94
2625	93
2626	89
2627	90
2628	78
2629	90
2630	112
2631	102
2632	110
2633	88
2634	102
2635	112
2636	110
2637	129
2638	112
2639	122
2640	100
2641	115
2642	140
2643	130
2644	126
2645	122
2646	132
2647	104
2648	124
2649	125
2650	122
2651	125
2652	111
2653	90
2654	92
2655	87
2656	100
2657	121
2658	136
2659	136
2660	120
2661	116
2662	117
2663	110
2664	117
2665	98
2666	116
2667	101
2668	117
2669	118
2670	104
2671	92
2672	114
2673	109
2674	120
2675	90
2676	113
2677	102
2678	138
2679	142
2680	158
2681	137
2682	120
2683	125
2684	105
2685	121
2686	114
2687	129
2688	113
2689	112
2690	115
2691	129
2692	126
2693	138
2694	107
2695	125
2696	102
2697	97
2698	112
2699	125
2700	124
2701	97
2702	97
2703	93
2704	95
2705	93
2706	113
2707	110
2708	107
2709	118
2710	105
2711	113
2712	129
2713	133
2714	126
2715	141
2716	156
2717	135
2718	129
2719	111
2720	98
2721	117
2722	107
2723	131
2724	126
2725	138
2726	158
2727	160
2728	141
2729	136
2730	118
2731	127
2732	126
2733	125
2734	125
2735	120
2736	121
2737	106
2738	111
2739	121
2740	127
2741	125
2742	123
2743	138
2744	120
2745	125
2746	133
2747	143
2748	125
2749	132
2750	113
2751	122
2752	118
2753	118
2754	110
2755	110
2756	111
2757	107
2758	117
2759	111
2760	107
2761	111
2762	121
2763	95
2764	114
2765	110
2766	114
2767	127
2768	144
2769	116
2770	117
2771	116
2772	127
2773	129
2774	116
2775	142
2776	130
2777	131
2778	126
2779	134
2780	147
2781	124
2782	125
2783	155
2784	126
2785	117
2786	109
2787	129
2788	138
2789	155
2790	142
2791	105
2792	117
2793	118
2794	127
2795	121
2796	113
2797	102
2798	137
2799	111
2800	120
2801	127
2802	147
2803	156
2804	144
2805	146
2806	156
2807	143
2808	133
2809	115
2810	121
2811	142
2812	121
2813	113
2814	136
2815	134
2816	130
2817	129
2818	116
2819	109
2820	144
2821	114
2822	117
2823	111
2824	131
2825	122
2826	118
2827	119
2828	103
2829	107
2830	152
2831	138
2832	119
2833	122
2834	126
2835	127
2836	132
2837	128
2838	118
2839	116
2840	119
2841	123
2842	115
2843	146
2844	136
2845	135
2846	133
2847	119
2848	139
2849	127
2850	121
2851	104
2852	124
2853	125
2854	121
2855	117
2856	106
2857	139
2858	143
2859	155
2860	151
2861	144
2862	119
2863	135
2864	120
2865	123
2866	107
2867	134
2868	135
2869	122
2870	140
2871	115
2872	126
2873	158
2874	153
2875	150
2876	147
2877	150
2878	149
2879	146
2880	139
2881	137
2882	127
2883	111
2884	119
2885	112
2886	121
2887	116
2888	118
2889	115
2890	118
2891	136
2892	123
2893	116
2894	136
2895	146
2896	148
2897	151
2898	156
2899	129
2900	149
2901	131
2902	136
2903	131
2904	108
2905	118
2906	141
2907	131
2908	138
2909	135
2910	136
2911	140
2912	127
2913	133
2914	140
2915	93
2916	131
2917	124
2918	131
2919	140
2920	148
2921	134
2922	118
2923	130
2924	134
2925	105
2926	118
2927	136
2928	149
2929	180
2930	156
2931	151
2932	158
2933	119
2934	143
2935	141
2936	116
2937	153
2938	124
2939	97
2940	113
2941	142
2942	135
2943	140
2944	143
2945	134
2946	145
2947	155
2948	147
2949	135
2950	141
2951	121
2952	111
2953	117
2954	141
2955	141
2956	147
2957	141
2958	136
2959	131
2960	146
2961	158
2962	140
2963	139
2964	153
2965	133
2966	152
2967	133
2968	145
2969	145
2970	145
2971	134
2972	146
2973	140
2974	90
2975	136
2976	128
2977	110
2978	139
2979	129
2980	139
2981	117
2982	117
2983	112
2984	92
2985	100
2986	101
2987	120
2988	117
2989	107
2990	152
2991	127
2992	156
2993	150
2994	162
2995	159
2996	164
2997	165
2998	153
2999	144
3000	151
3001	150
3002	120
3003	110
3004	126
3005	130
3006	126
3007	120
3008	122
3009	129
3010	116
3011	119
3012	141
3013	114
3014	133
3015	118
3016	127
3017	119
3018	147
3019	125
3020	135
3021	147
3022	143
3023	157
3024	123
3025	141
3026	142
3027	142
3028	138
3029	149
3030	139
3031	136
3032	145
3033	153
3034	147
3035	142
3036	119
3037	120
3038	129
3039	149
3040	129
3041	141
3042	146
3043	152
3044	151
3045	140
3046	151
3047	160
3048	144
3049	151
3050	151
3051	154
3052	148
3053	161
3054	150
3055	128
3056	118
3057	120
3058	113
3059	118
3060	143
3061	126
3062	137
3063	149
3064	154
3065	147
3066	130
3067	146
3068	134
3069	152
3070	161
3071	149
3072	153
3073	157
3074	140
3075	140
3076	144
3077	133
3078	143
3079	137
3080	145
3081	156
3082	157
3083	110
3084	150
3085	135
3086	127
3087	140
3088	136
3089	112
3090	122
3091	133
3092	148
3093	148
3094	128
3095	131
3096	167
3097	127
3098	120
3099	135
3100	142
3101	148
3102	158
3103	143
3104	135
3105	124
3106	149
3107	157
3108	136
3109	165
3110	118
3111	174
3112	165
3113	169
3114	180
3115	156
3116	149
3117	143
3118	154
3119	127
3120	133
3121	114
3122	98
3123	150
3124	123
3125	132
3126	141
3127	157
3128	165
3129	153
3130	140
3131	164
3132	140
3133	153
3134	150
3135	121
3136	113
3137	120
3138	108
3139	134
3140	111
3141	129
3142	117
3143	133
3144	162
3145	150
3146	160
3147	147
3148	144
3149	156
3150	154
3151	139
3152	116
3153	103
3154	131
3155	120
3156	123
3157	148
3158	158
3159	128
3160	132
3161	133
3162	128
3163	126
3164	133
3165	107
3166	126
3167	156
3168	145
3169	147
3170	146
3171	150
3172	125
3173	156
3174	131
3175	131
3176	113
3177	149
3178	124
3179	134
3180	166
3181	186
3182	194
3183	182
3184	182
3185	180
3186	179
3187	170
3188	147
3189	133
3190	141
3191	157
3192	158
3193	152
3194	175
3195	170
3196	156
3197	168
3198	154
3199	161
3200	152
3201	157
3202	162
3203	141
3204	158
3205	168
3206	148
3207	139
3208	136
3209	143
3210	155
3211	129
3212	142
3213	140
3214	133
3215	151
3216	149
3217	145
3218	148
3219	170
3220	188
3221	171
3222	152
3223	185
3224	148
3225	176
3226	169
3227	167
3228	175
3229	143
3230	179
3231	147
3232	125
3233	145
3234	152
3235	139
3236	141
3237	137
3238	135
3239	111
3240	125
3241	127
3242	132
3243	135
3244	147
3245	156
3246	124
3247	140
3248	139
3249	157
3250	167
3251	185
3252	161
3253	167
3254	173
3255	142
3256	150
3257	156
3258	154
3259	165
3260	158
3261	177
3262	160
3263	206
3264	172
3265	190
3266	151
3267	154
3268	174
3269	152
3270	178
3271	155
3272	171
3273	170
3274	137
3275	137
3276	148
3277	125
3278	134
3279	154
3280	137
3281	132
3282	161
3283	169
3284	154
3285	174
3286	149
3287	162
3288	184
3289	158
3290	153
3291	148
3292	156
3293	154
3294	164
3295	168
3296	155
3297	189
3298	174
3299	172
3300	181
3301	184
3302	201
3303	180
3304	191
3305	202
3306	195
3307	193
3308	189
3309	170
3310	172
3311	183
3312	151
3313	194
3314	177
3315	186
3316	178
3317	199
3318	181
3319	183
3320	172
3321	188
3322	194
3323	201
3324	175
3325	214
3326	199
3327	164
3328	180
3329	203
3330	225
3331	210
3332	197
3333	228
3334	214
3335	179
3336	177
3337	200
3338	169
3339	178
3340	180
3341	166
3342	204
3343	209
3344	185
3345	193
3346	169
3347	163
3348	167
3349	188
3350	190
3351	182
3352	187
3353	173
3354	197
3355	211
3356	184
3357	177
3358	210
3359	208
3360	182
3361	201
3362	205
3363	197
3364	210
3365	204
3366	190
3367	202
3368	193
3369	196
3370	173
3371	166
3372	172
3373	202
3374	171
3375	194
3376	203
3377	193
3378	173
3379	174
3380	156
3381	193
3382	185
3383	170
3384	184
3385	205
3386	183
3387	174
3388	147
3389	186
3390	194
3391	183
3392	185
3393	167
3394	130
3395	127
3396	112
3397	81
3398	82
3399	59
3400	60
3401	44
3402	45
3403	67
3404	84
3405	67
3406	71
3407	73
3408	93
3409	80
3410	95
3411	80
3412	71
3413	80
3414	58
3415	60
3416	64
3417	79
3418	80
3419	85
3420	93
3421	84
3422	94
3423	90
3424	74
3425	71
3426	62
3427	66
3428	65
3429	59
3430	71
3431	65
3432	54
3433	49
3434	39
3435	48
3436	52
3437	61
3438	59
3439	58
3440	56
3441	60
3442	89
3443	57
3444	58
3445	69
3446	53
3447	55
3448	41
3449	44
3450	32
3451	39
3452	60
3453	66
3454	71
3455	64
3456	57
3457	67
3458	64
3459	70
3460	59
3461	39
3462	34
3463	35
3464	54
3465	62
3466	53
3467	56
3468	61
3469	71
3470	60
3471	68
3472	58
3473	43
3474	48
3475	38
3476	54
3477	51
3478	47
3479	47
3480	40
3481	36
3482	34
3483	28
3484	38
3485	58
3486	50
3487	51
3488	41
3489	41
3490	27
3491	36
3492	47
3493	46
3494	48
3495	30
3496	33
3497	39
3498	43
3499	47
3500	45
3501	29
3502	42
3503	40
3504	42
3505	28
3506	43
3507	33
3508	32
3509	32
3510	43
3511	35
3512	28
3513	38
3514	50
3515	41
3516	52
3517	65
3518	50
3519	51
3520	57
3521	52
3522	51
3523	51
3524	52
3525	41
3526	47
3527	53
3528	48
3529	43
3530	49
3531	26
3532	35
3533	34
3534	36
3535	48
3536	30
3537	34
3538	45
3539	35
3540	36
3541	29
3542	39
3543	39
3544	36
3545	47
3546	45
3547	52
3548	39
3549	33
3550	38
3551	28
3552	26
3553	36
3554	26
3555	33
3556	49
3557	42
3558	43
3559	56
3560	34
3561	56
3562	20
3563	31
3564	23
3565	32
3566	33
3567	19
3568	29
3569	28
3570	18
3571	30
3572	19
3573	18
3574	18
3575	19
3576	23
3577	25
3578	25
3579	32
3580	21
3581	15
3582	12
3583	16
3584	19
3585	15
3586	32
3587	22
3588	20
3589	30
3590	26
3591	23
3592	21
3593	17
3594	14
3595	26
3596	25
3597	30
3598	29
3599	30
3600	36
3601	26
3602	35
3603	32
3604	36
3605	34
3606	24
3607	32
3608	52
3609	34
3610	25
3611	33
3612	28
3613	27
3614	26
3615	25
3616	23
3617	27
3618	31
3619	17
3620	31
3621	16
3622	12
3623	19
3624	21
3625	15
3626	19
3627	30
3628	16
3629	24
3630	17
3631	12
3632	23
3633	21
3634	23
3635	24
3636	41
3637	24
3638	30
3639	29
3640	17
3641	21
3642	11
3643	12
3644	19
3645	15
3646	16
3647	19
3648	15
3649	15
3650	13
3651	20
3652	17
3653	21
3654	24
3655	14
3656	16
3657	19
3658	12
3659	25
3660	23
3661	22
3662	20
3663	24
3664	18
3665	24
3666	20
3667	12
3668	17
3669	17
3670	7
3671	12
3672	15
3673	11
3674	16
3675	23
3676	23
3677	26
3678	40
3679	22
3680	28
3681	22
3682	22
3683	15
3684	11
3685	16
3686	20
3687	17
3688	18
3689	21
3690	12
3691	18
3692	12
3693	12
3694	14
3695	7
3696	12
3697	10
3698	19
3699	21
3700	21
3701	23
3702	19
3703	20
3704	18
3705	22
3706	8
3707	7
3708	10
3709	10
3710	9
3711	12
3712	7
3713	17
3714	17
3715	18
3716	14
3717	22
3718	35
3719	15
3720	24
3721	18
3722	24
3723	23
3724	23
3725	21
3726	13
3727	13
3728	13
3729	16
3730	16
3731	13
3732	16
3733	16
3734	39
3735	22
3736	13
3737	10
3738	9
3739	14
3740	10
3741	12
3742	15
3743	16
3744	11
3745	17
3746	18
3747	14
3748	15
3749	27
3750	18
3751	23
3752	8
3753	13
3754	15
3755	11
3756	7
3757	9
3758	8
3759	7
3760	11
3761	3
3762	8
3763	8
3764	16
3765	24
3766	8
3767	6
3768	7
3769	4
3770	5
3771	5
3772	7
3773	9
3774	7
3775	12
3776	14
3777	16
3778	25
3779	15
3780	19
3781	6
3782	9
3783	10
3784	3
3785	9
3786	11
3787	3
3788	11
3789	10
3790	13
3791	12
3792	7
3793	14
3794	14
3795	11
3796	17
3797	9
3798	13
3799	10
3800	13
3801	12
3802	15
3803	20
3804	18
3805	9
3806	13
3807	5
3808	9
3809	6
3810	10
3811	7
3812	11
3813	11
3814	8
3815	15
3816	9
3817	20
3818	13
3819	10
3820	2
3821	10
3822	13
3823	11
3824	13
3825	11
3826	13
3827	13
3828	9
3829	10
3830	12
3831	16
3832	21
3833	13
3834	10
3835	7
3836	13
3837	17
3838	17
3839	15
3840	8
3841	11
3842	8
3843	7
3844	8
3845	10
3846	3
3847	13
3848	8
3849	7
3850	5
3851	10
3852	4
3853	5
3854	8
3855	6
3856	10
3857	13
3858	12
3859	11
3860	11
3861	10
3862	13
3863	15
3864	9
3865	10
3866	7
3867	7
3868	6
3869	4
3870	4
3871	1
3872	4
3873	6
3874	8
3875	10
3876	10
3877	13
3878	12
3879	13
3880	8
3881	9
3882	7
3883	6
3884	6
3885	13
3886	2
3887	14
3888	22
3889	13
3890	17
3891	15
3892	17
3893	24
3894	16
3895	12
3896	21
3897	17
3898	17
3899	29
3900	37
3901	24
3902	31
3903	20
3904	14
3905	12
3906	13
3907	13
3908	19
3909	34
3910	46
3911	69
3912	54
3913	40
3914	41
3915	20
3916	12
3917	15
3918	9
3919	9
3920	4
3921	3
3922	2
3923	6
3924	8
3925	3
3926	7
3927	8
3928	4
3929	4
3930	9
3931	4
3932	5
3933	5
3934	11
3935	7
3936	17
3937	9
3938	13
3939	3
3940	7
3941	6
3942	2
3943	6
3944	3
3945	2
3946	3
3947	0
3948	2
3949	6
3950	4
3951	6
3952	6
3953	7
3954	12
3955	14
3956	15
3957	4
3958	10
3959	6
3960	6
3961	11
3962	10
3963	12
3964	15
3965	15
3966	22
3967	20
3968	10
3969	7
3970	3
3971	2
3972	9
3973	2
3974	8
3975	3
3976	2
3977	6
3978	5
3979	5
3980	2
3981	2
3982	4
3983	15
3984	28
3985	95
3986	319
3987	657
3988	1158
3989	1562
3990	1709
3991	1517
3992	1146
3993	655
3994	294
3995	94
3996	27
3997	3
3998	1
3999	0
4000	0
4001	0
4002	0
4003	0
4004	0
4005	0
4006	0
4007	0
4008	0
4009	0
4010	0
4011	0
4012	0
4013	0
4014	0
4015	0
4016	0
4017	0
4018	0
4019	0
4020	0
4021	0
4022	0
4023	0
4024	0
4025	0
4026	0
4027	0
4028	0
4029	0
4030	0
4031	0
4032	0
4033	0
4034	0
4035	0
4036	0
4037	0
4038	0
4039	0
4040	0
4041	0
4042	0
4043	0
4044	0
4045	0
4046	0
4047	0
4048	0
4049	0
4050	0
4051	0
4052	0
4053	0
4054	0
4055	0
4056	0
4057	0
4058	0
4059	0
4060	0
4061	0
4062	0
4063	0
4064	0
4065	0
4066	0
4067	0
4068	0
4069	0
4070	0
4071	0
4072	0
4073	0
4074	0
4075	0
4076	0
4077	0
4078	0
4079	0
4080	0
4081	0
4082	0
4083	0
4084	0
4085	0
4086	0
4087	0
4088	0
4089	0
4090	0
4091	0
4092	0
4093	0
4094	0
4095	0
4096	0
4097	0
4098	0
4099	0
4100	0
4101	0
4102	0
4103	0
4104	0
4105	0
4106	0
4107	0
4108	0
4109	0
4110	0
4111	0
4112	0
4113	0
4114	0
4115	0
4116	0
4117	0
4118	0
4119	0
4120	0
4121	0
4122	0
4123	0
4124	0
4125	0
4126	0
4127	0
4128	0
4129	0
4130	0
4131	0
4132	0
4133	0
4134	0
4135	0
4136	0
4137	0
4138	0
4139	0
4140	0
4141	0
4142	0
4143	0
4144	0
4145	0
4146	0
4147	0
4148	0
4149	0
4150	0
4151	0
4152	0
4153	0
4154	0
4155	0
4156	0
4157	0
4158	0
4159	0
4160	0
4161	0
4162	0
4163	0
4164	0
4165	0
4166	0
4167	0
4168	0
4169	0
4170	0
4171	0
4172	0
4173	0
4174	0
4175	0
4176	0
4177	0
4178	0
4179	0
4180	0
4181	0
4182	0
4183	0
4184	0
4185	0
4186	0
4187	0
4188	0
4189	0
4190	0
4191	0
4192	0
4193	0
4194	0
4195	0
4196	0
4197	0
4198	0
4199	0
4200	0
4201	0
4202	0
4203	0
4204	0
4205	0
4206	0
4207	0
4208	0
4209	0
4210	0
4211	0
4212	0
4213	0
4214	0
4215	0
4216	0
4217	0
4218	0
4219	0
4220	0
4221	0
4222	0
4223	0
4224	0
4225	0
4226	0
4227	0
4228	0
4229	0
4230	0
4231	0
4232	0
4233	0
4234	0
4235	0
4236	0
4237	0
4238	0
4239	0
4240	0
4241	0
4242	0
4243	0
4244	0
4245	0
4246	0
4247	0
4248	0
4249	0
4250	0
4251	0
4252	0
4253	0
4254	0
4255	0
4256	0
4257	0
4258	0
4259	0
4260	0
4261	0
4262	0
4263	0
4264	0
4265	0
4266	0
4267	0
4268	0
4269	0
4270	0
4271	0
4272	0
4273	0
4274	0
4275	0
4276	0
4277	0
4278	0
4279	0
4280	0
4281	0
4282	0
4283	0
4284	0
4285	0
4286	0
4287	0
4288	0
4289	0
4290	0
4291	0
4292	0
4293	0
4294	0
4295	0
4296	0
4297	0
4298	0
4299	0
4300	0
4301	0
4302	0
4303	0
4304	0
4305	0
4306	0
4307	0
4308	0
4309	0
4310	0
4311	0
4312	0
4313	0
4314	0
4315	0
4316	0
4317	0
4318	0
4319	0
4320	0
4321	0
4322	0
4323	0
4324	0
4325	0
4326	0
4327	0
4328	0
4329	0
4330	0
4331	0
4332	0
4333	0
4334	0
4335	0
4336	0
4337	0
4338	0
4339	0
4340	0
4341	0
4342	0
4343	0
4344	0
4345	0
4346	0
4347	0
4348	0
4349	0
4350	0
4351	0
4352	0
4353	0
4354	0
4355	0
4356	0
4357	0
4358	0
4359	0
4360	0
4361	0
4362	0
4363	0
4364	0
4365	0
4366	0
4367	0
4368	0
4369	0
4370	0
4371	0
4372	0
4373	0
4374	0
4375	0
4376	0
4377	0
4378	0
4379	0
4380	0
4381	0
4382	0
4383	0
4384	0
4385	0
4386	0
4387	0
4388	0
4389	0
4390	0
4391	0
4392	0
4393	0
4394	0
4395	0
4396	0
4397	0
4398	0
4399	0
4400	0
4401	0
4402	0
4403	0
4404	0
4405	0
4406	0
4407	0
4408	0
4409	0
4410	0
4411	0
4412	0
4413	0
4414	0
4415	0
4416	0
4417	0
4418	0
4419	0
4420	0
4421	0
4422	0
4423	0
4424	0
4425	0
4426	0
4427	0
4428	0
4429	0
4430	0
4431	0
4432	0
4433	0
4434	0
4435	0
4436	0
4437	0
4438	0
4439	0
4440	0
4441	0
4442	0
4443	0
4444	0
4445	0
4446	0
4447	0
4448	0
4449	0
4450	0
4451	0
4452	0
4453	0
4454	0
4455	0
4456	0
4457	0
4458	0
4459	0
4460	0
4461	0
4462	0
4463	0
4464	0
4465	0
4466	0
4467	0
4468	0
4469	0
4470	0
4471	0
4472	0
4473	0
4474	0
4475	0
4476	0
4477	0
4478	0
4479	0
4480	0
4481	0
4482	0
4483	0
4484	0
4485	0
4486	0
4487	0
4488	0
4489	0
4490	0
4491	0
4492	0
4493	0
4494	0
4495	0
4496	0
4497	0
4498	0
4499	0
4500	0
4501	0
4502	0
4503	0
4504	0
4505	0
4506	0
4507	0
4508	0
4509	0
4510	0
4511	0
4512	0
4513	0
4514	0
4515	0
4516	0
4517	0
4518	0
4519	0
4520	0
4521	0
4522	0
4523	0
4524	0
4525	0
4526	0
4527	0
4528	0
4529	0
4530	0
4531	0
4532	0
4533	0
4534	0
4535	0
4536	0
4537	0
4538	0
4539	0
4540	0
4541	0
4542	0
4543	0
4544	0
4545	0
4546	0
4547	0
4548	0
4549	0
4550	0
4551	0
4552	0
4553	0
4554	0
4555	0
4556	0
4557	0
4558	0
4559	0
4560	0
4561	0
4562	0
4563	0
4564	0
4565	0
4566	0
4567	0
4568	0
4569	0
4570	0
4571	0
4572	0
4573	0
4574	0
4575	0
4576	0
4577	0
4578	0
4579	0
4580	0
4581	0
4582	0
4583	0
4584	0
4585	0
4586	0
4587	0
4588	0
4589	0
4590	0
4591	0
4592	0
4593	0
4594	0
4595	0
4596	0
4597	0
4598	0
4599	0
4600	0
4601	0
4602	0
4603	0
4604	0
4605	0
4606	0
4607	0
4608	0
4609	0
4610	0
4611	0
4612	0
4613	0
4614	0
4615	0
4616	0
4617	0
4618	0
4619	0
4620	0
4621	0
4622	0
4623	0
4624	0
4625	0
4626	0
4627	0
4628	0
4629	0
4630	0
4631	0
4632	0
4633	0
4634	0
4635	0
4636	0
4637	0
4638	0
4639	0
4640	0
4641	0
4642	0
4643	0
4644	0
4645	0
4646	0
4647	0
4648	0
4649	0
4650	0
4651	0
4652	0
4653	0
4654	0
4655	0
4656	0
4657	0
4658	0
4659	0
4660	0
4661	0
4662	0
4663	0
4664	0
4665	0
4666	0
4667	0
4668	0
4669	0
4670	0
4671	0
4672	0
4673	0
4674	0
4675	0
4676	0
4677	0
4678	0
4679	0
4680	0
4681	0
4682	0
4683	0
4684	0
4685	0
4686	0
4687	0
4688	0
4689	0
4690	0
4691	0
4692	0
4693	0
4694	0
4695	0
4696	0
4697	0
4698	0
4699	0
4700	0
4701	0
4702	0
4703	0
4704	0
4705	0
4706	0
4707	0
4708	0
4709	0
4710	0
4711	0
4712	0
4713	0
4714	0
4715	0
4716	0
4717	0
4718	0
4719	0
4720	0
4721	0
4722	0
4723	0
4724	0
4725	0
4726	0
4727	0
4728	0
4729	0
4730	0
4731	0
4732	0
4733	0
4734	0
4735	0
4736	0
4737	0
4738	0
4739	0
4740	0
4741	0
4742	0
4743	0
4744	0
4745	0
4746	0
4747	0
4748	0
4749	0
4750	0
4751	0
4752	0
4753	0
4754	0
4755	0
4756	0
4757	0
4758	0
4759	0
4760	0
4761	0
4762	0
4763	0
4764	0
4765	0
4766	0
4767	0
4768	0
4769	0
4770	0
4771	0
4772	0
4773	0
4774	0
4775	0
4776	0
4777	0
4778	0
4779	0
4780	0
4781	0
4782	0
4783	0
4784	0
4785	0
4786	0
4787	0
4788	0
4789	0
4790	0
4791	0
4792	0
4793	0
4794	0
4795	0
4796	0
4797	0
4798	0
4799	0
4800	0
4801	0
4802	0
4803	0
4804	0
4805	0
4806	0
4807	0
4808	0
4809	0
4810	0
4811	0
4812	0
4813	0
4814	0
4815	0
4816	0
4817	0
4818	0
4819	0
4820	0
4821	0
4822	0
4823	0
4824	0
4825	0
4826	0
4827	0
4828	0
4829	0
4830	0
4831	0
4832	0
4833	0
4834	0
4835	0
4836	0
4837	0
4838	0
4839	0
4840	0
4841	0
4842	0
4843	0
4844	0
4845	0
4846	0
4847	0
4848	0
4849	0
4850	0
4851	0
4852	0
4853	0
4854	0
4855	0
4856	0
4857	0
4858	0
4859	0
4860	0
4861	0
4862	0
4863	0
4864	0
4865	0
4866	0
4867	0
4868	0
4869	0
4870	0
4871	0
4872	0
4873	0
4874	0
4875	0
4876	0
4877	0
4878	0
4879	0
4880	0
4881	0
4882	0
4883	0
4884	0
4885	0
4886	0
4887	0
4888	0
4889	0
4890	0
4891	0
4892	0
4893	0
4894	0
4895	0
4896	0
4897	0
4898	0
4899	0
4900	0
4901	0
4902	0
4903	0
4904	0
4905	0
4906	0
4907	0
4908	0
4909	0
4910	0
4911	0
4912	0
4913	0
4914	0
4915	0
4916	0
4917	0
4918	0
4919	0
4920	0
4921	0
4922	0
4923	0
4924	0
4925	0
4926	0
4927	0
4928	0
4929	0
4930	0
4931	0
4932	0
4933	0
4934	0
4935	0
4936	0
4937	0
4938	0
4939	0
4940	0
4941	0
4942	0
4943	0
4944	0
4945	0
4946	0
4947	0
4948	0
4949	0
4950	0
4951	0
4952	0
4953	0
4954	0
4955	0
4956	0
4957	0
4958	0
4959	0
4960	0
4961	0
4962	0
4963	0
4964	0
4965	0
4966	0
4967	0
4968	0
4969	0
4970	0
4971	0
4972	0
4973	0
4974	0
4975	0
4976	0
4977	0
4978	0
4979	0
4980	0
4981	0
4982	0
4983	0
4984	0
4985	0
4986	0
4987	0
4988	0
4989	0
4990	0
4991	0
4992	0
4993	0
4994	0
4995	0
4996	0
4997	0
4998	0
4999	0
5000	0
5001	0
5002	0
5003	0
5004	0
5005	0
5006	0
5007	0
5008	0
5009	0
5010	0
5011	0
5012	0
5013	0
5014	0
5015	0
5016	0
5017	0
5018	0
5019	0
5020	0
5021	0
5022	0
5023	0
5024	0
5025	0
5026	0
5027	0
5028	0
5029	0
5030	0
5031	0
5032	0
5033	0
5034	0
5035	0
5036	0
5037	0
5038	0
5039	0
5040	0
5041	0
5042	0
5043	0
5044	0
5045	0
5046	0
5047	0
5048	0
5049	0
5050	0
5051	0
5052	0
5053	0
5054	0
5055	0
5056	0
5057	0
5058	0
5059	0
5060	0
5061	0
5062	0
5063	0
5064	0
5065	0
5066	0
5067	0
5068	0
5069	0
5070	0
5071	0
5072	0
5073	0
5074	0
5075	0
5076	0
5077	0
5078	0
5079	0
5080	0
5081	0
5082	0
5083	0
5084	0
5085	0
5086	0
5087	0
5088	0
5089	0
5090	0
5091	0
5092	0
5093	0
5094	0
5095	0
5096	0
5097	0
5098	0
5099	0
5100	0
5101	0
5102	0
5103	0
5104	0
5105	0
5106	0
5107	0
5108	0
5109	0
5110	0
5111	0
5112	0
5113	0
5114	0
5115	0
5116	0
5117	0
5118	0
5119	0
5120	0
5121	0
5122	0
5123	0
5124	0
5125	0
5126	0
5127	0
5128	0
5129	0
5130	0
5131	0
5132	0
5133	0
5134	0
5135	0
5136	0
5137	0
5138	0
5139	0
5140	0
5141	0
5142	0
5143	0
5144	0
5145	0
5146	0
5147	0
5148	0
5149	0
5150	0
5151	0
5152	0
5153	0
5154	0
5155	0
5156	0
5157	0
5158	0
5159	0
5160	0
5161	0
5162	0
5163	0
5164	0
5165	0
5166	0
5167	0
5168	0
5169	0
5170	0
5171	0
5172	0
5173	0
5174	0
5175	0
5176	0
5177	0
5178	0
5179	0
5180	0
5181	0
5182	0
5183	0
5184	0
5185	0
5186	0
5187	0
5188	0
5189	0
5190	0
5191	0
5192	0
5193	0
5194	0
5195	0
5196	0
5197	0
5198	0
5199	0
5200	0
5201	0
5202	0
5203	0
5204	0
5205	0
5206	0
5207	0
5208	0
5209	0
5210	0
5211	0
5212	0
5213	0
5214	0
5215	0
5216	0
5217	0
5218	0
5219	0
5220	0
5221	0
5222	0
5223	0
5224	0
5225	0
5226	0
5227	0
5228	0
5229	0
5230	0
5231	0
5232	0
5233	0
5234	0
5235	0
5236	0
5237	0
5238	0
5239	0
5240	0
5241	0
5242	0
5243	0
5244	0
5245	0
5246	0
5247	0
5248	0
5249	0
5250	0
5251	0
5252	0
5253	0
5254	0
5255	0
5256	0
5257	0
5258	0
5259	0
5260	0
5261	0
5262	0
5263	0
5264	0
5265	0
5266	0
5267	0
5268	0
5269	0
5270	0
5271	0
5272	0
5273	0
5274	0
5275	0
5276	0
5277	0
5278	0
5279	0
5280	0
5281	0
5282	0
5283	0
5284	0
5285	0
5286	0
5287	0
5288	0
5289	0
5290	0
5291	0
5292	0
5293	0
5294	0
5295	0
5296	0
5297	0
5298	0
5299	0
5300	0
5301	0
5302	0
5303	0
5304	0
5305	0
5306	0
5307	0
5308	0
5309	0
5310	0
5311	0
5312	0
5313	0
5314	0
5315	0
5316	0
5317	0
5318	0
5319	0
5320	0
5321	0
5322	0
5323	0
5324	0
5325	0
5326	0
5327	0
5328	0
5329	0
5330	0
5331	0
5332	0
5333	0
5334	0
5335	0
5336	0
5337	0
5338	0
5339	0
5340	0
5341	0
5342	0
5343	0
5344	0
5345	0
5346	0
5347	0
5348	0
5349	0
5350	0
5351	0
5352	0
5353	0
5354	0
5355	0
5356	0
5357	0
5358	0
5359	0
5360	0
5361	0
5362	0
5363	0
5364	0
5365	0
5366	0
5367	0
5368	0
5369	0
5370	0
5371	0
5372	0
5373	0
5374	0
5375	0
5376	0
5377	0
5378	0
5379	0
5380	0
5381	0
5382	0
5383	0
5384	0
5385	0
5386	0
5387	0
5388	0
5389	0
5390	0
5391	0
5392	0
5393	0
5394	0
5395	0
5396	0
5397	0
5398	0
5399	0
5400	0
5401	0
5402	0
5403	0
5404	0
5405	0
5406	0
5407	0
5408	0
5409	0
5410	0
5411	0
5412	0
5413	0
5414	0
5415	0
5416	0
5417	0
5418	0
5419	0
5420	0
5421	0
5422	0
5423	0
5424	0
5425	0
5426	0
5427	0
5428	0
5429	0
5430	0
5431	0
5432	0
5433	0
5434	0
5435	0
5436	0
5437	0
5438	0
5439	0
5440	0
5441	0
5442	0
5443	0
5444	0
5445	0
5446	0
5447	0
5448	0
5449	0
5450	0
5451	0
5452	0
5453	0
5454	0
5455	0
5456	0
5457	0
5458	0
5459	0
5460	0
5461	0
5462	0
5463	0
5464	0
5465	0
5466	0
5467	0
5468	0
5469	0
5470	0
5471	0
5472	0
5473	0
5474	0
5475	0
5476	0
5477	0
5478	0
5479	0
5480	0
5481	0
5482	0
5483	0
5484	0
5485	0
5486	0
5487	0
5488	0
5489	0
5490	0
5491	0
5492	0
5493	0
5494	0
5495	0
5496	0
5497	0
5498	0
5499	0
5500	0
5501	0
5502	0
5503	0
5504	0
5505	0
5506	0
5507	0
5508	0
5509	0
5510	0
5511	0
5512	0
5513	0
5514	0
5515	0
5516	0
5517	0
5518	0
5519	0
5520	0
5521	0
5522	0
5523	0
5524	0
5525	0
5526	0
5527	0
5528	0
5529	0
5530	0
5531	0
5532	0
5533	0
5534	0
5535	0
5536	0
5537	0
5538	0
5539	0
5540	0
5541	0
5542	0
5543	0
5544	0
5545	0
5546	0
5547	0
5548	0
5549	0
5550	0
5551	0
5552	0
5553	0
5554	0
5555	0
5556	0
5557	0
5558	0
5559	0
5560	0
5561	0
5562	0
5563	0
5564	0
5565	0
5566	0
5567	0
5568	0
5569	0
5570	0
5571	0
5572	0
5573	0
5574	0
5575	0
5576	0
5577	0
5578	0
5579	0
5580	0
5581	0
5582	0
5583	0
5584	0
5585	0
5586	0
5587	0
5588	0
5589	0
5590	0
5591	0
5592	0
5593	0
5594	0
5595	0
5596	0
5597	0
5598	0
5599	0
5600	0
5601	0
5602	0
5603	0
5604	0
5605	0
5606	0
5607	0
5608	0
5609	0
5610	0
5611	0
5612	0
5613	0
5614	0
5615	0
5616	0
5617	0
5618	0
5619	0
5620	0
5621	0
5622	0
5623	0
5624	0
5625	0
5626	0
5627	0
5628	0
5629	0
5630	0
5631	0
5632	0
5633	0
5634	0
5635	0
5636	0
5637	0
5638	0
5639	0
5640	0
5641	0
5642	0
5643	0
5644	0
5645	0
5646	0
5647	0
5648	0
5649	0
5650	0
5651	0
5652	0
5653	0
5654	0
5655	0
5656	0
5657	0
5658	0
5659	0
5660	0
5661	0
5662	0
5663	0
5664	0
5665	0
5666	0
5667	0
5668	0
5669	0
5670	0
5671	0
5672	0
5673	0
5674	0
5675	0
5676	0
5677	0
5678	0
5679	0
5680	0
5681	0
5682	0
5683	0
5684	0
5685	0
5686	0
5687	0
5688	0
5689	0
5690	0
5691	0
5692	0
5693	0
5694	0
5695	0
5696	0
5697	0
5698	0
5699	0
5700	0
5701	0
5702	0
5703	0
5704	0
5705	0
5706	0
5707	0
5708	0
5709	0
5710	0
5711	0
5712	0
5713	0
5714	0
5715	0
5716	0
5717	0
5718	0
5719	0
5720	0
5721	0
5722	0
5723	0
5724	0
5725	0
5726	0
5727	0
5728	0
5729	0
5730	0
5731	0
5732	0
5733	0
5734	0
5735	0
5736	0
5737	0
5738	0
5739	0
5740	0
5741	0
5742	0
5743	0
5744	0
5745	0
5746	0
5747	0
5748	0
5749	0
5750	0
5751	0
5752	0
5753	0
5754	0
5755	0
5756	0
5757	0
5758	0
5759	0
5760	0
5761	0
5762	0
5763	0
5764	0
5765	0
5766	0
5767	0
5768	0
5769	0
5770	0
5771	0
5772	0
5773	0
5774	0
5775	0
5776	0
5777	0
5778	0
5779	0
5780	0
5781	0
5782	0
5783	0
5784	0
5785	0
5786	0
5787	0
5788	0
5789	0
5790	0
5791	0
5792	0
5793	0
5794	0
5795	0
5796	0
5797	0
5798	0
5799	0
5800	0
5801	0
5802	0
5803	0
5804	0
5805	0
5806	0
5807	0
5808	0
5809	0
5810	0
5811	0
5812	0
5813	0
5814	0
5815	0
5816	0
5817	0
5818	0
5819	0
5820	0
5821	0
5822	0
5823	0
5824	0
5825	0
5826	0
5827	0
5828	0
5829	0
5830	0
5831	0
5832	0
5833	0
5834	0
5835	0
5836	0
5837	0
5838	0
5839	0
5840	0
5841	0
5842	0
5843	0
5844	0
5845	0
5846	0
5847	0
5848	0
5849	0
5850	0
5851	0
5852	0
5853	0
5854	0
5855	0
5856	0
5857	0
5858	0
5859	0
5860	0
5861	0
5862	0
5863	0
5864	0
5865	0
5866	0
5867	0
5868	0
5869	0
5870	0
5871	0
5872	0
5873	0
5874	0
5875	0
5876	0
5877	0
5878	0
5879	0
5880	0
5881	0
5882	0
5883	0
5884	0
5885	0
5886	0
5887	0
5888	0
5889	0
5890	0
5891	0
5892	0
5893	0
5894	0
5895	0
5896	0
5897	0
5898	0
5899	0
5900	0
5901	0
5902	0
5903	0
5904	0
5905	0
5906	0
5907	0
5908	0
5909	0
5910	0
5911	0
5912	0
5913	0
5914	0
5915	0
5916	0
5917	0
5918	0
5919	0
5920	0
5921	0
5922	0
5923	0
5924	0
5925	0
5926	0
5927	0
5928	0
5929	0
5930	0
5931	0
5932	0
5933	0
5934	0
5935	0
5936	0
5937	0
5938	0
5939	0
5940	0
5941	0
5942	0
5943	0
5944	0
5945	0
5946	0
5947	0
5948	0
5949	0
5950	0
5951	0
5952	0
5953	0
5954	0
5955	0
5956	0
5957	0
5958	0
5959	0
5960	0
5961	0
5962	0
5963	0
5964	0
5965	0
5966	0
5967	0
5968	0
5969	0
5970	0
5971	0
5972	0
5973	0
5974	0
5975	0
5976	0
5977	0
5978	0
5979	0
5980	0
5981	0
5982	0
5983	0
5984	0
5985	0
5986	0
5987	0
5988	0
5989	0
5990	0
5991	0
5992	0
5993	0
5994	0
5995	0
5996	0
5997	0
5998	0
5999	0
6000	0
6001	0
6002	0
6003	0
6004	0
6005	0
6006	0
6007	0
6008	0
6009	0
6010	0
6011	0
6012	0
6013	0
6014	0
6015	0
6016	0
6017	0
6018	0
6019	0
6020	0
6021	0
6022	0
6023	0
6024	0
6025	0
6026	0
6027	0
6028	0
6029	0
6030	0
6031	0
6032	0
6033	0
6034	0
6035	0
6036	0
6037	0
6038	0
6039	0
6040	0
6041	0
6042	0
6043	0
6044	0
6045	0
6046	0
6047	0
6048	0
6049	0
6050	0
6051	0
6052	0
6053	0
6054	0
6055	0
6056	0
6057	0
6058	0
6059	0
6060	0
6061	0
6062	0
6063	0
6064	0
6065	0
6066	0
6067	0
6068	0
6069	0
6070	0
6071	0
6072	0
6073	0
6074	0
6075	0
6076	0
6077	0
6078	0
6079	0
6080	0
6081	0
6082	0
6083	0
6084	0
6085	0
6086	0
6087	0
6088	0
6089	0
6090	0
6091	0
6092	0
6093	0
6094	0
6095	0
6096	0
6097	0
6098	0
6099	0
6100	0
6101	0
6102	0
6103	0
6104	0
6105	0
6106	0
6107	0
6108	0
6109	0
6110	0
6111	0
6112	0
6113	0
6114	0
6115	0
6116	0
6117	0
6118	0
6119	0
6120	0
6121	0
6122	0
6123	0
6124	0
6125	0
6126	0
6127	0
6128	0
6129	0
6130	0
6131	0
6132	0
6133	0
6134	0
6135	0
6136	0
6137	0
6138	0
6139	0
6140	0
6141	0
6142	0
6143	0
6144	0
6145	0
6146	0
6147	0
6148	0
6149	0
6150	0
6151	0
6152	0
6153	0
6154	0
6155	0
6156	0
6157	0
6158	0
6159	0
6160	0
6161	0
6162	0
6163	0
6164	0
6165	0
6166	0
6167	0
6168	0
6169	0
6170	0
6171	0
6172	0
6173	0
6174	0
6175	0
6176	0
6177	0
6178	0
6179	0
6180	0
6181	0
6182	0
6183	0
6184	0
6185	0
6186	0
6187	0
6188	0
6189	0
6190	0
6191	0
6192	0
6193	0
6194	0
6195	0
6196	0
6197	0
6198	0
6199	0
6200	0
6201	0
6202	0
6203	0
6204	0
6205	0
6206	0
6207	0
6208	0
6209	0
6210	0
6211	0
6212	0
6213	0
6214	0
6215	0
6216	0
6217	0
6218	0
6219	0
6220	0
6221	0
6222	0
6223	0
6224	0
6225	0
6226	0
6227	0
6228	0
6229	0
6230	0
6231	0
6232	0
6233	0
6234	0
6235	0
6236	0
6237	0
6238	0
6239	0
6240	0
6241	0
6242	0
6243	0
6244	0
6245	0
6246	0
6247	0
6248	0
6249	0
6250	0
6251	0
6252	0
6253	0
6254	0
6255	0
6256	0
6257	0
6258	0
6259	0
6260	0
6261	0
6262	0
6263	0
6264	0
6265	0
6266	0
6267	0
6268	0
6269	0
6270	0
6271	0
6272	0
6273	0
6274	0
6275	0
6276	0
6277	0
6278	0
6279	0
6280	0
6281	0
6282	0
6283	0
6284	0
6285	0
6286	0
6287	0
6288	0
6289	0
6290	0
6291	0
6292	0
6293	0
6294	0
6295	0
6296	0
6297	0
6298	0
6299	0
6300	0
6301	0
6302	0
6303	0
6304	0
6305	0
6306	0
6307	0
6308	0
6309	0
6310	0
6311	0
6312	0
6313	0
6314	0
6315	0
6316	0
6317	0
6318	0
6319	0
6320	0
6321	0
6322	0
6323	0
6324	0
6325	0
6326	0
6327	0
6328	0
6329	0
6330	0
6331	0
6332	0
6333	0
6334	0
6335	0
6336	0
6337	0
6338	0
6339	0
6340	0
6341	0
6342	0
6343	0
6344	0
6345	0
6346	0
6347	0
6348	0
6349	0
6350	0
6351	0
6352	0
6353	0
6354	0
6355	0
6356	0
6357	0
6358	0
6359	0
6360	0
6361	0
6362	0
6363	0
6364	0
6365	0
6366	0
6367	0
6368	0
6369	0
6370	0
6371	0
6372	0
6373	0
6374	0
6375	0
6376	0
6377	0
6378	0
6379	0
6380	0
6381	0
6382	0
6383	0
6384	0
6385	0
6386	0
6387	0
6388	0
6389	0
6390	0
6391	0
6392	0
6393	0
6394	0
6395	0
6396	0
6397	0
6398	0
6399	0
6400	0
6401	0
6402	0
6403	0
6404	0
6405	0
6406	0
6407	0
6408	0
6409	0
6410	0
6411	0
6412	0
6413	0
6414	0
6415	0
6416	0
6417	0
6418	0
6419	0
6420	0
6421	0
6422	0
6423	0
6424	0
6425	0
6426	0
6427	0
6428	0
6429	0
6430	0
6431	0
6432	0
6433	0
6434	0
6435	0
6436	0
6437	0
6438	0
6439	0
6440	0
6441	0
6442	0
6443	0
6444	0
6445	0
6446	0
6447	0
6448	0
6449	0
6450	0
6451	0
6452	0
6453	0
6454	0
6455	0
6456	0
6457	0
6458	0
6459	0
6460	0
6461	0
6462	0
6463	0
6464	0
6465	0
6466	0
6467	0
6468	0
6469	0
6470	0
6471	0
6472	0
6473	0
6474	0
6475	0
6476	0
6477	0
6478	0
6479	0
6480	0
6481	0
6482	0
6483	0
6484	0
6485	0
6486	0
6487	0
6488	0
6489	0
6490	0
6491	0
6492	0
6493	0
6494	0
6495	0
6496	0
6497	0
6498	0
6499	0
6500	0
6501	0
6502	0
6503	0
6504	0
6505	0
6506	0
6507	0
6508	0
6509	0
6510	0
6511	0
6512	0
6513	0
6514	0
6515	0
6516	0
6517	0
6518	0
6519	0
6520	0
6521	0
6522	0
6523	0
6524	0
6525	0
6526	0
6527	0
6528	0
6529	0
6530	0
6531	0
6532	0
6533	0
6534	0
6535	0
6536	0
6537	0
6538	0
6539	0
6540	0
6541	0
6542	0
6543	0
6544	0
6545	0
6546	0
6547	0
6548	0
6549	0
6550	0
6551	0
6552	0
6553	0
6554	0
6555	0
6556	0
6557	0
6558	0
6559	0
6560	0
6561	0
6562	0
6563	0
6564	0
6565	0
6566	0
6567	0
6568	0
6569	0
6570	0
6571	0
6572	0
6573	0
6574	0
6575	0
6576	0
6577	0
6578	0
6579	0
6580	0
6581	0
6582	0
6583	0
6584	0
6585	0
6586	0
6587	0
6588	0
6589	0
6590	0
6591	0
6592	0
6593	0
6594	0
6595	0
6596	0
6597	0
6598	0
6599	0
6600	0
6601	0
6602	0
6603	0
6604	0
6605	0
6606	0
6607	0
6608	0
6609	0
6610	0
6611	0
6612	0
6613	0
6614	0
6615	0
6616	0
6617	0
6618	0
6619	0
6620	0
6621	0
6622	0
6623	0
6624	0
6625	0
6626	0
6627	0
6628	0
6629	0
6630	0
6631	0
6632	0
6633	0
6634	0
6635	0
6636	0
6637	0
6638	0
6639	0
6640	0
6641	0
6642	0
6643	0
6644	0
6645	0
6646	0
6647	0
6648	0
6649	0
6650	0
6651	0
6652	0
6653	0
6654	0
6655	0
6656	0
6657	0
6658	0
6659	0
6660	0
6661	0
6662	0
6663	0
6664	0
6665	0
6666	0
6667	0
6668	0
6669	0
6670	0
6671	0
6672	0
6673	0
6674	0
6675	0
6676	0
6677	0
6678	0
6679	0
6680	0
6681	0
6682	0
6683	0
6684	0
6685	0
6686	0
6687	0
6688	0
6689	0
6690	0
6691	0
6692	0
6693	0
6694	0
6695	0
6696	0
6697	0
6698	0
6699	0
6700	0
6701	0
6702	0
6703	0
6704	0
6705	0
6706	0
6707	0
6708	0
6709	0
6710	0
6711	0
6712	0
6713	0
6714	0
6715	0
6716	0
6717	0
6718	0
6719	0
6720	0
6721	0
6722	0
6723	0
6724	0
6725	0
6726	0
6727	0
6728	0
6729	0
6730	0
6731	0
6732	0
6733	0
6734	0
6735	0
6736	0
6737	0
6738	0
6739	0
6740	0
6741	0
6742	0
6743	0
6744	0
6745	0
6746	0
6747	0
6748	0
6749	0
6750	0
6751	0
6752	0
6753	0
6754	0
6755	0
6756	0
6757	0
6758	0
6759	0
6760	0
6761	0
6762	0
6763	0
6764	0
6765	0
6766	0
6767	0
6768	0
6769	0
6770	0
6771	0
6772	0
6773	0
6774	0
6775	0
6776	0
6777	0
6778	0
6779	0
6780	0
6781	0
6782	0
6783	0
6784	0
6785	0
6786	0
6787	0
6788	0
6789	0
6790	0
6791	0
6792	0
6793	0
6794	0
6795	0
6796	0
6797	0
6798	0
6799	0
6800	0
6801	0
6802	0
6803	0
6804	0
6805	0
6806	0
6807	0
6808	0
6809	0
6810	0
6811	0
6812	0
6813	0
6814	0
6815	0
6816	0
6817	0
6818	0
6819	0
6820	0
6821	0
6822	0
6823	0
6824	0
6825	0
6826	0
6827	0
6828	0
6829	0
6830	0
6831	0
6832	0
6833	0
6834	0
6835	0
6836	0
6837	0
6838	0
6839	0
6840	0
6841	0
6842	0
6843	0
6844	0
6845	0
6846	0
6847	0
6848	0
6849	0
6850	0
6851	0
6852	0
6853	0
6854	0
6855	0
6856	0
6857	0
6858	0
6859	0
6860	0
6861	0
6862	0
6863	0
6864	0
6865	0
6866	0
6867	0
6868	0
6869	0
6870	0
6871	0
6872	0
6873	0
6874	0
6875	0
6876	0
6877	0
6878	0
6879	0
6880	0
6881	0
6882	0
6883	0
6884	0
6885	0
6886	0
6887	0
6888	0
6889	0
6890	0
6891	0
6892	0
6893	0
6894	0
6895	0
6896	0
6897	0
6898	0
6899	0
6900	0
6901	0
6902	0
6903	0
6904	0
6905	0
6906	0
6907	0
6908	0
6909	0
6910	0
6911	0
6912	0
6913	0
6914	0
6915	0
6916	0
6917	0
6918	0
6919	0
6920	0
6921	0
6922	0
6923	0
6924	0
6925	0
6926	0
6927	0
6928	0
6929	0
6930	0
6931	0
6932	0
6933	0
6934	0
6935	0
6936	0
6937	0
6938	0
6939	0
6940	0
6941	0
6942	0
6943	0
6944	0
6945	0
6946	0
6947	0
6948	0
6949	0
6950	0
6951	0
6952	0
6953	0
6954	0
6955	0
6956	0
6957	0
6958	0
6959	0
6960	0
6961	0
6962	0
6963	0
6964	0
6965	0
6966	0
6967	0
6968	0
6969	0
6970	0
6971	0
6972	0
6973	0
6974	0
6975	0
6976	0
6977	0
6978	0
6979	0
6980	0
6981	0
6982	0
6983	0
6984	0
6985	0
6986	0
6987	0
6988	0
6989	0
6990	0
6991	0
6992	0
6993	0
6994	0
6995	0
6996	0
6997	0
6998	0
6999	0
7000	0
7001	0
7002	0
7003	0
7004	0
7005	0
7006	0
7007	0
7008	0
7009	0
7010	0
7011	0
7012	0
7013	0
7014	0
7015	0
7016	0
7017	0
7018	0
7019	0
7020	0
7021	0
7022	0
7023	0
7024	0
7025	0
7026	0
7027	0
7028	0
7029	0
7030	0
7031	0
7032	0
7033	0
7034	0
7035	0
7036	0
7037	0
7038	0
7039	0
7040	0
7041	0
7042	0
7043	0
7044	0
7045	0
7046	0
7047	0
7048	0
7049	0
7050	0
7051	0
7052	0
7053	0
7054	0
7055	0
7056	0
7057	0
7058	0
7059	0
7060	0
7061	0
7062	0
7063	0
7064	0
7065	0
7066	0
7067	0
7068	0
7069	0
7070	0
7071	0
7072	0
7073	0
7074	0
7075	0
7076	0
7077	0
7078	0
7079	0
7080	0
7081	0
7082	0
7083	0
7084	0
7085	0
7086	0
7087	0
7088	0
7089	0
7090	0
7091	0
7092	0
7093	0
7094	0
7095	0
7096	0
7097	0
7098	0
7099	0
7100	0
7101	0
7102	0
7103	0
7104	0
7105	0
7106	0
7107	0
7108	0
7109	0
7110	0
7111	0
7112	0
7113	0
7114	0
7115	0
7116	0
7117	0
7118	0
7119	0
7120	0
7121	0
7122	0
7123	0
7124	0
7125	0
7126	0
7127	0
7128	0
7129	0
7130	0
7131	0
7132	0
7133	0
7134	0
7135	0
7136	0
7137	0
7138	0
7139	0
7140	0
7141	0
7142	0
7143	0
7144	0
7145	0
7146	0
7147	0
7148	0
7149	0
7150	0
7151	0
7152	0
7153	0
7154	0
7155	0
7156	0
7157	0
7158	0
7159	0
7160	0
7161	0
7162	0
7163	0
7164	0
7165	0
7166	0
7167	0
7168	0
7169	0
7170	0
7171	0
7172	0
7173	0
7174	0
7175	0
7176	0
7177	0
7178	0
7179	0
7180	0
7181	0
7182	0
7183	0
7184	0
7185	0
7186	0
7187	0
7188	0
7189	0
7190	0
7191	0
7192	0
7193	0
7194	0
7195	0
7196	0
7197	0
7198	0
7199	0
7200	0
7201	0
7202	0
7203	0
7204	0
7205	0
7206	0
7207	0
7208	0
7209	0
7210	0
7211	0
7212	0
7213	0
7214	0
7215	0
7216	0
7217	0
7218	0
7219	0
7220	0
7221	0
7222	0
7223	0
7224	0
7225	0
7226	0
7227	0
7228	0
7229	0
7230	0
7231	0
7232	0
7233	0
7234	0
7235	0
7236	0
7237	0
7238	0
7239	0
7240	0
7241	0
7242	0
7243	0
7244	0
7245	0
7246	0
7247	0
7248	0
7249	0
7250	0
7251	0
7252	0
7253	0
7254	0
7255	0
7256	0
7257	0
7258	0
7259	0
7260	0
7261	0
7262	0
7263	0
7264	0
7265	0
7266	0
7267	0
7268	0
7269	0
7270	0
7271	0
7272	0
7273	0
7274	0
7275	0
7276	0
7277	0
7278	0
7279	0
7280	0
7281	0
7282	0
7283	0
7284	0
7285	0
7286	0
7287	0
7288	0
7289	0
7290	0
7291	0
7292	0
7293	0
7294	0
7295	0
7296	0
7297	0
7298	0
7299	0
7300	0
7301	0
7302	0
7303	0
7304	0
7305	0
7306	0
7307	0
7308	0
7309	0
7310	0
7311	0
7312	0
7313	0
7314	0
7315	0
7316	0
7317	0
7318	0
7319	0
7320	0
7321	0
7322	0
7323	0
7324	0
7325	0
7326	0
7327	0
7328	0
7329	0
7330	0
7331	0
7332	0
7333	0
7334	0
7335	0
7336	0
7337	0
7338	0
7339	0
7340	0
7341	0
7342	0
7343	0
7344	0
7345	0
7346	0
7347	0
7348	0
7349	0
7350	0
7351	0
7352	0
7353	0
7354	0
7355	0
7356	0
7357	0
7358	0
7359	0
7360	0
7361	0
7362	0
7363	0
7364	0
7365	0
7366	0
7367	0
7368	0
7369	0
7370	0
7371	0
7372	0
7373	0
7374	0
7375	0
7376	0
7377	0
7378	0
7379	0
7380	0
7381	0
7382	0
7383	0
7384	0
7385	0
7386	0
7387	0
7388	0
7389	0
7390	0
7391	0
7392	0
7393	0
7394	0
7395	0
7396	0
7397	0
7398	0
7399	0
7400	0
7401	0
7402	0
7403	0
7404	0
7405	0
7406	0
7407	0
7408	0
7409	0
7410	0
7411	0
7412	0
7413	0
7414	0
7415	0
7416	0
7417	0
7418	0
7419	0
7420	0
7421	0
7422	0
7423	0
7424	0
7425	0
7426	0
7427	0
7428	0
7429	0
7430	0
7431	0
7432	0
7433	0
7434	0
7435	0
7436	0
7437	0
7438	0
7439	0
7440	0
7441	0
7442	0
7443	0
7444	0
7445	0
7446	0
7447	0
7448	0
7449	0
7450	0
7451	0
7452	0
7453	0
7454	0
7455	0
7456	0
7457	0
7458	0
7459	0
7460	0
7461	0
7462	0
7463	0
7464	0
7465	0
7466	0
7467	0
7468	0
7469	0
7470	0
7471	0
7472	0
7473	0
7474	0
7475	0
7476	0
7477	0
7478	0
7479	0
7480	0
7481	0
7482	0
7483	0
7484	0
7485	0
7486	0
7487	0
7488	0
7489	0
7490	0
7491	0
7492	0
7493	0
7494	0
7495	0
7496	0
7497	0
7498	0
7499	0
7500	0
7501	0
7502	0
7503	0
7504	0
7505	0
7506	0
7507	0
7508	0
7509	0
7510	0
7511	0
7512	0
7513	0
7514	0
7515	0
7516	0
7517	0
7518	0
7519	0
7520	0
7521	0
7522	0
7523	0
7524	0
7525	0
7526	0
7527	0
7528	0
7529	0
7530	0
7531	0
7532	0
7533	0
7534	0
7535	0
7536	0
7537	0
7538	0
7539	0
7540	0
7541	0
7542	0
7543	0
7544	0
7545	0
7546	0
7547	0
7548	0
7549	0
7550	0
7551	0
7552	0
7553	0
7554	0
7555	0
7556	0
7557	0
7558	0
7559	0
7560	0
7561	0
7562	0
7563	0
7564	0
7565	0
7566	0
7567	0
7568	0
7569	0
7570	0
7571	0
7572	0
7573	0
7574	0
7575	0
7576	0
7577	0
7578	0
7579	0
7580	0
7581	0
7582	0
7583	0
7584	0
7585	0
7586	0
7587	0
7588	0
7589	0
7590	0
7591	0
7592	0
7593	0
7594	0
7595	0
7596	0
7597	0
7598	0
7599	0
7600	0
7601	0
7602	0
7603	0
7604	0
7605	0
7606	0
7607	0
7608	0
7609	0
7610	0
7611	0
7612	0
7613	0
7614	0
7615	0
7616	0
7617	0
7618	0
7619	0
7620	0
7621	0
7622	0
7623	0
7624	0
7625	0
7626	0
7627	0
7628	0
7629	0
7630	0
7631	0
7632	0
7633	0
7634	0
7635	0
7636	0
7637	0
7638	0
7639	0
7640	0
7641	0
7642	0
7643	0
7644	0
7645	0
7646	0
7647	0
7648	0
7649	0
7650	0
7651	0
7652	0
7653	0
7654	0
7655	0
7656	0
7657	0
7658	0
7659	0
7660	0
7661	0
7662	0
7663	0
7664	0
7665	0
7666	0
7667	0
7668	0
7669	0
7670	0
7671	0
7672	0
7673	0
7674	0
7675	0
7676	0
7677	0
7678	0
7679	0
7680	0
7681	0
7682	0
7683	0
7684	0
7685	0
7686	0
7687	0
7688	0
7689	0
7690	0
7691	0
7692	0
7693	0
7694	0
7695	0
7696	0
7697	0
7698	0
7699	0
7700	0
7701	0
7702	0
7703	0
7704	0
7705	0
7706	0
7707	0
7708	0
7709	0
7710	0
7711	0
7712	0
7713	0
7714	0
7715	0
7716	0
7717	0
7718	0
7719	0
7720	0
7721	0
7722	0
7723	0
7724	0
7725	0
7726	0
7727	0
7728	0
7729	0
7730	0
7731	0
7732	0
7733	0
7734	0
7735	0
7736	0
7737	0
7738	0
7739	0
7740	0
7741	0
7742	0
7743	0
7744	0
7745	0
7746	0
7747	0
7748	0
7749	0
7750	0
7751	0
7752	0
7753	0
7754	0
7755	0
7756	0
7757	0
7758	0
7759	0
7760	0
7761	0
7762	0
7763	0
7764	0
7765	0
7766	0
7767	0
7768	0
7769	0
7770	0
7771	0
7772	0
7773	0
7774	0
7775	0
7776	0
7777	0
7778	0
7779	0
7780	0
7781	0
7782	0
7783	0
7784	0
7785	0
7786	0
7787	0
7788	0
7789	0
7790	0
7791	0
7792	0
7793	0
7794	0
7795	0
7796	0
7797	0
7798	0
7799	0
7800	0
7801	0
7802	0
7803	0
7804	0
7805	0
7806	0
7807	0
7808	0
7809	0
7810	0
7811	0
7812	0
7813	0
7814	0
7815	0
7816	0
7817	0
7818	0
7819	0
7820	0
7821	0
7822	0
7823	0
7824	0
7825	0
7826	0
7827	0
7828	0
7829	0
7830	0
7831	0
7832	0
7833	0
7834	0
7835	0
7836	0
7837	0
7838	0
7839	0
7840	0
7841	0
7842	0
7843	0
7844	0
7845	0
7846	0
7847	0
7848	0
7849	0
7850	0
7851	0
7852	0
7853	0
7854	0
7855	0
7856	0
7857	0
7858	0
7859	0
7860	0
7861	0
7862	0
7863	0
7864	0
7865	0
7866	0
7867	0
7868	0
7869	0
7870	0
7871	0
7872	0
7873	0
7874	0
7875	0
7876	0
7877	0
7878	0
7879	0
7880	0
7881	0
7882	0
7883	0
7884	0
7885	0
7886	0
7887	0
7888	0
7889	0
7890	0
7891	0
7892	0
7893	0
7894	0
7895	0
7896	0
7897	0
7898	0
7899	0
7900	0
7901	0
7902	0
7903	0
7904	0
7905	0
7906	0
7907	0
7908	0
7909	0
7910	0
7911	0
7912	0
7913	0
7914	0
7915	0
7916	0
7917	0
7918	0
7919	0
7920	0
7921	0
7922	0
7923	0
7924	0
7925	0
7926	0
7927	0
7928	0
7929	0
7930	0
7931	0
7932	0
7933	0
7934	0
7935	0
7936	0
7937	0
7938	0
7939	0
7940	0
7941	0
7942	0
7943	0
7944	0
7945	0
7946	0
7947	0
7948	0
7949	0
7950	0
7951	0
7952	0
7953	0
7954	0
7955	0
7956	0
7957	0
7958	0
7959	0
7960	0
7961	0
7962	0
7963	0
7964	0
7965	0
7966	0
7967	0
7968	0
7969	0
7970	0
7971	0
7972	0
7973	0
7974	0
7975	0
7976	0
7977	0
7978	0
7979	0
7980	0
7981	0
7982	0
7983	0
7984	0
7985	0
7986	0
7987	0
7988	0
7989	0
7990	0
7991	0
7992	0
7993	0
7994	0
7995	0
7996	0
7997	0
7998	0
7999	0
8000	0
8001	0
8002	0
8003	0
8004	0
8005	0
8006	0
8007	0
8008	0
8009	0
8010	0
8011	0
8012	0
8013	0
8014	0
8015	0
8016	0
8017	0
8018	0
8019	0
8020	0
8021	0
8022	0
8023	0
8024	0
8025	0
8026	0
8027	0
8028	0
8029	0
8030	0
8031	0
8032	0
8033	0
8034	0
8035	0
8036	0
8037	0
8038	0
8039	0
8040	0
8041	0
8042	0
8043	0
8044	0
8045	0
8046	0
8047	0
8048	0
8049	0
8050	0
8051	0
8052	0
8053	0
8054	0
8055	0
8056	0
8057	0
8058	0
8059	0
8060	0
8061	0
8062	0
8063	0
8064	0
8065	0
8066	0
8067	0
8068	0
8069	0
8070	0
8071	0
8072	0
8073	0
8074	0
8075	0
8076	0
8077	0
8078	0
8079	0
8080	0
8081	0
8082	0
8083	0
8084	0
8085	0
8086	0
8087	0
8088	0
8089	0
8090	0
8091	0
8092	0
8093	0
8094	0
8095	0
8096	0
8097	0
8098	0
8099	0
8100	0
8101	0
8102	0
8103	0
8104	0
8105	0
8106	0
8107	0
8108	0
8109	0
8110	0
8111	0
8112	0
8113	0
8114	0
8115	0
8116	0
8117	0
8118	0
8119	0
8120	0
8121	0
8122	0
8123	0
8124	0
8125	0
8126	0
8127	0
8128	0
8129	0
8130	0
8131	0
8132	0
8133	0
8134	0
8135	0
8136	0
8137	0
8138	0
8139	0
8140	0
8141	0
8142	0
8143	0
8144	0
8145	0
8146	0
8147	0
8148	0
8149	0
8150	0
8151	0
8152	0
8153	0
8154	0
8155	0
8156	0
8157	0
8158	0
8159	0
8160	0
8161	0
8162	0
8163	0
8164	0
8165	0
8166	0
8167	0
8168	0
8169	0
8170	0
8171	0
8172	0
8173	0
8174	0
8175	0
8176	0
8177	0
8178	0
8179	0
8180	0
8181	0
8182	0
8183	0
8184	0
8185	0
8186	0
8187	0
8188	0
8189	0
8190	0
8191	0
8192	0
