SHIFR=
TLIVE=100.0
TREAL=100.0
SPECTRTXT=8192
1	34
2	49
3	45
4	60
5	42
6	48
7	38
8	49
9	46
10	44
11	52
12	52
13	53
14	53
15	41
16	43
17	41
18	58
19	61
20	45
21	49
22	37
23	40
24	53
25	46
26	55
27	51
28	52
29	45
30	58
31	65
32	43
33	38
34	39
35	40
36	53
37	49
38	50
39	55
40	51
41	65
42	52
43	44
44	34
45	48
46	35
47	56
48	57
49	36
50	61
51	44
52	51
53	49
54	49
55	42
56	48
57	49
58	42
59	47
60	64
61	59
62	42
63	55
64	49
65	46
66	41
67	53
68	56
69	49
70	42
71	44
72	43
73	36
74	47
75	59
76	48
77	53
78	60
79	47
80	48
81	46
82	48
83	55
84	48
85	48
86	45
87	35
88	40
89	47
90	47
91	36
92	45
93	27
94	30
95	31
96	38
97	40
98	37
99	37
100	39
101	34
102	43
103	46
104	54
105	57
106	56
107	38
108	51
109	40
110	47
111	58
112	49
113	54
114	61
115	51
116	41
117	43
118	34
119	38
120	48
121	35
122	49
123	39
124	40
125	42
126	49
127	50
128	38
129	48
130	40
131	40
132	36
133	51
134	56
135	56
136	47
137	55
138	61
139	46
140	40
141	34
142	44
143	46
144	45
145	42
146	46
147	41
148	36
149	43
150	45
151	42
152	48
153	50
154	40
155	48
156	37
157	41
158	38
159	54
160	59
161	53
162	53
163	51
164	42
165	55
166	57
167	49
168	48
169	44
170	63
171	58
172	46
173	60
174	61
175	44
176	37
177	43
178	42
179	38
180	57
181	48
182	54
183	50
184	43
185	42
186	54
187	57
188	60
189	56
190	48
191	59
192	49
193	64
194	49
195	34
196	40
197	53
198	49
199	50
200	49
201	42
202	65
203	56
204	51
205	56
206	61
207	54
208	62
209	46
210	50
211	58
212	68
213	62
214	42
215	38
216	64
217	59
218	39
219	42
220	60
221	55
222	45
223	41
224	42
225	53
226	40
227	42
228	52
229	42
230	34
231	44
232	30
233	40
234	50
235	39
236	51
237	50
238	40
239	33
240	39
241	50
242	42
243	57
244	48
245	49
246	53
247	54
248	54
249	55
250	42
251	44
252	47
253	41
254	45
255	46
256	40
257	51
258	43
259	53
260	52
261	41
262	54
263	30
264	38
265	51
266	51
267	45
268	50
269	52
270	36
271	47
272	43
273	49
274	40
275	36
276	41
277	41
278	46
279	47
280	48
281	49
282	52
283	50
284	49
285	52
286	41
287	43
288	53
289	46
290	53
291	51
292	50
293	42
294	39
295	42
296	43
297	40
298	47
299	38
300	40
301	33
302	45
303	53
304	42
305	49
306	50
307	42
308	39
309	45
310	35
311	57
312	56
313	43
314	53
315	38
316	32
317	54
318	50
319	53
320	46
321	54
322	54
323	43
324	44
325	36
326	26
327	57
328	47
329	43
330	44
331	43
332	48
333	40
334	42
335	37
336	50
337	50
338	54
339	42
340	49
341	46
342	37
343	37
344	52
345	43
346	52
347	51
348	54
349	53
350	54
351	48
352	38
353	53
354	46
355	49
356	51
357	39
358	53
359	50
360	42
361	35
362	40
363	53
364	48
365	45
366	56
367	51
368	45
369	37
370	46
371	41
372	43
373	36
374	44
375	58
376	48
377	52
378	47
379	39
380	51
381	38
382	41
383	40
384	49
385	41
386	49
387	47
388	42
389	64
390	49
391	48
392	56
393	52
394	36
395	36
396	42
397	45
398	56
399	44
400	52
401	44
402	46
403	49
404	44
405	60
406	42
407	35
408	53
409	43
410	37
411	59
412	61
413	53
414	52
415	47
416	44
417	56
418	47
419	40
420	49
421	42
422	42
423	44
424	39
425	41
426	42
427	40
428	56
429	50
430	50
431	45
432	38
433	50
434	41
435	45
436	47
437	51
438	44
439	48
440	37
441	45
442	38
443	47
444	48
445	47
446	50
447	46
448	45
449	59
450	52
451	51
452	52
453	41
454	47
455	45
456	50
457	57
458	38
459	54
460	44
461	40
462	39
463	45
464	56
465	51
466	52
467	46
468	48
469	42
470	55
471	46
472	67
473	50
474	47
475	43
476	45
477	41
478	41
479	45
480	37
481	41
482	57
483	46
484	54
485	40
486	48
487	47
488	51
489	53
490	50
491	56
492	52
493	61
494	51
495	53
496	56
497	47
498	40
499	51
500	54
501	51
502	34
503	53
504	43
505	51
506	48
507	49
508	47
509	55
510	40
511	66
512	43
513	45
514	41
515	54
516	49
517	51
518	57
519	34
520	46
521	48
522	52
523	50
524	31
525	47
526	39
527	54
528	60
529	46
530	52
531	47
532	43
533	43
534	61
535	40
536	51
537	51
538	43
539	47
540	48
541	50
542	41
543	51
544	47
545	40
546	40
547	46
548	51
549	48
550	44
551	48
552	54
553	59
554	52
555	63
556	51
557	53
558	40
559	44
560	54
561	45
562	57
563	63
564	40
565	57
566	41
567	42
568	52
569	46
570	42
571	43
572	52
573	60
574	52
575	57
576	56
577	54
578	60
579	61
580	48
581	57
582	48
583	62
584	58
585	68
586	64
587	68
588	55
589	73
590	74
591	50
592	50
593	57
594	73
595	60
596	73
597	59
598	61
599	47
600	59
601	64
602	58
603	53
604	51
605	59
606	58
607	51
608	49
609	57
610	60
611	44
612	64
613	50
614	51
615	59
616	54
617	69
618	52
619	62
620	60
621	49
622	63
623	63
624	47
625	60
626	52
627	57
628	60
629	53
630	57
631	55
632	54
633	37
634	55
635	46
636	43
637	54
638	55
639	57
640	57
641	68
642	59
643	55
644	58
645	54
646	53
647	54
648	62
649	60
650	51
651	49
652	50
653	37
654	47
655	55
656	48
657	47
658	52
659	48
660	53
661	55
662	61
663	39
664	52
665	29
666	39
667	55
668	42
669	39
670	52
671	55
672	46
673	51
674	50
675	62
676	51
677	61
678	72
679	53
680	52
681	38
682	41
683	34
684	41
685	36
686	53
687	42
688	53
689	45
690	50
691	64
692	62
693	66
694	53
695	54
696	33
697	49
698	55
699	64
700	52
701	51
702	54
703	45
704	46
705	44
706	47
707	55
708	39
709	33
710	44
711	46
712	39
713	59
714	52
715	50
716	49
717	46
718	49
719	53
720	45
721	46
722	46
723	57
724	50
725	58
726	50
727	48
728	63
729	50
730	54
731	45
732	46
733	43
734	45
735	38
736	43
737	39
738	48
739	60
740	35
741	48
742	53
743	56
744	37
745	48
746	58
747	61
748	42
749	41
750	52
751	59
752	38
753	42
754	44
755	52
756	35
757	44
758	43
759	45
760	41
761	54
762	43
763	41
764	52
765	49
766	44
767	45
768	53
769	54
770	53
771	57
772	44
773	47
774	46
775	50
776	52
777	48
778	33
779	35
780	45
781	40
782	45
783	35
784	49
785	46
786	41
787	52
788	55
789	46
790	57
791	48
792	40
793	54
794	44
795	38
796	35
797	42
798	46
799	38
800	41
801	47
802	50
803	58
804	56
805	40
806	47
807	41
808	47
809	54
810	49
811	52
812	56
813	60
814	58
815	62
816	46
817	46
818	60
819	50
820	55
821	43
822	50
823	44
824	51
825	53
826	53
827	50
828	33
829	40
830	37
831	41
832	44
833	46
834	48
835	58
836	46
837	41
838	52
839	61
840	46
841	51
842	44
843	54
844	44
845	56
846	50
847	63
848	53
849	53
850	61
851	45
852	49
853	40
854	53
855	47
856	40
857	37
858	45
859	40
860	40
861	47
862	42
863	47
864	51
865	45
866	49
867	68
868	45
869	56
870	48
871	46
872	55
873	47
874	50
875	63
876	44
877	48
878	38
879	54
880	51
881	47
882	45
883	42
884	37
885	54
886	42
887	46
888	36
889	40
890	38
891	45
892	33
893	42
894	35
895	44
896	46
897	40
898	55
899	58
900	54
901	46
902	40
903	43
904	56
905	48
906	52
907	45
908	60
909	43
910	38
911	46
912	50
913	62
914	29
915	46
916	41
917	40
918	55
919	56
920	76
921	44
922	47
923	51
924	25
925	43
926	49
927	35
928	43
929	45
930	48
931	47
932	40
933	35
934	38
935	39
936	49
937	44
938	44
939	37
940	50
941	48
942	55
943	57
944	44
945	48
946	47
947	39
948	49
949	43
950	52
951	34
952	39
953	51
954	59
955	54
956	49
957	47
958	48
959	52
960	56
961	62
962	47
963	50
964	48
965	46
966	39
967	45
968	43
969	43
970	42
971	42
972	47
973	42
974	56
975	38
976	42
977	38
978	44
979	47
980	43
981	35
982	38
983	39
984	49
985	45
986	54
987	42
988	43
989	32
990	38
991	46
992	37
993	45
994	49
995	37
996	46
997	41
998	41
999	55
1000	38
1001	41
1002	36
1003	49
1004	43
1005	48
1006	55
1007	52
1008	35
1009	27
1010	50
1011	38
1012	43
1013	36
1014	37
1015	38
1016	49
1017	49
1018	39
1019	42
1020	55
1021	53
1022	52
1023	52
1024	49
1025	51
1026	45
1027	51
1028	45
1029	51
1030	50
1031	41
1032	42
1033	38
1034	33
1035	44
1036	43
1037	42
1038	42
1039	34
1040	41
1041	54
1042	43
1043	60
1044	52
1045	56
1046	53
1047	43
1048	48
1049	49
1050	43
1051	50
1052	50
1053	30
1054	53
1055	47
1056	50
1057	43
1058	35
1059	33
1060	61
1061	41
1062	43
1063	43
1064	48
1065	38
1066	35
1067	39
1068	62
1069	41
1070	33
1071	42
1072	39
1073	38
1074	43
1075	43
1076	21
1077	38
1078	42
1079	46
1080	38
1081	40
1082	45
1083	50
1084	33
1085	43
1086	43
1087	48
1088	45
1089	39
1090	55
1091	41
1092	39
1093	40
1094	41
1095	34
1096	40
1097	48
1098	51
1099	44
1100	53
1101	47
1102	51
1103	36
1104	54
1105	45
1106	58
1107	54
1108	36
1109	40
1110	32
1111	48
1112	48
1113	45
1114	36
1115	37
1116	42
1117	51
1118	41
1119	38
1120	35
1121	42
1122	36
1123	50
1124	38
1125	43
1126	45
1127	38
1128	38
1129	45
1130	33
1131	42
1132	44
1133	57
1134	44
1135	49
1136	43
1137	41
1138	53
1139	36
1140	48
1141	47
1142	44
1143	29
1144	37
1145	38
1146	37
1147	32
1148	39
1149	47
1150	46
1151	42
1152	46
1153	35
1154	49
1155	48
1156	54
1157	45
1158	41
1159	41
1160	42
1161	39
1162	44
1163	37
1164	31
1165	41
1166	36
1167	51
1168	46
1169	46
1170	56
1171	50
1172	48
1173	55
1174	44
1175	33
1176	45
1177	47
1178	48
1179	50
1180	40
1181	39
1182	31
1183	51
1184	34
1185	37
1186	39
1187	43
1188	50
1189	63
1190	50
1191	36
1192	41
1193	40
1194	42
1195	39
1196	43
1197	44
1198	36
1199	56
1200	54
1201	46
1202	53
1203	48
1204	40
1205	50
1206	34
1207	60
1208	35
1209	35
1210	37
1211	35
1212	42
1213	47
1214	45
1215	36
1216	39
1217	41
1218	43
1219	40
1220	36
1221	41
1222	45
1223	31
1224	45
1225	40
1226	48
1227	42
1228	37
1229	55
1230	43
1231	43
1232	38
1233	41
1234	45
1235	36
1236	43
1237	34
1238	45
1239	41
1240	37
1241	54
1242	47
1243	39
1244	44
1245	40
1246	39
1247	42
1248	32
1249	37
1250	48
1251	34
1252	40
1253	47
1254	43
1255	40
1256	51
1257	41
1258	33
1259	44
1260	47
1261	37
1262	43
1263	31
1264	37
1265	45
1266	53
1267	51
1268	49
1269	37
1270	49
1271	48
1272	36
1273	43
1274	50
1275	54
1276	52
1277	37
1278	55
1279	39
1280	51
1281	43
1282	46
1283	38
1284	44
1285	38
1286	36
1287	38
1288	36
1289	40
1290	40
1291	38
1292	42
1293	48
1294	33
1295	51
1296	44
1297	41
1298	38
1299	41
1300	33
1301	48
1302	47
1303	46
1304	44
1305	42
1306	51
1307	50
1308	48
1309	54
1310	42
1311	45
1312	42
1313	36
1314	44
1315	45
1316	49
1317	37
1318	32
1319	30
1320	47
1321	40
1322	42
1323	33
1324	53
1325	44
1326	35
1327	64
1328	45
1329	59
1330	47
1331	45
1332	46
1333	47
1334	39
1335	39
1336	41
1337	48
1338	34
1339	44
1340	34
1341	50
1342	36
1343	42
1344	38
1345	53
1346	59
1347	44
1348	44
1349	34
1350	51
1351	40
1352	39
1353	37
1354	54
1355	49
1356	57
1357	56
1358	42
1359	48
1360	48
1361	54
1362	37
1363	62
1364	53
1365	48
1366	50
1367	44
1368	45
1369	46
1370	49
1371	52
1372	35
1373	44
1374	41
1375	36
1376	45
1377	31
1378	52
1379	47
1380	40
1381	32
1382	32
1383	43
1384	36
1385	43
1386	45
1387	41
1388	46
1389	44
1390	45
1391	53
1392	50
1393	60
1394	43
1395	41
1396	46
1397	52
1398	43
1399	44
1400	45
1401	36
1402	31
1403	35
1404	40
1405	43
1406	49
1407	52
1408	44
1409	30
1410	41
1411	35
1412	43
1413	42
1414	30
1415	40
1416	41
1417	42
1418	37
1419	49
1420	47
1421	53
1422	46
1423	56
1424	40
1425	47
1426	49
1427	38
1428	45
1429	35
1430	41
1431	31
1432	39
1433	40
1434	33
1435	54
1436	39
1437	54
1438	47
1439	46
1440	34
1441	44
1442	58
1443	48
1444	56
1445	51
1446	52
1447	46
1448	46
1449	47
1450	42
1451	43
1452	45
1453	45
1454	56
1455	44
1456	31
1457	38
1458	47
1459	44
1460	45
1461	44
1462	45
1463	43
1464	42
1465	38
1466	35
1467	33
1468	47
1469	51
1470	61
1471	44
1472	48
1473	50
1474	51
1475	49
1476	40
1477	40
1478	40
1479	50
1480	48
1481	39
1482	32
1483	33
1484	34
1485	31
1486	28
1487	41
1488	33
1489	53
1490	53
1491	36
1492	40
1493	32
1494	49
1495	47
1496	50
1497	49
1498	43
1499	34
1500	52
1501	42
1502	51
1503	48
1504	37
1505	35
1506	40
1507	52
1508	41
1509	40
1510	47
1511	40
1512	40
1513	38
1514	39
1515	40
1516	33
1517	38
1518	35
1519	31
1520	50
1521	48
1522	47
1523	54
1524	58
1525	41
1526	42
1527	43
1528	41
1529	45
1530	32
1531	44
1532	47
1533	48
1534	39
1535	40
1536	41
1537	38
1538	42
1539	37
1540	42
1541	35
1542	36
1543	51
1544	42
1545	35
1546	30
1547	35
1548	39
1549	29
1550	41
1551	35
1552	43
1553	39
1554	36
1555	33
1556	40
1557	40
1558	46
1559	43
1560	40
1561	48
1562	33
1563	49
1564	43
1565	43
1566	51
1567	58
1568	47
1569	45
1570	55
1571	39
1572	48
1573	50
1574	42
1575	50
1576	53
1577	50
1578	40
1579	61
1580	55
1581	45
1582	40
1583	33
1584	47
1585	44
1586	51
1587	50
1588	54
1589	46
1590	34
1591	49
1592	44
1593	32
1594	44
1595	41
1596	45
1597	38
1598	48
1599	48
1600	50
1601	31
1602	42
1603	50
1604	43
1605	35
1606	40
1607	46
1608	50
1609	54
1610	46
1611	53
1612	57
1613	50
1614	48
1615	40
1616	45
1617	50
1618	36
1619	37
1620	56
1621	41
1622	39
1623	40
1624	43
1625	44
1626	39
1627	34
1628	48
1629	36
1630	39
1631	53
1632	59
1633	45
1634	43
1635	60
1636	58
1637	47
1638	57
1639	57
1640	67
1641	56
1642	45
1643	48
1644	47
1645	57
1646	53
1647	38
1648	49
1649	38
1650	53
1651	41
1652	38
1653	41
1654	37
1655	47
1656	42
1657	39
1658	49
1659	53
1660	48
1661	44
1662	48
1663	48
1664	37
1665	50
1666	55
1667	51
1668	45
1669	35
1670	51
1671	51
1672	55
1673	53
1674	45
1675	62
1676	58
1677	53
1678	42
1679	45
1680	54
1681	42
1682	44
1683	47
1684	45
1685	30
1686	48
1687	45
1688	41
1689	42
1690	51
1691	52
1692	43
1693	47
1694	50
1695	48
1696	47
1697	52
1698	51
1699	35
1700	38
1701	41
1702	31
1703	32
1704	38
1705	37
1706	45
1707	61
1708	51
1709	40
1710	42
1711	40
1712	58
1713	46
1714	50
1715	42
1716	38
1717	35
1718	44
1719	40
1720	31
1721	24
1722	46
1723	49
1724	45
1725	47
1726	37
1727	41
1728	40
1729	39
1730	52
1731	54
1732	49
1733	42
1734	49
1735	43
1736	38
1737	54
1738	50
1739	47
1740	45
1741	30
1742	52
1743	51
1744	53
1745	48
1746	44
1747	46
1748	45
1749	55
1750	41
1751	50
1752	48
1753	49
1754	39
1755	40
1756	47
1757	46
1758	45
1759	49
1760	41
1761	43
1762	52
1763	48
1764	53
1765	47
1766	55
1767	31
1768	51
1769	38
1770	47
1771	43
1772	43
1773	30
1774	47
1775	45
1776	40
1777	56
1778	34
1779	53
1780	30
1781	46
1782	41
1783	33
1784	46
1785	62
1786	48
1787	50
1788	50
1789	40
1790	55
1791	33
1792	36
1793	50
1794	42
1795	48
1796	45
1797	31
1798	49
1799	52
1800	52
1801	46
1802	60
1803	48
1804	45
1805	43
1806	46
1807	55
1808	46
1809	53
1810	39
1811	42
1812	44
1813	38
1814	51
1815	45
1816	49
1817	44
1818	39
1819	36
1820	44
1821	41
1822	39
1823	43
1824	39
1825	40
1826	51
1827	35
1828	42
1829	51
1830	45
1831	51
1832	44
1833	43
1834	34
1835	39
1836	51
1837	54
1838	44
1839	53
1840	45
1841	53
1842	48
1843	43
1844	47
1845	52
1846	55
1847	49
1848	51
1849	34
1850	46
1851	56
1852	42
1853	35
1854	55
1855	52
1856	41
1857	50
1858	51
1859	35
1860	39
1861	41
1862	40
1863	49
1864	56
1865	43
1866	46
1867	50
1868	40
1869	59
1870	41
1871	55
1872	45
1873	50
1874	47
1875	57
1876	40
1877	29
1878	46
1879	42
1880	38
1881	50
1882	48
1883	31
1884	52
1885	50
1886	42
1887	40
1888	49
1889	47
1890	41
1891	41
1892	47
1893	27
1894	38
1895	32
1896	49
1897	42
1898	50
1899	47
1900	40
1901	48
1902	52
1903	37
1904	62
1905	40
1906	46
1907	47
1908	54
1909	64
1910	53
1911	51
1912	54
1913	51
1914	50
1915	49
1916	58
1917	43
1918	51
1919	59
1920	62
1921	40
1922	31
1923	52
1924	61
1925	45
1926	40
1927	41
1928	40
1929	57
1930	40
1931	26
1932	54
1933	30
1934	50
1935	48
1936	39
1937	52
1938	51
1939	51
1940	54
1941	64
1942	48
1943	41
1944	49
1945	57
1946	33
1947	45
1948	41
1949	39
1950	55
1951	50
1952	38
1953	60
1954	59
1955	53
1956	57
1957	47
1958	55
1959	43
1960	55
1961	52
1962	50
1963	47
1964	59
1965	41
1966	38
1967	50
1968	25
1969	55
1970	50
1971	43
1972	43
1973	50
1974	61
1975	60
1976	53
1977	44
1978	34
1979	49
1980	54
1981	55
1982	46
1983	49
1984	58
1985	49
1986	36
1987	33
1988	47
1989	49
1990	41
1991	41
1992	36
1993	51
1994	50
1995	46
1996	33
1997	37
1998	46
1999	60
2000	53
2001	58
2002	49
2003	38
2004	48
2005	43
2006	43
2007	41
2008	56
2009	45
2010	42
2011	39
2012	42
2013	49
2014	50
2015	50
2016	54
2017	55
2018	37
2019	53
2020	44
2021	48
2022	61
2023	43
2024	41
2025	45
2026	52
2027	45
2028	32
2029	50
2030	50
2031	54
2032	44
2033	37
2034	33
2035	44
2036	45
2037	41
2038	40
2039	45
2040	64
2041	47
2042	41
2043	49
2044	47
2045	49
2046	56
2047	61
2048	61
2049	40
2050	54
2051	48
2052	49
2053	39
2054	40
2055	28
2056	41
2057	39
2058	45
2059	41
2060	41
2061	62
2062	50
2063	41
2064	44
2065	56
2066	55
2067	49
2068	52
2069	41
2070	41
2071	68
2072	57
2073	53
2074	61
2075	53
2076	70
2077	68
2078	55
2079	51
2080	43
2081	50
2082	45
2083	34
2084	49
2085	36
2086	44
2087	49
2088	58
2089	57
2090	55
2091	41
2092	41
2093	50
2094	53
2095	45
2096	39
2097	50
2098	51
2099	50
2100	50
2101	53
2102	63
2103	62
2104	52
2105	60
2106	44
2107	31
2108	44
2109	55
2110	47
2111	40
2112	43
2113	37
2114	52
2115	46
2116	53
2117	41
2118	43
2119	46
2120	39
2121	48
2122	46
2123	48
2124	33
2125	51
2126	46
2127	51
2128	51
2129	50
2130	40
2131	44
2132	46
2133	48
2134	41
2135	43
2136	54
2137	62
2138	43
2139	59
2140	72
2141	56
2142	54
2143	49
2144	48
2145	53
2146	56
2147	45
2148	45
2149	44
2150	54
2151	43
2152	57
2153	45
2154	62
2155	56
2156	41
2157	51
2158	57
2159	57
2160	53
2161	52
2162	36
2163	61
2164	72
2165	48
2166	53
2167	59
2168	54
2169	61
2170	50
2171	39
2172	52
2173	57
2174	41
2175	56
2176	51
2177	56
2178	49
2179	46
2180	56
2181	68
2182	47
2183	42
2184	57
2185	60
2186	52
2187	52
2188	64
2189	63
2190	44
2191	45
2192	51
2193	55
2194	61
2195	49
2196	49
2197	53
2198	52
2199	50
2200	53
2201	47
2202	58
2203	69
2204	45
2205	61
2206	48
2207	56
2208	57
2209	49
2210	51
2211	46
2212	57
2213	60
2214	48
2215	47
2216	61
2217	61
2218	48
2219	52
2220	59
2221	55
2222	66
2223	65
2224	50
2225	53
2226	61
2227	51
2228	63
2229	58
2230	57
2231	47
2232	65
2233	64
2234	59
2235	68
2236	41
2237	53
2238	47
2239	57
2240	51
2241	58
2242	55
2243	64
2244	53
2245	50
2246	55
2247	49
2248	51
2249	54
2250	60
2251	47
2252	46
2253	37
2254	46
2255	42
2256	58
2257	47
2258	64
2259	58
2260	53
2261	52
2262	42
2263	59
2264	68
2265	54
2266	85
2267	53
2268	60
2269	68
2270	53
2271	51
2272	65
2273	49
2274	62
2275	65
2276	57
2277	69
2278	49
2279	50
2280	49
2281	43
2282	52
2283	40
2284	43
2285	56
2286	60
2287	69
2288	57
2289	66
2290	58
2291	62
2292	62
2293	60
2294	66
2295	52
2296	45
2297	53
2298	32
2299	51
2300	64
2301	48
2302	44
2303	69
2304	61
2305	59
2306	53
2307	53
2308	47
2309	49
2310	52
2311	60
2312	41
2313	64
2314	52
2315	54
2316	55
2317	53
2318	44
2319	66
2320	55
2321	55
2322	49
2323	48
2324	43
2325	54
2326	58
2327	57
2328	52
2329	60
2330	66
2331	59
2332	66
2333	54
2334	65
2335	58
2336	54
2337	61
2338	79
2339	39
2340	54
2341	65
2342	60
2343	54
2344	65
2345	49
2346	61
2347	51
2348	55
2349	52
2350	55
2351	55
2352	59
2353	54
2354	60
2355	46
2356	56
2357	48
2358	44
2359	54
2360	61
2361	56
2362	67
2363	59
2364	55
2365	57
2366	66
2367	69
2368	64
2369	57
2370	69
2371	53
2372	59
2373	47
2374	62
2375	52
2376	62
2377	64
2378	61
2379	63
2380	61
2381	61
2382	62
2383	60
2384	59
2385	67
2386	70
2387	52
2388	56
2389	57
2390	61
2391	53
2392	52
2393	43
2394	60
2395	68
2396	49
2397	40
2398	61
2399	61
2400	66
2401	52
2402	55
2403	53
2404	54
2405	62
2406	53
2407	62
2408	64
2409	56
2410	52
2411	69
2412	59
2413	57
2414	57
2415	85
2416	67
2417	74
2418	72
2419	66
2420	52
2421	68
2422	62
2423	77
2424	85
2425	66
2426	67
2427	57
2428	69
2429	67
2430	51
2431	66
2432	77
2433	67
2434	87
2435	67
2436	69
2437	77
2438	74
2439	73
2440	51
2441	62
2442	83
2443	52
2444	69
2445	51
2446	91
2447	74
2448	55
2449	67
2450	52
2451	83
2452	62
2453	73
2454	49
2455	61
2456	69
2457	73
2458	67
2459	57
2460	64
2461	78
2462	67
2463	67
2464	60
2465	77
2466	80
2467	98
2468	74
2469	78
2470	57
2471	65
2472	57
2473	49
2474	64
2475	65
2476	57
2477	67
2478	73
2479	57
2480	65
2481	71
2482	67
2483	83
2484	68
2485	79
2486	78
2487	74
2488	63
2489	80
2490	70
2491	67
2492	69
2493	83
2494	77
2495	62
2496	66
2497	67
2498	81
2499	64
2500	73
2501	61
2502	63
2503	74
2504	62
2505	75
2506	67
2507	69
2508	68
2509	76
2510	60
2511	87
2512	77
2513	66
2514	58
2515	72
2516	73
2517	69
2518	74
2519	65
2520	73
2521	68
2522	55
2523	69
2524	64
2525	67
2526	80
2527	79
2528	72
2529	59
2530	80
2531	87
2532	76
2533	69
2534	89
2535	84
2536	75
2537	66
2538	68
2539	72
2540	74
2541	73
2542	76
2543	64
2544	72
2545	87
2546	76
2547	80
2548	57
2549	67
2550	74
2551	72
2552	90
2553	77
2554	86
2555	67
2556	77
2557	95
2558	82
2559	77
2560	74
2561	85
2562	64
2563	80
2564	81
2565	81
2566	89
2567	86
2568	75
2569	81
2570	78
2571	78
2572	87
2573	86
2574	76
2575	79
2576	88
2577	85
2578	90
2579	71
2580	83
2581	69
2582	81
2583	83
2584	72
2585	64
2586	85
2587	82
2588	90
2589	61
2590	79
2591	74
2592	90
2593	107
2594	90
2595	93
2596	103
2597	89
2598	103
2599	97
2600	110
2601	91
2602	85
2603	82
2604	90
2605	87
2606	102
2607	79
2608	99
2609	81
2610	77
2611	90
2612	103
2613	105
2614	83
2615	85
2616	81
2617	82
2618	81
2619	102
2620	97
2621	91
2622	99
2623	84
2624	90
2625	104
2626	105
2627	96
2628	103
2629	110
2630	87
2631	79
2632	63
2633	52
2634	57
2635	50
2636	47
2637	55
2638	60
2639	70
2640	70
2641	58
2642	60
2643	67
2644	52
2645	56
2646	44
2647	54
2648	59
2649	63
2650	61
2651	61
2652	75
2653	57
2654	60
2655	52
2656	58
2657	63
2658	66
2659	52
2660	43
2661	63
2662	58
2663	53
2664	61
2665	79
2666	81
2667	58
2668	54
2669	52
2670	65
2671	59
2672	48
2673	50
2674	48
2675	47
2676	74
2677	49
2678	61
2679	54
2680	65
2681	73
2682	64
2683	69
2684	65
2685	70
2686	70
2687	62
2688	59
2689	54
2690	61
2691	62
2692	63
2693	65
2694	54
2695	52
2696	63
2697	55
2698	48
2699	54
2700	54
2701	51
2702	46
2703	30
2704	45
2705	52
2706	35
2707	48
2708	49
2709	59
2710	56
2711	56
2712	48
2713	56
2714	71
2715	54
2716	47
2717	61
2718	60
2719	59
2720	58
2721	49
2722	46
2723	73
2724	56
2725	62
2726	60
2727	74
2728	67
2729	62
2730	59
2731	44
2732	55
2733	64
2734	53
2735	56
2736	61
2737	62
2738	67
2739	65
2740	67
2741	53
2742	60
2743	39
2744	65
2745	52
2746	52
2747	52
2748	44
2749	58
2750	49
2751	47
2752	63
2753	67
2754	68
2755	48
2756	63
2757	36
2758	41
2759	26
2760	47
2761	53
2762	40
2763	65
2764	56
2765	55
2766	49
2767	49
2768	51
2769	53
2770	64
2771	56
2772	47
2773	39
2774	49
2775	52
2776	50
2777	59
2778	47
2779	48
2780	43
2781	57
2782	55
2783	41
2784	47
2785	53
2786	36
2787	54
2788	45
2789	46
2790	58
2791	47
2792	51
2793	50
2794	50
2795	56
2796	58
2797	50
2798	63
2799	49
2800	45
2801	51
2802	58
2803	46
2804	54
2805	51
2806	42
2807	46
2808	47
2809	54
2810	50
2811	44
2812	54
2813	69
2814	53
2815	45
2816	47
2817	52
2818	56
2819	47
2820	41
2821	44
2822	32
2823	50
2824	58
2825	51
2826	49
2827	53
2828	42
2829	54
2830	50
2831	40
2832	52
2833	46
2834	32
2835	41
2836	58
2837	50
2838	52
2839	53
2840	46
2841	56
2842	41
2843	52
2844	51
2845	31
2846	40
2847	59
2848	55
2849	45
2850	51
2851	43
2852	41
2853	47
2854	51
2855	57
2856	54
2857	50
2858	38
2859	49
2860	47
2861	49
2862	64
2863	47
2864	49
2865	49
2866	38
2867	59
2868	57
2869	49
2870	57
2871	52
2872	47
2873	44
2874	44
2875	42
2876	45
2877	45
2878	40
2879	48
2880	46
2881	56
2882	48
2883	38
2884	62
2885	41
2886	55
2887	46
2888	50
2889	45
2890	49
2891	52
2892	48
2893	44
2894	53
2895	46
2896	52
2897	46
2898	47
2899	47
2900	52
2901	41
2902	47
2903	39
2904	29
2905	37
2906	50
2907	45
2908	30
2909	36
2910	45
2911	49
2912	32
2913	45
2914	44
2915	41
2916	44
2917	45
2918	41
2919	46
2920	44
2921	46
2922	38
2923	40
2924	38
2925	36
2926	49
2927	51
2928	46
2929	45
2930	34
2931	46
2932	55
2933	54
2934	46
2935	39
2936	34
2937	42
2938	65
2939	40
2940	47
2941	43
2942	58
2943	45
2944	53
2945	63
2946	67
2947	71
2948	46
2949	65
2950	43
2951	55
2952	58
2953	53
2954	41
2955	48
2956	55
2957	64
2958	49
2959	41
2960	53
2961	33
2962	37
2963	49
2964	44
2965	46
2966	61
2967	45
2968	36
2969	57
2970	39
2971	62
2972	55
2973	54
2974	57
2975	56
2976	68
2977	50
2978	48
2979	52
2980	44
2981	55
2982	49
2983	45
2984	43
2985	37
2986	48
2987	43
2988	48
2989	47
2990	45
2991	44
2992	62
2993	43
2994	52
2995	52
2996	49
2997	44
2998	62
2999	52
3000	60
3001	54
3002	84
3003	59
3004	51
3005	70
3006	57
3007	62
3008	49
3009	56
3010	49
3011	39
3012	76
3013	55
3014	60
3015	59
3016	65
3017	68
3018	59
3019	51
3020	70
3021	56
3022	70
3023	75
3024	59
3025	65
3026	62
3027	51
3028	68
3029	59
3030	57
3031	47
3032	56
3033	73
3034	65
3035	70
3036	64
3037	64
3038	76
3039	79
3040	72
3041	56
3042	48
3043	68
3044	57
3045	56
3046	73
3047	63
3048	78
3049	58
3050	63
3051	57
3052	60
3053	60
3054	56
3055	40
3056	46
3057	35
3058	39
3059	35
3060	19
3061	38
3062	38
3063	26
3064	32
3065	20
3066	35
3067	24
3068	24
3069	38
3070	33
3071	36
3072	39
3073	34
3074	37
3075	30
3076	23
3077	25
3078	32
3079	30
3080	34
3081	27
3082	26
3083	32
3084	22
3085	31
3086	31
3087	21
3088	23
3089	39
3090	27
3091	29
3092	38
3093	28
3094	25
3095	27
3096	34
3097	21
3098	28
3099	25
3100	21
3101	30
3102	29
3103	22
3104	18
3105	20
3106	27
3107	38
3108	19
3109	31
3110	26
3111	31
3112	28
3113	31
3114	29
3115	22
3116	32
3117	29
3118	33
3119	31
3120	22
3121	34
3122	21
3123	25
3124	26
3125	34
3126	29
3127	39
3128	25
3129	31
3130	23
3131	23
3132	28
3133	30
3134	35
3135	31
3136	31
3137	32
3138	23
3139	26
3140	26
3141	35
3142	28
3143	26
3144	35
3145	28
3146	20
3147	34
3148	23
3149	26
3150	26
3151	31
3152	23
3153	21
3154	26
3155	29
3156	22
3157	22
3158	22
3159	20
3160	22
3161	16
3162	26
3163	29
3164	24
3165	25
3166	24
3167	31
3168	21
3169	26
3170	17
3171	20
3172	16
3173	23
3174	20
3175	33
3176	17
3177	23
3178	28
3179	12
3180	15
3181	29
3182	21
3183	27
3184	19
3185	22
3186	27
3187	27
3188	29
3189	24
3190	21
3191	19
3192	18
3193	23
3194	26
3195	17
3196	18
3197	18
3198	32
3199	98
3200	381
3201	952
3202	1829
3203	2895
3204	3291
3205	2755
3206	1856
3207	958
3208	389
3209	116
3210	30
3211	17
3212	25
3213	17
3214	19
3215	14
3216	14
3217	11
3218	15
3219	31
3220	24
3221	23
3222	23
3223	24
3224	18
3225	13
3226	22
3227	17
3228	21
3229	25
3230	16
3231	23
3232	12
3233	14
3234	18
3235	16
3236	25
3237	15
3238	21
3239	25
3240	15
3241	8
3242	11
3243	12
3244	16
3245	18
3246	25
3247	11
3248	20
3249	16
3250	19
3251	14
3252	16
3253	9
3254	14
3255	16
3256	16
3257	17
3258	18
3259	13
3260	21
3261	19
3262	14
3263	22
3264	23
3265	20
3266	17
3267	4
3268	14
3269	16
3270	16
3271	15
3272	14
3273	15
3274	13
3275	12
3276	10
3277	11
3278	11
3279	12
3280	19
3281	13
3282	14
3283	12
3284	10
3285	12
3286	9
3287	13
3288	14
3289	14
3290	11
3291	22
3292	6
3293	3
3294	5
3295	10
3296	12
3297	16
3298	6
3299	10
3300	9
3301	7
3302	12
3303	15
3304	15
3305	14
3306	10
3307	9
3308	6
3309	12
3310	9
3311	10
3312	11
3313	5
3314	9
3315	15
3316	9
3317	9
3318	13
3319	10
3320	6
3321	6
3322	8
3323	6
3324	10
3325	5
3326	6
3327	7
3328	9
3329	13
3330	13
3331	9
3332	10
3333	8
3334	6
3335	9
3336	10
3337	13
3338	11
3339	9
3340	9
3341	9
3342	8
3343	12
3344	15
3345	5
3346	10
3347	12
3348	9
3349	9
3350	6
3351	15
3352	12
3353	10
3354	11
3355	13
3356	7
3357	6
3358	8
3359	11
3360	10
3361	8
3362	7
3363	8
3364	12
3365	8
3366	7
3367	9
3368	5
3369	9
3370	9
3371	5
3372	12
3373	5
3374	8
3375	5
3376	7
3377	11
3378	8
3379	11
3380	5
3381	6
3382	6
3383	7
3384	8
3385	4
3386	6
3387	7
3388	2
3389	10
3390	7
3391	8
3392	3
3393	6
3394	6
3395	7
3396	2
3397	8
3398	4
3399	6
3400	7
3401	3
3402	3
3403	3
3404	3
3405	3
3406	8
3407	7
3408	1
3409	9
3410	4
3411	3
3412	7
3413	7
3414	8
3415	8
3416	6
3417	6
3418	4
3419	5
3420	1
3421	2
3422	8
3423	4
3424	6
3425	5
3426	3
3427	3
3428	4
3429	7
3430	6
3431	4
3432	8
3433	9
3434	4
3435	4
3436	6
3437	2
3438	2
3439	7
3440	3
3441	0
3442	3
3443	5
3444	8
3445	9
3446	10
3447	10
3448	8
3449	3
3450	5
3451	7
3452	4
3453	7
3454	6
3455	10
3456	8
3457	10
3458	7
3459	5
3460	4
3461	5
3462	4
3463	2
3464	4
3465	2
3466	4
3467	7
3468	8
3469	4
3470	8
3471	5
3472	6
3473	7
3474	2
3475	7
3476	1
3477	0
3478	2
3479	2
3480	5
3481	7
3482	2
3483	6
3484	0
3485	5
3486	8
3487	6
3488	3
3489	4
3490	6
3491	1
3492	4
3493	9
3494	9
3495	7
3496	1
3497	6
3498	4
3499	5
3500	7
3501	3
3502	3
3503	10
3504	3
3505	6
3506	6
3507	4
3508	5
3509	3
3510	4
3511	4
3512	2
3513	4
3514	9
3515	3
3516	1
3517	8
3518	5
3519	1
3520	3
3521	4
3522	6
3523	4
3524	2
3525	4
3526	2
3527	4
3528	4
3529	3
3530	4
3531	3
3532	2
3533	5
3534	6
3535	1
3536	1
3537	2
3538	2
3539	3
3540	8
3541	3
3542	7
3543	3
3544	4
3545	3
3546	3
3547	3
3548	3
3549	3
3550	2
3551	3
3552	3
3553	3
3554	5
3555	4
3556	6
3557	1
3558	5
3559	8
3560	4
3561	4
3562	8
3563	4
3564	3
3565	7
3566	3
3567	2
3568	8
3569	5
3570	7
3571	1
3572	5
3573	4
3574	1
3575	5
3576	4
3577	7
3578	7
3579	6
3580	7
3581	6
3582	9
3583	2
3584	7
3585	5
3586	4
3587	4
3588	1
3589	3
3590	3
3591	4
3592	4
3593	3
3594	5
3595	7
3596	7
3597	5
3598	5
3599	2
3600	4
3601	5
3602	7
3603	3
3604	4
3605	4
3606	3
3607	4
3608	6
3609	3
3610	6
3611	10
3612	2
3613	6
3614	5
3615	1
3616	2
3617	3
3618	4
3619	6
3620	3
3621	5
3622	3
3623	3
3624	1
3625	0
3626	3
3627	3
3628	2
3629	3
3630	3
3631	7
3632	10
3633	29
3634	120
3635	368
3636	863
3637	1666
3638	2237
3639	2696
3640	2328
3641	1683
3642	923
3643	375
3644	107
3645	33
3646	5
3647	1
3648	4
3649	5
3650	3
3651	2
3652	4
3653	2
3654	1
3655	7
3656	1
3657	2
3658	3
3659	3
3660	3
3661	1
3662	1
3663	1
3664	1
3665	1
3666	2
3667	1
3668	0
3669	1
3670	5
3671	3
3672	2
3673	2
3674	2
3675	2
3676	1
3677	2
3678	4
3679	3
3680	0
3681	2
3682	6
3683	4
3684	3
3685	2
3686	0
3687	2
3688	2
3689	2
3690	1
3691	2
3692	4
3693	5
3694	3
3695	4
3696	1
3697	4
3698	2
3699	1
3700	0
3701	3
3702	2
3703	2
3704	1
3705	4
3706	4
3707	3
3708	3
3709	5
3710	3
3711	3
3712	4
3713	3
3714	2
3715	6
3716	4
3717	1
3718	4
3719	2
3720	5
3721	2
3722	2
3723	1
3724	3
3725	2
3726	7
3727	3
3728	1
3729	4
3730	4
3731	2
3732	3
3733	2
3734	3
3735	3
3736	2
3737	2
3738	2
3739	2
3740	3
3741	1
3742	4
3743	2
3744	3
3745	4
3746	3
3747	3
3748	1
3749	2
3750	7
3751	5
3752	3
3753	5
3754	3
3755	3
3756	4
3757	4
3758	5
3759	4
3760	5
3761	3
3762	4
3763	5
3764	4
3765	3
3766	4
3767	2
3768	1
3769	2
3770	3
3771	10
3772	3
3773	1
3774	2
3775	2
3776	6
3777	2
3778	3
3779	3
3780	3
3781	2
3782	1
3783	3
3784	0
3785	0
3786	4
3787	2
3788	1
3789	4
3790	0
3791	0
3792	1
3793	1
3794	2
3795	3
3796	1
3797	2
3798	2
3799	1
3800	3
3801	1
3802	3
3803	3
3804	6
3805	3
3806	3
3807	1
3808	3
3809	2
3810	3
3811	3
3812	2
3813	3
3814	3
3815	1
3816	0
3817	5
3818	1
3819	2
3820	2
3821	4
3822	1
3823	2
3824	0
3825	4
3826	4
3827	2
3828	4
3829	2
3830	1
3831	1
3832	1
3833	1
3834	0
3835	1
3836	4
3837	1
3838	1
3839	4
3840	1
3841	1
3842	4
3843	1
3844	0
3845	1
3846	6
3847	2
3848	3
3849	1
3850	7
3851	5
3852	3
3853	3
3854	3
3855	7
3856	5
3857	2
3858	3
3859	3
3860	6
3861	7
3862	3
3863	3
3864	1
3865	2
3866	7
3867	3
3868	0
3869	3
3870	5
3871	4
3872	3
3873	4
3874	1
3875	4
3876	2
3877	0
3878	3
3879	1
3880	6
3881	3
3882	1
3883	3
3884	2
3885	2
3886	2
3887	3
3888	1
3889	2
3890	4
3891	2
3892	0
3893	6
3894	3
3895	1
3896	4
3897	2
3898	4
3899	5
3900	4
3901	2
3902	2
3903	5
3904	3
3905	2
3906	2
3907	1
3908	0
3909	3
3910	1
3911	8
3912	2
3913	3
3914	4
3915	3
3916	5
3917	4
3918	6
3919	4
3920	6
3921	2
3922	4
3923	0
3924	2
3925	0
3926	2
3927	1
3928	4
3929	4
3930	2
3931	2
3932	5
3933	1
3934	1
3935	1
3936	1
3937	2
3938	5
3939	2
3940	2
3941	2
3942	1
3943	1
3944	1
3945	2
3946	4
3947	4
3948	6
3949	2
3950	1
3951	4
3952	1
3953	2
3954	5
3955	2
3956	3
3957	3
3958	3
3959	3
3960	3
3961	2
3962	4
3963	3
3964	2
3965	2
3966	3
3967	1
3968	2
3969	1
3970	2
3971	5
3972	1
3973	3
3974	3
3975	2
3976	5
3977	7
3978	4
3979	4
3980	3
3981	0
3982	1
3983	4
3984	1
3985	4
3986	3
3987	5
3988	7
3989	0
3990	1
3991	2
3992	6
3993	2
3994	4
3995	1
3996	3
3997	5
3998	4
3999	2
4000	4
4001	5
4002	0
4003	1
4004	0
4005	0
4006	3
4007	5
4008	2
4009	8
4010	1
4011	2
4012	2
4013	5
4014	5
4015	6
4016	3
4017	1
4018	2
4019	2
4020	1
4021	3
4022	6
4023	5
4024	1
4025	4
4026	6
4027	8
4028	3
4029	4
4030	4
4031	0
4032	3
4033	4
4034	7
4035	4
4036	3
4037	5
4038	1
4039	3
4040	1
4041	2
4042	1
4043	4
4044	5
4045	2
4046	2
4047	4
4048	3
4049	3
4050	6
4051	6
4052	2
4053	3
4054	0
4055	3
4056	4
4057	6
4058	2
4059	5
4060	1
4061	8
4062	5
4063	1
4064	3
4065	2
4066	3
4067	3
4068	0
4069	3
4070	0
4071	1
4072	1
4073	1
4074	0
4075	4
4076	2
4077	1
4078	3
4079	4
4080	2
4081	4
4082	1
4083	1
4084	3
4085	1
4086	1
4087	2
4088	5
4089	1
4090	1
4091	5
4092	2
4093	3
4094	3
4095	1
4096	3
4097	3
4098	3
4099	3
4100	1
4101	4
4102	4
4103	2
4104	4
4105	1
4106	3
4107	2
4108	2
4109	4
4110	2
4111	1
4112	5
4113	7
4114	1
4115	2
4116	3
4117	2
4118	3
4119	0
4120	3
4121	4
4122	4
4123	0
4124	0
4125	1
4126	0
4127	2
4128	2
4129	3
4130	5
4131	3
4132	5
4133	2
4134	2
4135	2
4136	4
4137	1
4138	0
4139	1
4140	1
4141	2
4142	0
4143	1
4144	1
4145	0
4146	4
4147	1
4148	2
4149	5
4150	2
4151	0
4152	4
4153	3
4154	2
4155	0
4156	5
4157	0
4158	0
4159	3
4160	2
4161	1
4162	1
4163	3
4164	0
4165	4
4166	2
4167	3
4168	2
4169	2
4170	5
4171	2
4172	4
4173	3
4174	7
4175	3
4176	2
4177	1
4178	4
4179	5
4180	3
4181	2
4182	5
4183	5
4184	4
4185	3
4186	2
4187	5
4188	2
4189	6
4190	1
4191	2
4192	2
4193	1
4194	3
4195	3
4196	3
4197	0
4198	4
4199	2
4200	4
4201	1
4202	1
4203	3
4204	1
4205	5
4206	2
4207	3
4208	6
4209	4
4210	3
4211	2
4212	2
4213	1
4214	1
4215	5
4216	4
4217	5
4218	6
4219	6
4220	2
4221	2
4222	4
4223	1
4224	2
4225	4
4226	7
4227	1
4228	2
4229	4
4230	2
4231	3
4232	1
4233	1
4234	2
4235	4
4236	0
4237	2
4238	0
4239	2
4240	3
4241	1
4242	4
4243	0
4244	2
4245	3
4246	1
4247	5
4248	1
4249	4
4250	3
4251	1
4252	3
4253	1
4254	2
4255	4
4256	5
4257	4
4258	2
4259	2
4260	2
4261	1
4262	3
4263	2
4264	5
4265	3
4266	1
4267	4
4268	2
4269	3
4270	2
4271	4
4272	9
4273	1
4274	4
4275	5
4276	2
4277	4
4278	1
4279	4
4280	1
4281	1
4282	5
4283	5
4284	3
4285	2
4286	1
4287	1
4288	1
4289	3
4290	1
4291	2
4292	3
4293	1
4294	0
4295	4
4296	3
4297	1
4298	3
4299	3
4300	5
4301	2
4302	4
4303	4
4304	0
4305	1
4306	4
4307	1
4308	3
4309	3
4310	3
4311	4
4312	3
4313	2
4314	6
4315	2
4316	4
4317	2
4318	0
4319	3
4320	0
4321	0
4322	3
4323	2
4324	2
4325	1
4326	3
4327	7
4328	1
4329	3
4330	3
4331	3
4332	0
4333	1
4334	6
4335	0
4336	0
4337	0
4338	2
4339	5
4340	0
4341	3
4342	2
4343	4
4344	2
4345	4
4346	4
4347	4
4348	2
4349	3
4350	1
4351	1
4352	4
4353	1
4354	1
4355	1
4356	6
4357	5
4358	3
4359	4
4360	1
4361	5
4362	2
4363	4
4364	1
4365	3
4366	0
4367	0
4368	3
4369	1
4370	3
4371	0
4372	1
4373	2
4374	1
4375	1
4376	0
4377	0
4378	1
4379	1
4380	3
4381	4
4382	5
4383	2
4384	2
4385	2
4386	2
4387	3
4388	2
4389	1
4390	4
4391	2
4392	4
4393	3
4394	2
4395	1
4396	1
4397	0
4398	1
4399	2
4400	0
4401	3
4402	0
4403	2
4404	0
4405	0
4406	2
4407	2
4408	1
4409	4
4410	1
4411	3
4412	5
4413	4
4414	1
4415	4
4416	2
4417	2
4418	3
4419	1
4420	3
4421	3
4422	4
4423	2
4424	2
4425	3
4426	2
4427	4
4428	5
4429	0
4430	6
4431	1
4432	2
4433	5
4434	4
4435	3
4436	4
4437	2
4438	4
4439	2
4440	2
4441	0
4442	0
4443	3
4444	3
4445	6
4446	2
4447	1
4448	7
4449	5
4450	6
4451	4
4452	3
4453	8
4454	1
4455	1
4456	7
4457	2
4458	1
4459	3
4460	1
4461	3
4462	7
4463	4
4464	2
4465	2
4466	2
4467	2
4468	3
4469	6
4470	0
4471	2
4472	1
4473	2
4474	2
4475	2
4476	4
4477	2
4478	2
4479	2
4480	5
4481	1
4482	2
4483	3
4484	1
4485	3
4486	0
4487	2
4488	1
4489	3
4490	3
4491	2
4492	2
4493	2
4494	4
4495	4
4496	0
4497	7
4498	2
4499	5
4500	5
4501	1
4502	4
4503	5
4504	4
4505	2
4506	0
4507	1
4508	9
4509	5
4510	5
4511	4
4512	4
4513	2
4514	1
4515	3
4516	1
4517	2
4518	1
4519	1
4520	0
4521	0
4522	3
4523	1
4524	2
4525	3
4526	2
4527	0
4528	3
4529	4
4530	1
4531	1
4532	3
4533	4
4534	4
4535	4
4536	5
4537	3
4538	3
4539	3
4540	3
4541	2
4542	3
4543	7
4544	4
4545	1
4546	1
4547	3
4548	6
4549	4
4550	1
4551	2
4552	3
4553	6
4554	2
4555	3
4556	1
4557	3
4558	0
4559	2
4560	2
4561	2
4562	3
4563	0
4564	1
4565	3
4566	0
4567	2
4568	1
4569	1
4570	2
4571	4
4572	2
4573	2
4574	0
4575	1
4576	2
4577	4
4578	4
4579	3
4580	2
4581	4
4582	1
4583	0
4584	1
4585	4
4586	3
4587	2
4588	1
4589	3
4590	1
4591	3
4592	0
4593	1
4594	2
4595	2
4596	1
4597	3
4598	0
4599	1
4600	0
4601	2
4602	4
4603	3
4604	1
4605	3
4606	0
4607	2
4608	1
4609	3
4610	1
4611	1
4612	4
4613	3
4614	0
4615	3
4616	1
4617	5
4618	2
4619	1
4620	2
4621	0
4622	1
4623	3
4624	0
4625	1
4626	0
4627	3
4628	2
4629	0
4630	3
4631	0
4632	3
4633	3
4634	3
4635	1
4636	2
4637	4
4638	1
4639	5
4640	6
4641	3
4642	4
4643	5
4644	2
4645	3
4646	3
4647	3
4648	1
4649	1
4650	0
4651	0
4652	1
4653	3
4654	3
4655	3
4656	3
4657	2
4658	3
4659	2
4660	4
4661	5
4662	2
4663	1
4664	2
4665	2
4666	0
4667	1
4668	3
4669	2
4670	4
4671	3
4672	2
4673	6
4674	2
4675	1
4676	0
4677	3
4678	0
4679	1
4680	1
4681	1
4682	1
4683	3
4684	1
4685	0
4686	1
4687	3
4688	1
4689	0
4690	1
4691	6
4692	4
4693	5
4694	2
4695	0
4696	1
4697	4
4698	3
4699	0
4700	1
4701	3
4702	5
4703	2
4704	1
4705	3
4706	1
4707	1
4708	1
4709	4
4710	1
4711	1
4712	0
4713	4
4714	1
4715	3
4716	0
4717	4
4718	0
4719	0
4720	2
4721	0
4722	0
4723	3
4724	2
4725	1
4726	4
4727	4
4728	3
4729	4
4730	3
4731	3
4732	1
4733	2
4734	3
4735	0
4736	3
4737	4
4738	3
4739	1
4740	2
4741	1
4742	2
4743	0
4744	0
4745	1
4746	4
4747	3
4748	2
4749	0
4750	3
4751	2
4752	5
4753	2
4754	2
4755	2
4756	4
4757	4
4758	1
4759	3
4760	1
4761	2
4762	1
4763	2
4764	2
4765	1
4766	1
4767	1
4768	5
4769	4
4770	3
4771	5
4772	0
4773	4
4774	2
4775	2
4776	3
4777	0
4778	4
4779	3
4780	2
4781	1
4782	1
4783	4
4784	1
4785	4
4786	3
4787	3
4788	3
4789	2
4790	3
4791	4
4792	4
4793	0
4794	3
4795	0
4796	0
4797	2
4798	1
4799	1
4800	3
4801	0
4802	2
4803	1
4804	1
4805	2
4806	5
4807	2
4808	2
4809	2
4810	2
4811	0
4812	1
4813	2
4814	1
4815	1
4816	1
4817	0
4818	6
4819	2
4820	2
4821	2
4822	2
4823	2
4824	1
4825	1
4826	3
4827	2
4828	4
4829	3
4830	1
4831	3
4832	2
4833	2
4834	1
4835	1
4836	1
4837	5
4838	2
4839	0
4840	1
4841	1
4842	3
4843	4
4844	2
4845	3
4846	2
4847	3
4848	2
4849	1
4850	2
4851	1
4852	3
4853	2
4854	2
4855	1
4856	1
4857	1
4858	3
4859	0
4860	1
4861	3
4862	2
4863	1
4864	5
4865	1
4866	2
4867	2
4868	1
4869	0
4870	2
4871	1
4872	0
4873	0
4874	0
4875	1
4876	2
4877	0
4878	4
4879	4
4880	3
4881	2
4882	3
4883	4
4884	4
4885	7
4886	6
4887	3
4888	3
4889	1
4890	4
4891	3
4892	1
4893	0
4894	2
4895	2
4896	0
4897	1
4898	2
4899	3
4900	0
4901	3
4902	1
4903	2
4904	4
4905	1
4906	1
4907	3
4908	2
4909	2
4910	2
4911	1
4912	1
4913	2
4914	2
4915	2
4916	1
4917	2
4918	2
4919	2
4920	1
4921	3
4922	1
4923	3
4924	2
4925	5
4926	3
4927	2
4928	2
4929	3
4930	4
4931	2
4932	1
4933	1
4934	2
4935	2
4936	1
4937	1
4938	5
4939	2
4940	4
4941	5
4942	2
4943	1
4944	4
4945	6
4946	5
4947	5
4948	5
4949	4
4950	5
4951	4
4952	4
4953	2
4954	4
4955	3
4956	1
4957	2
4958	2
4959	1
4960	1
4961	1
4962	3
4963	2
4964	1
4965	1
4966	2
4967	2
4968	5
4969	5
4970	1
4971	6
4972	4
4973	1
4974	0
4975	1
4976	1
4977	2
4978	1
4979	2
4980	3
4981	3
4982	3
4983	1
4984	5
4985	0
4986	1
4987	5
4988	0
4989	3
4990	2
4991	3
4992	5
4993	1
4994	4
4995	5
4996	9
4997	2
4998	2
4999	3
5000	0
5001	5
5002	3
5003	2
5004	1
5005	4
5006	0
5007	4
5008	2
5009	3
5010	4
5011	1
5012	2
5013	7
5014	4
5015	2
5016	1
5017	3
5018	1
5019	0
5020	1
5021	0
5022	1
5023	3
5024	0
5025	3
5026	3
5027	0
5028	2
5029	0
5030	4
5031	3
5032	3
5033	6
5034	2
5035	6
5036	0
5037	1
5038	1
5039	3
5040	2
5041	1
5042	3
5043	1
5044	3
5045	4
5046	4
5047	2
5048	1
5049	1
5050	4
5051	2
5052	1
5053	1
5054	2
5055	4
5056	4
5057	1
5058	3
5059	2
5060	3
5061	1
5062	2
5063	8
5064	2
5065	1
5066	0
5067	3
5068	2
5069	0
5070	1
5071	2
5072	3
5073	2
5074	3
5075	2
5076	3
5077	0
5078	0
5079	0
5080	0
5081	0
5082	2
5083	5
5084	1
5085	2
5086	1
5087	2
5088	1
5089	1
5090	2
5091	2
5092	1
5093	0
5094	2
5095	1
5096	1
5097	0
5098	0
5099	0
5100	0
5101	1
5102	0
5103	3
5104	2
5105	2
5106	0
5107	1
5108	0
5109	0
5110	2
5111	0
5112	2
5113	4
5114	2
5115	1
5116	0
5117	4
5118	2
5119	1
5120	3
5121	2
5122	4
5123	1
5124	0
5125	2
5126	3
5127	4
5128	0
5129	3
5130	1
5131	1
5132	0
5133	2
5134	0
5135	2
5136	2
5137	1
5138	4
5139	1
5140	7
5141	2
5142	2
5143	2
5144	2
5145	1
5146	3
5147	3
5148	3
5149	1
5150	2
5151	1
5152	0
5153	1
5154	2
5155	2
5156	0
5157	0
5158	3
5159	1
5160	3
5161	1
5162	0
5163	4
5164	4
5165	6
5166	3
5167	8
5168	3
5169	4
5170	0
5171	0
5172	3
5173	2
5174	2
5175	2
5176	1
5177	3
5178	1
5179	2
5180	0
5181	3
5182	2
5183	2
5184	6
5185	1
5186	4
5187	1
5188	1
5189	2
5190	1
5191	0
5192	0
5193	1
5194	5
5195	3
5196	1
5197	2
5198	3
5199	0
5200	3
5201	3
5202	5
5203	2
5204	0
5205	3
5206	3
5207	3
5208	0
5209	5
5210	3
5211	3
5212	0
5213	2
5214	1
5215	1
5216	0
5217	0
5218	2
5219	4
5220	1
5221	2
5222	1
5223	1
5224	3
5225	2
5226	3
5227	1
5228	1
5229	2
5230	2
5231	4
5232	4
5233	2
5234	2
5235	1
5236	1
5237	1
5238	2
5239	2
5240	4
5241	2
5242	2
5243	3
5244	2
5245	2
5246	2
5247	0
5248	1
5249	1
5250	1
5251	0
5252	4
5253	0
5254	3
5255	2
5256	3
5257	3
5258	5
5259	4
5260	5
5261	0
5262	1
5263	0
5264	2
5265	2
5266	2
5267	1
5268	1
5269	4
5270	0
5271	2
5272	0
5273	3
5274	2
5275	4
5276	3
5277	4
5278	3
5279	4
5280	5
5281	2
5282	5
5283	4
5284	2
5285	6
5286	0
5287	3
5288	3
5289	1
5290	1
5291	1
5292	2
5293	1
5294	3
5295	3
5296	5
5297	4
5298	2
5299	1
5300	2
5301	1
5302	2
5303	3
5304	1
5305	0
5306	0
5307	5
5308	1
5309	3
5310	5
5311	0
5312	1
5313	4
5314	1
5315	3
5316	1
5317	1
5318	1
5319	2
5320	0
5321	0
5322	0
5323	0
5324	1
5325	3
5326	1
5327	1
5328	3
5329	1
5330	1
5331	1
5332	2
5333	3
5334	0
5335	2
5336	2
5337	4
5338	6
5339	2
5340	3
5341	1
5342	2
5343	1
5344	0
5345	4
5346	1
5347	3
5348	4
5349	5
5350	1
5351	1
5352	2
5353	2
5354	3
5355	2
5356	1
5357	3
5358	0
5359	0
5360	2
5361	2
5362	4
5363	1
5364	1
5365	4
5366	4
5367	3
5368	2
5369	1
5370	3
5371	0
5372	1
5373	2
5374	0
5375	2
5376	1
5377	0
5378	1
5379	0
5380	2
5381	1
5382	1
5383	3
5384	1
5385	3
5386	4
5387	1
5388	2
5389	3
5390	3
5391	3
5392	2
5393	2
5394	3
5395	4
5396	0
5397	1
5398	3
5399	3
5400	0
5401	4
5402	2
5403	2
5404	3
5405	3
5406	1
5407	3
5408	4
5409	2
5410	2
5411	1
5412	2
5413	0
5414	6
5415	3
5416	3
5417	6
5418	3
5419	5
5420	7
5421	3
5422	1
5423	1
5424	2
5425	1
5426	0
5427	2
5428	2
5429	2
5430	1
5431	0
5432	2
5433	0
5434	1
5435	1
5436	1
5437	2
5438	2
5439	4
5440	7
5441	2
5442	4
5443	3
5444	2
5445	3
5446	1
5447	2
5448	4
5449	2
5450	5
5451	2
5452	4
5453	2
5454	5
5455	4
5456	1
5457	4
5458	4
5459	4
5460	3
5461	3
5462	5
5463	2
5464	3
5465	1
5466	1
5467	1
5468	1
5469	2
5470	0
5471	0
5472	4
5473	1
5474	1
5475	0
5476	3
5477	1
5478	2
5479	1
5480	5
5481	2
5482	7
5483	2
5484	1
5485	3
5486	1
5487	4
5488	3
5489	2
5490	2
5491	2
5492	2
5493	1
5494	2
5495	4
5496	2
5497	1
5498	2
5499	1
5500	0
5501	0
5502	1
5503	2
5504	3
5505	1
5506	5
5507	3
5508	2
5509	1
5510	1
5511	2
5512	2
5513	0
5514	2
5515	3
5516	0
5517	1
5518	1
5519	3
5520	0
5521	1
5522	1
5523	3
5524	2
5525	1
5526	1
5527	3
5528	1
5529	2
5530	3
5531	0
5532	4
5533	3
5534	2
5535	7
5536	2
5537	3
5538	2
5539	2
5540	1
5541	1
5542	1
5543	1
5544	4
5545	3
5546	2
5547	0
5548	1
5549	4
5550	1
5551	2
5552	4
5553	2
5554	1
5555	2
5556	2
5557	1
5558	3
5559	3
5560	0
5561	4
5562	0
5563	0
5564	4
5565	1
5566	0
5567	0
5568	2
5569	1
5570	2
5571	0
5572	0
5573	4
5574	5
5575	0
5576	0
5577	2
5578	2
5579	5
5580	1
5581	1
5582	0
5583	3
5584	0
5585	0
5586	2
5587	1
5588	1
5589	2
5590	0
5591	3
5592	0
5593	1
5594	2
5595	2
5596	2
5597	0
5598	2
5599	2
5600	2
5601	2
5602	1
5603	0
5604	1
5605	2
5606	0
5607	1
5608	3
5609	2
5610	2
5611	1
5612	2
5613	6
5614	3
5615	2
5616	0
5617	3
5618	1
5619	0
5620	3
5621	2
5622	0
5623	2
5624	2
5625	3
5626	2
5627	4
5628	3
5629	5
5630	2
5631	0
5632	1
5633	0
5634	1
5635	0
5636	2
5637	0
5638	1
5639	2
5640	0
5641	1
5642	1
5643	5
5644	1
5645	0
5646	2
5647	0
5648	5
5649	1
5650	4
5651	2
5652	0
5653	1
5654	1
5655	0
5656	0
5657	3
5658	1
5659	0
5660	1
5661	1
5662	0
5663	1
5664	0
5665	0
5666	4
5667	2
5668	0
5669	1
5670	6
5671	1
5672	4
5673	2
5674	1
5675	1
5676	1
5677	1
5678	3
5679	3
5680	1
5681	2
5682	3
5683	1
5684	1
5685	1
5686	1
5687	3
5688	2
5689	1
5690	0
5691	2
5692	3
5693	3
5694	2
5695	2
5696	2
5697	3
5698	1
5699	0
5700	2
5701	2
5702	1
5703	8
5704	3
5705	0
5706	0
5707	1
5708	1
5709	3
5710	1
5711	0
5712	0
5713	2
5714	1
5715	3
5716	1
5717	0
5718	2
5719	2
5720	1
5721	4
5722	2
5723	3
5724	2
5725	1
5726	5
5727	0
5728	2
5729	2
5730	1
5731	1
5732	2
5733	1
5734	0
5735	0
5736	1
5737	0
5738	4
5739	2
5740	0
5741	1
5742	1
5743	2
5744	5
5745	1
5746	2
5747	2
5748	3
5749	2
5750	2
5751	3
5752	2
5753	3
5754	2
5755	2
5756	1
5757	0
5758	1
5759	0
5760	1
5761	3
5762	1
5763	1
5764	0
5765	1
5766	1
5767	1
5768	0
5769	1
5770	3
5771	2
5772	2
5773	1
5774	0
5775	1
5776	2
5777	2
5778	0
5779	1
5780	2
5781	3
5782	2
5783	1
5784	3
5785	3
5786	1
5787	5
5788	0
5789	1
5790	2
5791	3
5792	2
5793	0
5794	3
5795	0
5796	0
5797	3
5798	0
5799	0
5800	2
5801	1
5802	2
5803	1
5804	1
5805	2
5806	1
5807	1
5808	3
5809	0
5810	1
5811	1
5812	0
5813	2
5814	0
5815	3
5816	0
5817	2
5818	0
5819	1
5820	0
5821	1
5822	2
5823	1
5824	1
5825	0
5826	1
5827	2
5828	4
5829	1
5830	4
5831	0
5832	3
5833	3
5834	2
5835	3
5836	3
5837	1
5838	2
5839	2
5840	3
5841	1
5842	0
5843	0
5844	0
5845	0
5846	0
5847	2
5848	0
5849	2
5850	1
5851	1
5852	1
5853	0
5854	0
5855	3
5856	2
5857	1
5858	3
5859	1
5860	2
5861	2
5862	0
5863	1
5864	0
5865	1
5866	0
5867	0
5868	0
5869	1
5870	0
5871	0
5872	1
5873	4
5874	2
5875	2
5876	1
5877	0
5878	2
5879	2
5880	0
5881	0
5882	1
5883	2
5884	3
5885	0
5886	2
5887	2
5888	2
5889	1
5890	0
5891	0
5892	2
5893	0
5894	3
5895	1
5896	1
5897	1
5898	1
5899	0
5900	0
5901	1
5902	1
5903	0
5904	1
5905	2
5906	0
5907	1
5908	0
5909	0
5910	2
5911	0
5912	3
5913	1
5914	3
5915	3
5916	7
5917	1
5918	2
5919	0
5920	0
5921	0
5922	0
5923	1
5924	1
5925	0
5926	0
5927	2
5928	2
5929	2
5930	0
5931	0
5932	1
5933	0
5934	1
5935	2
5936	2
5937	2
5938	4
5939	2
5940	1
5941	1
5942	0
5943	0
5944	1
5945	1
5946	1
5947	1
5948	3
5949	2
5950	3
5951	2
5952	0
5953	1
5954	3
5955	3
5956	4
5957	2
5958	1
5959	0
5960	2
5961	0
5962	2
5963	6
5964	1
5965	3
5966	1
5967	3
5968	1
5969	1
5970	3
5971	3
5972	2
5973	2
5974	1
5975	2
5976	1
5977	4
5978	4
5979	1
5980	0
5981	0
5982	2
5983	2
5984	0
5985	1
5986	3
5987	1
5988	4
5989	0
5990	1
5991	1
5992	0
5993	1
5994	2
5995	2
5996	1
5997	1
5998	1
5999	1
6000	2
6001	2
6002	0
6003	3
6004	3
6005	3
6006	1
6007	2
6008	0
6009	0
6010	1
6011	3
6012	1
6013	1
6014	4
6015	1
6016	2
6017	3
6018	3
6019	2
6020	2
6021	2
6022	0
6023	5
6024	2
6025	3
6026	2
6027	0
6028	0
6029	3
6030	1
6031	0
6032	2
6033	1
6034	2
6035	1
6036	1
6037	2
6038	2
6039	1
6040	2
6041	2
6042	2
6043	1
6044	0
6045	0
6046	1
6047	1
6048	1
6049	0
6050	1
6051	2
6052	0
6053	0
6054	1
6055	2
6056	4
6057	0
6058	2
6059	0
6060	0
6061	1
6062	0
6063	1
6064	2
6065	0
6066	2
6067	1
6068	2
6069	3
6070	5
6071	3
6072	3
6073	0
6074	2
6075	1
6076	2
6077	0
6078	1
6079	0
6080	1
6081	1
6082	0
6083	0
6084	3
6085	3
6086	1
6087	1
6088	0
6089	5
6090	0
6091	1
6092	2
6093	0
6094	1
6095	0
6096	1
6097	0
6098	2
6099	4
6100	0
6101	1
6102	5
6103	2
6104	2
6105	3
6106	2
6107	1
6108	0
6109	0
6110	3
6111	1
6112	1
6113	2
6114	0
6115	6
6116	1
6117	2
6118	1
6119	2
6120	0
6121	2
6122	1
6123	2
6124	4
6125	2
6126	0
6127	1
6128	1
6129	1
6130	1
6131	3
6132	2
6133	2
6134	0
6135	1
6136	4
6137	0
6138	0
6139	0
6140	4
6141	3
6142	3
6143	2
6144	2
6145	0
6146	1
6147	0
6148	2
6149	2
6150	0
6151	0
6152	3
6153	1
6154	3
6155	3
6156	1
6157	3
6158	1
6159	3
6160	1
6161	1
6162	4
6163	1
6164	2
6165	0
6166	1
6167	0
6168	2
6169	1
6170	0
6171	2
6172	3
6173	1
6174	4
6175	2
6176	3
6177	2
6178	1
6179	3
6180	2
6181	1
6182	3
6183	0
6184	0
6185	2
6186	1
6187	2
6188	7
6189	1
6190	3
6191	1
6192	3
6193	1
6194	2
6195	0
6196	1
6197	5
6198	4
6199	1
6200	1
6201	0
6202	8
6203	2
6204	4
6205	0
6206	1
6207	3
6208	2
6209	3
6210	3
6211	4
6212	3
6213	2
6214	5
6215	3
6216	4
6217	1
6218	4
6219	2
6220	2
6221	1
6222	3
6223	3
6224	0
6225	3
6226	2
6227	6
6228	5
6229	2
6230	1
6231	2
6232	2
6233	0
6234	0
6235	0
6236	1
6237	2
6238	1
6239	1
6240	2
6241	2
6242	1
6243	1
6244	1
6245	0
6246	3
6247	3
6248	0
6249	3
6250	0
6251	3
6252	2
6253	3
6254	2
6255	3
6256	8
6257	6
6258	2
6259	3
6260	4
6261	0
6262	1
6263	1
6264	3
6265	4
6266	1
6267	3
6268	0
6269	0
6270	3
6271	1
6272	1
6273	2
6274	1
6275	2
6276	0
6277	0
6278	0
6279	0
6280	1
6281	1
6282	1
6283	1
6284	2
6285	3
6286	0
6287	1
6288	0
6289	0
6290	2
6291	1
6292	4
6293	1
6294	2
6295	1
6296	0
6297	0
6298	1
6299	0
6300	0
6301	0
6302	0
6303	0
6304	0
6305	0
6306	0
6307	1
6308	0
6309	0
6310	3
6311	1
6312	1
6313	1
6314	0
6315	2
6316	1
6317	0
6318	0
6319	1
6320	1
6321	1
6322	3
6323	1
6324	0
6325	0
6326	1
6327	0
6328	1
6329	2
6330	0
6331	2
6332	0
6333	2
6334	1
6335	1
6336	1
6337	1
6338	1
6339	1
6340	1
6341	1
6342	0
6343	0
6344	2
6345	2
6346	1
6347	0
6348	4
6349	0
6350	2
6351	1
6352	2
6353	2
6354	0
6355	0
6356	0
6357	0
6358	0
6359	1
6360	1
6361	0
6362	0
6363	0
6364	1
6365	0
6366	0
6367	1
6368	1
6369	1
6370	0
6371	0
6372	2
6373	3
6374	1
6375	2
6376	0
6377	1
6378	2
6379	3
6380	0
6381	0
6382	0
6383	0
6384	0
6385	0
6386	0
6387	0
6388	0
6389	0
6390	0
6391	1
6392	0
6393	0
6394	1
6395	0
6396	1
6397	0
6398	1
6399	0
6400	0
6401	2
6402	1
6403	1
6404	1
6405	0
6406	1
6407	3
6408	1
6409	2
6410	1
6411	0
6412	0
6413	1
6414	1
6415	0
6416	1
6417	1
6418	1
6419	1
6420	1
6421	0
6422	0
6423	0
6424	0
6425	0
6426	2
6427	0
6428	0
6429	2
6430	0
6431	1
6432	0
6433	1
6434	1
6435	1
6436	1
6437	1
6438	1
6439	0
6440	0
6441	0
6442	1
6443	0
6444	0
6445	0
6446	0
6447	0
6448	0
6449	0
6450	1
6451	0
6452	0
6453	0
6454	0
6455	0
6456	1
6457	3
6458	0
6459	0
6460	2
6461	1
6462	0
6463	0
6464	0
6465	0
6466	0
6467	0
6468	1
6469	0
6470	0
6471	1
6472	0
6473	0
6474	0
6475	0
6476	0
6477	0
6478	0
6479	0
6480	0
6481	0
6482	1
6483	0
6484	1
6485	0
6486	0
6487	0
6488	0
6489	0
6490	0
6491	0
6492	0
6493	0
6494	0
6495	0
6496	1
6497	1
6498	0
6499	1
6500	0
6501	0
6502	1
6503	0
6504	0
6505	2
6506	0
6507	0
6508	0
6509	0
6510	0
6511	0
6512	0
6513	0
6514	1
6515	1
6516	0
6517	0
6518	0
6519	0
6520	0
6521	1
6522	0
6523	0
6524	1
6525	1
6526	1
6527	1
6528	0
6529	0
6530	0
6531	1
6532	0
6533	0
6534	0
6535	0
6536	0
6537	0
6538	0
6539	0
6540	0
6541	0
6542	1
6543	0
6544	0
6545	1
6546	0
6547	1
6548	1
6549	0
6550	0
6551	0
6552	0
6553	0
6554	0
6555	0
6556	0
6557	0
6558	0
6559	0
6560	0
6561	0
6562	0
6563	0
6564	0
6565	0
6566	0
6567	0
6568	0
6569	0
6570	0
6571	0
6572	0
6573	0
6574	0
6575	0
6576	0
6577	0
6578	0
6579	0
6580	0
6581	0
6582	0
6583	1
6584	0
6585	0
6586	0
6587	0
6588	0
6589	0
6590	1
6591	0
6592	0
6593	0
6594	0
6595	0
6596	0
6597	0
6598	0
6599	0
6600	0
6601	0
6602	0
6603	0
6604	0
6605	0
6606	0
6607	0
6608	0
6609	1
6610	0
6611	0
6612	0
6613	0
6614	0
6615	0
6616	0
6617	0
6618	1
6619	1
6620	0
6621	0
6622	0
6623	0
6624	0
6625	0
6626	1
6627	0
6628	0
6629	0
6630	2
6631	0
6632	2
6633	1
6634	0
6635	0
6636	0
6637	0
6638	0
6639	1
6640	1
6641	0
6642	0
6643	1
6644	0
6645	1
6646	0
6647	1
6648	0
6649	0
6650	0
6651	0
6652	0
6653	0
6654	0
6655	0
6656	0
6657	0
6658	1
6659	0
6660	0
6661	0
6662	0
6663	0
6664	0
6665	0
6666	0
6667	0
6668	0
6669	0
6670	0
6671	0
6672	0
6673	0
6674	0
6675	0
6676	0
6677	0
6678	0
6679	0
6680	0
6681	0
6682	0
6683	0
6684	0
6685	0
6686	0
6687	0
6688	0
6689	0
6690	0
6691	0
6692	2
6693	0
6694	0
6695	0
6696	0
6697	0
6698	0
6699	0
6700	0
6701	0
6702	0
6703	0
6704	0
6705	0
6706	0
6707	0
6708	0
6709	0
6710	0
6711	1
6712	0
6713	1
6714	0
6715	0
6716	0
6717	0
6718	0
6719	0
6720	0
6721	0
6722	0
6723	0
6724	0
6725	0
6726	0
6727	0
6728	0
6729	0
6730	0
6731	0
6732	0
6733	0
6734	0
6735	0
6736	0
6737	0
6738	0
6739	0
6740	0
6741	0
6742	0
6743	0
6744	0
6745	0
6746	0
6747	0
6748	0
6749	0
6750	0
6751	0
6752	1
6753	0
6754	0
6755	1
6756	0
6757	0
6758	0
6759	0
6760	0
6761	0
6762	0
6763	0
6764	0
6765	0
6766	0
6767	0
6768	0
6769	0
6770	0
6771	0
6772	0
6773	0
6774	0
6775	0
6776	0
6777	0
6778	0
6779	0
6780	0
6781	0
6782	0
6783	0
6784	0
6785	0
6786	1
6787	0
6788	1
6789	0
6790	1
6791	0
6792	0
6793	1
6794	0
6795	0
6796	0
6797	0
6798	0
6799	0
6800	0
6801	0
6802	0
6803	0
6804	0
6805	0
6806	0
6807	0
6808	0
6809	0
6810	1
6811	0
6812	1
6813	1
6814	0
6815	1
6816	0
6817	0
6818	0
6819	0
6820	0
6821	1
6822	0
6823	0
6824	1
6825	0
6826	0
6827	0
6828	0
6829	0
6830	0
6831	0
6832	0
6833	0
6834	0
6835	0
6836	1
6837	4
6838	9
6839	8
6840	16
6841	18
6842	45
6843	45
6844	34
6845	28
6846	13
6847	17
6848	9
6849	5
6850	4
6851	1
6852	0
6853	0
6854	0
6855	0
6856	0
6857	0
6858	0
6859	0
6860	0
6861	0
6862	0
6863	0
6864	0
6865	0
6866	0
6867	0
6868	0
6869	0
6870	0
6871	0
6872	0
6873	0
6874	0
6875	0
6876	0
6877	0
6878	0
6879	0
6880	0
6881	0
6882	0
6883	0
6884	0
6885	0
6886	0
6887	0
6888	0
6889	0
6890	0
6891	0
6892	0
6893	0
6894	0
6895	0
6896	0
6897	0
6898	0
6899	0
6900	0
6901	0
6902	0
6903	0
6904	0
6905	0
6906	0
6907	0
6908	0
6909	0
6910	0
6911	0
6912	0
6913	0
6914	0
6915	0
6916	0
6917	0
6918	0
6919	0
6920	0
6921	0
6922	0
6923	0
6924	0
6925	0
6926	0
6927	0
6928	0
6929	0
6930	0
6931	0
6932	0
6933	0
6934	0
6935	0
6936	0
6937	0
6938	0
6939	0
6940	0
6941	0
6942	0
6943	0
6944	0
6945	0
6946	0
6947	0
6948	0
6949	0
6950	0
6951	0
6952	0
6953	0
6954	0
6955	0
6956	0
6957	0
6958	0
6959	0
6960	0
6961	0
6962	0
6963	0
6964	0
6965	0
6966	0
6967	0
6968	0
6969	0
6970	0
6971	0
6972	0
6973	0
6974	0
6975	0
6976	0
6977	0
6978	0
6979	0
6980	0
6981	0
6982	0
6983	0
6984	0
6985	0
6986	0
6987	0
6988	0
6989	0
6990	0
6991	0
6992	0
6993	0
6994	0
6995	0
6996	0
6997	0
6998	0
6999	0
7000	0
7001	0
7002	0
7003	0
7004	0
7005	0
7006	0
7007	0
7008	0
7009	0
7010	0
7011	0
7012	0
7013	0
7014	0
7015	0
7016	0
7017	0
7018	0
7019	0
7020	0
7021	0
7022	0
7023	0
7024	0
7025	0
7026	0
7027	0
7028	0
7029	0
7030	0
7031	0
7032	0
7033	0
7034	0
7035	0
7036	0
7037	0
7038	0
7039	0
7040	0
7041	0
7042	0
7043	0
7044	0
7045	0
7046	0
7047	0
7048	0
7049	0
7050	0
7051	0
7052	0
7053	0
7054	0
7055	0
7056	0
7057	0
7058	0
7059	0
7060	0
7061	0
7062	0
7063	0
7064	0
7065	0
7066	0
7067	0
7068	0
7069	0
7070	0
7071	0
7072	0
7073	0
7074	0
7075	0
7076	0
7077	0
7078	0
7079	0
7080	0
7081	0
7082	0
7083	0
7084	0
7085	0
7086	0
7087	0
7088	0
7089	0
7090	0
7091	0
7092	0
7093	0
7094	0
7095	0
7096	0
7097	0
7098	0
7099	0
7100	0
7101	0
7102	0
7103	0
7104	0
7105	0
7106	0
7107	0
7108	0
7109	0
7110	0
7111	0
7112	0
7113	0
7114	0
7115	0
7116	0
7117	0
7118	0
7119	0
7120	0
7121	0
7122	0
7123	0
7124	0
7125	0
7126	0
7127	0
7128	0
7129	0
7130	0
7131	0
7132	0
7133	0
7134	0
7135	0
7136	0
7137	0
7138	0
7139	0
7140	0
7141	0
7142	0
7143	0
7144	0
7145	0
7146	0
7147	0
7148	0
7149	0
7150	0
7151	0
7152	0
7153	0
7154	0
7155	0
7156	0
7157	0
7158	0
7159	0
7160	0
7161	0
7162	0
7163	0
7164	0
7165	0
7166	0
7167	0
7168	0
7169	0
7170	0
7171	0
7172	0
7173	0
7174	0
7175	0
7176	0
7177	0
7178	0
7179	0
7180	0
7181	0
7182	0
7183	0
7184	0
7185	0
7186	0
7187	0
7188	0
7189	0
7190	0
7191	0
7192	0
7193	0
7194	0
7195	0
7196	0
7197	0
7198	0
7199	0
7200	0
7201	0
7202	0
7203	0
7204	0
7205	0
7206	0
7207	0
7208	0
7209	0
7210	0
7211	0
7212	0
7213	0
7214	0
7215	0
7216	0
7217	0
7218	0
7219	0
7220	0
7221	0
7222	0
7223	0
7224	0
7225	0
7226	0
7227	0
7228	0
7229	0
7230	0
7231	0
7232	0
7233	0
7234	0
7235	0
7236	0
7237	0
7238	0
7239	0
7240	0
7241	0
7242	0
7243	0
7244	0
7245	0
7246	0
7247	0
7248	0
7249	0
7250	0
7251	0
7252	0
7253	0
7254	0
7255	0
7256	0
7257	0
7258	0
7259	0
7260	0
7261	0
7262	0
7263	0
7264	0
7265	0
7266	0
7267	0
7268	0
7269	0
7270	0
7271	0
7272	0
7273	0
7274	0
7275	0
7276	0
7277	0
7278	0
7279	0
7280	0
7281	0
7282	0
7283	0
7284	0
7285	0
7286	0
7287	0
7288	0
7289	0
7290	0
7291	0
7292	0
7293	0
7294	0
7295	0
7296	0
7297	0
7298	0
7299	0
7300	0
7301	0
7302	0
7303	0
7304	0
7305	0
7306	0
7307	0
7308	0
7309	0
7310	0
7311	0
7312	0
7313	0
7314	0
7315	0
7316	0
7317	0
7318	0
7319	0
7320	0
7321	0
7322	0
7323	0
7324	0
7325	0
7326	0
7327	0
7328	0
7329	0
7330	0
7331	0
7332	0
7333	0
7334	0
7335	0
7336	0
7337	0
7338	0
7339	0
7340	0
7341	0
7342	0
7343	0
7344	0
7345	0
7346	0
7347	0
7348	0
7349	0
7350	0
7351	0
7352	0
7353	0
7354	0
7355	0
7356	0
7357	0
7358	0
7359	0
7360	0
7361	0
7362	0
7363	0
7364	0
7365	0
7366	0
7367	0
7368	0
7369	0
7370	0
7371	0
7372	0
7373	0
7374	0
7375	0
7376	0
7377	0
7378	0
7379	0
7380	0
7381	0
7382	0
7383	0
7384	0
7385	0
7386	0
7387	0
7388	0
7389	0
7390	0
7391	0
7392	0
7393	0
7394	0
7395	0
7396	0
7397	0
7398	0
7399	0
7400	0
7401	0
7402	0
7403	0
7404	0
7405	0
7406	0
7407	0
7408	0
7409	0
7410	0
7411	0
7412	0
7413	0
7414	0
7415	0
7416	0
7417	0
7418	0
7419	0
7420	0
7421	0
7422	0
7423	0
7424	0
7425	0
7426	0
7427	0
7428	0
7429	0
7430	0
7431	0
7432	0
7433	0
7434	0
7435	0
7436	0
7437	0
7438	0
7439	0
7440	0
7441	0
7442	0
7443	0
7444	0
7445	0
7446	0
7447	0
7448	0
7449	0
7450	0
7451	0
7452	0
7453	0
7454	0
7455	0
7456	0
7457	0
7458	0
7459	0
7460	0
7461	0
7462	0
7463	0
7464	0
7465	0
7466	0
7467	0
7468	0
7469	0
7470	0
7471	0
7472	0
7473	0
7474	0
7475	0
7476	0
7477	0
7478	0
7479	0
7480	0
7481	0
7482	0
7483	0
7484	0
7485	0
7486	0
7487	0
7488	0
7489	0
7490	0
7491	0
7492	0
7493	0
7494	0
7495	0
7496	0
7497	0
7498	0
7499	0
7500	0
7501	0
7502	0
7503	0
7504	0
7505	0
7506	0
7507	0
7508	0
7509	0
7510	0
7511	0
7512	0
7513	0
7514	0
7515	0
7516	0
7517	0
7518	0
7519	0
7520	0
7521	0
7522	0
7523	0
7524	0
7525	0
7526	0
7527	0
7528	0
7529	0
7530	0
7531	0
7532	0
7533	0
7534	0
7535	0
7536	0
7537	0
7538	0
7539	0
7540	0
7541	0
7542	0
7543	0
7544	0
7545	0
7546	0
7547	0
7548	0
7549	0
7550	0
7551	0
7552	0
7553	0
7554	0
7555	0
7556	0
7557	0
7558	0
7559	0
7560	0
7561	0
7562	0
7563	0
7564	0
7565	0
7566	0
7567	0
7568	0
7569	0
7570	0
7571	0
7572	0
7573	0
7574	0
7575	0
7576	0
7577	0
7578	0
7579	0
7580	0
7581	0
7582	0
7583	0
7584	0
7585	0
7586	0
7587	0
7588	0
7589	0
7590	0
7591	0
7592	0
7593	0
7594	0
7595	0
7596	0
7597	0
7598	0
7599	0
7600	0
7601	0
7602	0
7603	0
7604	0
7605	0
7606	0
7607	0
7608	0
7609	0
7610	0
7611	0
7612	0
7613	0
7614	0
7615	0
7616	0
7617	0
7618	0
7619	0
7620	0
7621	0
7622	0
7623	0
7624	0
7625	0
7626	0
7627	0
7628	0
7629	0
7630	0
7631	0
7632	0
7633	0
7634	0
7635	0
7636	0
7637	0
7638	0
7639	0
7640	0
7641	0
7642	0
7643	0
7644	0
7645	0
7646	0
7647	0
7648	0
7649	0
7650	0
7651	0
7652	0
7653	0
7654	0
7655	0
7656	0
7657	0
7658	0
7659	0
7660	0
7661	0
7662	0
7663	0
7664	0
7665	0
7666	0
7667	0
7668	0
7669	0
7670	0
7671	0
7672	0
7673	0
7674	0
7675	0
7676	0
7677	0
7678	0
7679	0
7680	0
7681	0
7682	0
7683	0
7684	0
7685	0
7686	0
7687	0
7688	0
7689	0
7690	0
7691	0
7692	0
7693	0
7694	0
7695	0
7696	0
7697	0
7698	0
7699	0
7700	0
7701	0
7702	0
7703	0
7704	0
7705	0
7706	0
7707	0
7708	0
7709	0
7710	0
7711	0
7712	0
7713	0
7714	0
7715	0
7716	0
7717	0
7718	0
7719	0
7720	0
7721	0
7722	0
7723	0
7724	0
7725	0
7726	0
7727	0
7728	0
7729	0
7730	0
7731	0
7732	0
7733	0
7734	0
7735	0
7736	0
7737	0
7738	0
7739	0
7740	0
7741	0
7742	0
7743	0
7744	0
7745	0
7746	0
7747	0
7748	0
7749	0
7750	0
7751	0
7752	0
7753	0
7754	0
7755	0
7756	0
7757	0
7758	0
7759	0
7760	0
7761	0
7762	0
7763	0
7764	0
7765	0
7766	0
7767	0
7768	0
7769	0
7770	0
7771	0
7772	0
7773	0
7774	0
7775	0
7776	0
7777	0
7778	0
7779	0
7780	0
7781	0
7782	0
7783	0
7784	0
7785	0
7786	0
7787	0
7788	0
7789	0
7790	0
7791	0
7792	0
7793	0
7794	0
7795	0
7796	0
7797	0
7798	0
7799	0
7800	0
7801	0
7802	0
7803	0
7804	0
7805	0
7806	0
7807	0
7808	0
7809	0
7810	0
7811	0
7812	0
7813	0
7814	0
7815	0
7816	0
7817	0
7818	0
7819	0
7820	0
7821	0
7822	0
7823	0
7824	0
7825	0
7826	0
7827	0
7828	0
7829	0
7830	0
7831	0
7832	0
7833	0
7834	0
7835	0
7836	0
7837	0
7838	0
7839	0
7840	0
7841	0
7842	0
7843	0
7844	0
7845	0
7846	0
7847	0
7848	0
7849	0
7850	0
7851	0
7852	0
7853	0
7854	0
7855	0
7856	0
7857	0
7858	0
7859	0
7860	0
7861	0
7862	0
7863	0
7864	0
7865	0
7866	0
7867	0
7868	0
7869	0
7870	0
7871	0
7872	0
7873	0
7874	0
7875	0
7876	0
7877	0
7878	0
7879	0
7880	0
7881	0
7882	0
7883	0
7884	0
7885	0
7886	0
7887	0
7888	0
7889	0
7890	0
7891	0
7892	0
7893	0
7894	0
7895	0
7896	0
7897	0
7898	0
7899	0
7900	0
7901	0
7902	0
7903	0
7904	0
7905	0
7906	0
7907	0
7908	0
7909	0
7910	0
7911	0
7912	0
7913	0
7914	0
7915	0
7916	0
7917	0
7918	0
7919	0
7920	0
7921	0
7922	0
7923	0
7924	0
7925	0
7926	0
7927	0
7928	0
7929	0
7930	0
7931	0
7932	0
7933	0
7934	0
7935	0
7936	0
7937	0
7938	0
7939	0
7940	0
7941	0
7942	0
7943	0
7944	0
7945	0
7946	0
7947	0
7948	0
7949	0
7950	0
7951	0
7952	0
7953	0
7954	0
7955	0
7956	0
7957	0
7958	0
7959	0
7960	0
7961	0
7962	0
7963	0
7964	0
7965	0
7966	0
7967	0
7968	0
7969	0
7970	0
7971	0
7972	0
7973	0
7974	0
7975	0
7976	0
7977	0
7978	0
7979	0
7980	0
7981	0
7982	0
7983	0
7984	0
7985	0
7986	0
7987	0
7988	0
7989	0
7990	0
7991	0
7992	0
7993	0
7994	0
7995	0
7996	0
7997	0
7998	0
7999	0
8000	0
8001	0
8002	0
8003	0
8004	0
8005	0
8006	0
8007	0
8008	0
8009	0
8010	0
8011	0
8012	0
8013	0
8014	0
8015	0
8016	0
8017	0
8018	0
8019	0
8020	0
8021	0
8022	0
8023	0
8024	0
8025	0
8026	0
8027	0
8028	0
8029	0
8030	0
8031	0
8032	0
8033	0
8034	0
8035	0
8036	0
8037	0
8038	0
8039	0
8040	0
8041	0
8042	0
8043	0
8044	0
8045	0
8046	0
8047	0
8048	0
8049	0
8050	0
8051	0
8052	0
8053	0
8054	0
8055	0
8056	0
8057	0
8058	0
8059	0
8060	0
8061	0
8062	0
8063	0
8064	0
8065	0
8066	0
8067	0
8068	0
8069	0
8070	0
8071	0
8072	0
8073	0
8074	0
8075	0
8076	0
8077	0
8078	0
8079	0
8080	0
8081	0
8082	0
8083	0
8084	0
8085	0
8086	0
8087	0
8088	0
8089	0
8090	0
8091	0
8092	0
8093	0
8094	0
8095	0
8096	0
8097	0
8098	0
8099	0
8100	0
8101	0
8102	0
8103	0
8104	0
8105	0
8106	0
8107	0
8108	0
8109	0
8110	0
8111	0
8112	0
8113	0
8114	0
8115	0
8116	0
8117	0
8118	0
8119	0
8120	0
8121	0
8122	0
8123	0
8124	0
8125	0
8126	0
8127	0
8128	0
8129	0
8130	0
8131	0
8132	0
8133	0
8134	0
8135	0
8136	0
8137	0
8138	0
8139	0
8140	0
8141	0
8142	0
8143	0
8144	0
8145	0
8146	0
8147	0
8148	0
8149	0
8150	0
8151	0
8152	0
8153	0
8154	0
8155	0
8156	0
8157	0
8158	0
8159	0
8160	0
8161	0
8162	0
8163	0
8164	0
8165	0
8166	0
8167	0
8168	0
8169	0
8170	0
8171	0
8172	0
8173	0
8174	0
8175	0
8176	0
8177	0
8178	0
8179	0
8180	0
8181	0
8182	0
8183	0
8184	0
8185	0
8186	0
8187	0
8188	0
8189	0
8190	0
8191	0
8192	0
