SHIFR=
TLIVE=100.0
TREAL=100.0
SPECTRTXT=8192
1	47
2	62
3	55
4	70
5	57
6	70
7	63
8	74
9	71
10	71
11	86
12	90
13	101
14	111
15	115
16	154
17	227
18	493
19	862
20	1084
21	850
22	488
23	217
24	163
25	197
26	448
27	864
28	1347
29	2208
30	3109
31	3471
32	2671
33	1326
34	440
35	226
36	243
37	225
38	218
39	212
40	153
41	114
42	130
43	358
44	545
45	706
46	575
47	456
48	347
49	281
50	226
51	191
52	107
53	82
54	64
55	47
56	57
57	60
58	49
59	58
60	55
61	62
62	52
63	45
64	67
65	40
66	42
67	46
68	45
69	52
70	56
71	52
72	41
73	47
74	56
75	66
76	59
77	54
78	35
79	56
80	58
81	53
82	65
83	57
84	55
85	72
86	79
87	77
88	78
89	91
90	83
91	85
92	81
93	102
94	116
95	141
96	199
97	202
98	252
99	302
100	343
101	401
102	457
103	475
104	535
105	581
106	864
107	4811
108	11040
109	12299
110	19014
111	7923
112	656
113	123
114	98
115	181
116	239
117	296
118	379
119	277
120	175
121	190
122	225
123	1120
124	3880
125	4982
126	1913
127	1008
128	1950
129	825
130	114
131	57
132	71
133	103
134	89
135	65
136	69
137	69
138	55
139	48
140	35
141	33
142	30
143	43
144	48
145	48
146	45
147	47
148	40
149	36
150	44
151	47
152	45
153	52
154	53
155	41
156	45
157	33
158	38
159	37
160	53
161	58
162	50
163	48
164	44
165	33
166	45
167	46
168	42
169	44
170	41
171	61
172	57
173	46
174	61
175	62
176	43
177	45
178	57
179	54
180	45
181	53
182	52
183	46
184	43
185	53
186	54
187	56
188	54
189	47
190	57
191	46
192	61
193	50
194	38
195	44
196	54
197	48
198	48
199	48
200	42
201	64
202	54
203	49
204	52
205	55
206	46
207	50
208	34
209	37
210	46
211	54
212	48
213	31
214	29
215	56
216	52
217	34
218	36
219	53
220	51
221	42
222	39
223	42
224	56
225	45
226	47
227	60
228	53
229	46
230	57
231	42
232	52
233	61
234	38
235	58
236	55
237	57
238	69
239	70
240	65
241	79
242	111
243	130
244	165
245	128
246	94
247	75
248	70
249	72
250	79
251	82
252	105
253	210
254	343
255	415
256	352
257	182
258	125
259	76
260	56
261	67
262	71
263	46
264	55
265	65
266	66
267	63
268	73
269	78
270	56
271	68
272	65
273	75
274	69
275	66
276	74
277	76
278	81
279	79
280	88
281	75
282	73
283	79
284	69
285	73
286	83
287	69
288	74
289	73
290	80
291	75
292	77
293	74
294	77
295	77
296	73
297	81
298	70
299	74
300	65
301	83
302	96
303	86
304	94
305	95
306	84
307	95
308	75
309	93
310	106
311	114
312	96
313	113
314	124
315	97
316	87
317	115
318	109
319	112
320	106
321	119
322	106
323	115
324	138
325	126
326	137
327	128
328	124
329	118
330	177
331	1644
332	9852
333	18681
334	9933
335	1507
336	94
337	24
338	33
339	32
340	36
341	45
342	27
343	29
344	39
345	29
346	28
347	41
348	32
349	42
350	43
351	48
352	48
353	50
354	42
355	29
356	40
357	33
358	36
359	35
360	42
361	38
362	41
363	38
364	31
365	24
366	28
367	40
368	36
369	34
370	40
371	28
372	44
373	40
374	35
375	35
376	27
377	35
378	51
379	47
380	32
381	32
382	36
383	33
384	46
385	41
386	38
387	36
388	45
389	37
390	44
391	41
392	34
393	52
394	37
395	34
396	39
397	36
398	24
399	26
400	48
401	39
402	49
403	38
404	49
405	44
406	39
407	38
408	33
409	35
410	32
411	49
412	46
413	29
414	48
415	49
416	44
417	46
418	45
419	45
420	55
421	43
422	33
423	37
424	28
425	30
426	36
427	35
428	41
429	44
430	42
431	59
432	50
433	48
434	42
435	34
436	46
437	40
438	45
439	44
440	45
441	38
442	43
443	36
444	43
445	34
446	42
447	42
448	42
449	46
450	40
451	38
452	51
453	45
454	46
455	49
456	39
457	45
458	44
459	49
460	35
461	45
462	35
463	35
464	41
465	52
466	51
467	57
468	53
469	52
470	40
471	48
472	49
473	45
474	38
475	42
476	38
477	37
478	40
479	32
480	34
481	51
482	45
483	49
484	35
485	44
486	46
487	50
488	50
489	47
490	52
491	49
492	56
493	45
494	45
495	46
496	40
497	35
498	48
499	52
500	49
501	33
502	54
503	46
504	54
505	50
506	49
507	51
508	50
509	45
510	56
511	53
512	39
513	50
514	44
515	58
516	54
517	56
518	61
519	36
520	44
521	42
522	43
523	42
524	30
525	55
526	49
527	62
528	62
529	46
530	51
531	44
532	39
533	39
534	57
535	39
536	53
537	54
538	45
539	46
540	43
541	41
542	30
543	38
544	36
545	34
546	34
547	39
548	40
549	31
550	32
551	39
552	46
553	42
554	54
555	44
556	48
557	34
558	36
559	35
560	36
561	30
562	26
563	40
564	26
565	27
566	40
567	26
568	32
569	37
570	35
571	31
572	31
573	39
574	43
575	34
576	39
577	40
578	39
579	47
580	55
581	46
582	49
583	34
584	34
585	39
586	34
587	38
588	31
589	52
590	48
591	55
592	49
593	32
594	37
595	43
596	31
597	40
598	28
599	31
600	21
601	31
602	30
603	42
604	40
605	39
606	30
607	36
608	34
609	37
610	30
611	41
612	47
613	34
614	51
615	36
616	36
617	39
618	32
619	43
620	29
621	39
622	39
623	31
624	37
625	32
626	41
627	27
628	37
629	28
630	32
631	38
632	33
633	37
634	35
635	33
636	21
637	38
638	30
639	27
640	35
641	37
642	39
643	38
644	43
645	33
646	30
647	34
648	32
649	31
650	30
651	36
652	31
653	33
654	39
655	27
656	36
657	42
658	34
659	30
660	31
661	27
662	31
663	34
664	41
665	36
666	53
667	433
668	1660
669	2620
670	1692
671	403
672	66
673	29
674	28
675	39
676	30
677	38
678	45
679	28
680	20
681	31
682	24
683	23
684	34
685	22
686	39
687	37
688	53
689	37
690	30
691	38
692	34
693	35
694	24
695	26
696	12
697	24
698	26
699	28
700	36
701	28
702	24
703	29
704	30
705	33
706	26
707	29
708	27
709	32
710	29
711	28
712	23
713	18
714	27
715	30
716	24
717	41
718	36
719	37
720	35
721	32
722	32
723	32
724	25
725	26
726	25
727	34
728	27
729	25
730	33
731	26
732	27
733	30
734	30
735	44
736	35
737	32
738	35
739	28
740	38
741	38
742	38
743	39
744	31
745	29
746	26
747	34
748	24
749	20
750	24
751	26
752	32
753	36
754	32
755	29
756	24
757	25
758	34
759	22
760	22
761	25
762	21
763	23
764	22
765	29
766	27
767	27
768	20
769	31
770	22
771	27
772	20
773	33
774	33
775	32
776	27
777	32
778	25
779	23
780	22
781	32
782	21
783	30
784	25
785	29
786	21
787	23
788	18
789	26
790	27
791	28
792	27
793	23
794	18
795	31
796	20
797	23
798	15
799	17
800	22
801	26
802	28
803	26
804	31
805	20
806	30
807	54
808	108
809	154
810	118
811	57
812	41
813	15
814	25
815	31
816	22
817	24
818	28
819	27
820	30
821	37
822	21
823	26
824	21
825	23
826	30
827	24
828	36
829	40
830	28
831	29
832	30
833	23
834	20
835	21
836	22
837	21
838	28
839	25
840	32
841	15
842	37
843	26
844	23
845	18
846	17
847	25
848	24
849	29
850	38
851	33
852	35
853	34
854	25
855	24
856	35
857	28
858	31
859	36
860	52
861	74
862	59
863	47
864	31
865	28
866	17
867	28
868	21
869	24
870	19
871	19
872	16
873	30
874	20
875	23
876	19
877	15
878	21
879	34
880	22
881	21
882	29
883	28
884	33
885	30
886	36
887	45
888	46
889	34
890	27
891	31
892	25
893	30
894	26
895	36
896	22
897	14
898	40
899	26
900	53
901	40
902	34
903	34
904	31
905	40
906	19
907	22
908	27
909	9
910	24
911	29
912	25
913	24
914	26
915	21
916	21
917	18
918	28
919	15
920	26
921	27
922	15
923	20
924	20
925	22
926	17
927	12
928	30
929	24
930	30
931	21
932	20
933	19
934	22
935	22
936	14
937	40
938	217
939	1318
940	3820
941	5702
942	3999
943	1201
944	201
945	32
946	21
947	20
948	17
949	20
950	21
951	18
952	23
953	22
954	24
955	23
956	23
957	25
958	20
959	30
960	17
961	21
962	26
963	21
964	22
965	19
966	13
967	14
968	13
969	18
970	16
971	23
972	18
973	21
974	13
975	17
976	24
977	15
978	20
979	22
980	14
981	20
982	18
983	13
984	13
985	10
986	14
987	13
988	17
989	20
990	16
991	21
992	14
993	27
994	25
995	13
996	30
997	25
998	14
999	22
1000	22
1001	23
1002	20
1003	50
1004	123
1005	166
1006	130
1007	55
1008	20
1009	15
1010	17
1011	29
1012	27
1013	24
1014	23
1015	20
1016	19
1017	18
1018	10
1019	14
1020	21
1021	13
1022	22
1023	19
1024	23
1025	23
1026	19
1027	18
1028	15
1029	19
1030	13
1031	23
1032	18
1033	20
1034	13
1035	13
1036	17
1037	22
1038	25
1039	13
1040	15
1041	11
1042	15
1043	18
1044	14
1045	23
1046	18
1047	16
1048	26
1049	12
1050	14
1051	22
1052	19
1053	23
1054	26
1055	25
1056	40
1057	18
1058	19
1059	15
1060	17
1061	24
1062	18
1063	17
1064	16
1065	22
1066	22
1067	13
1068	17
1069	24
1070	10
1071	25
1072	21
1073	23
1074	10
1075	17
1076	12
1077	18
1078	16
1079	18
1080	20
1081	21
1082	18
1083	21
1084	19
1085	21
1086	17
1087	13
1088	14
1089	18
1090	23
1091	13
1092	26
1093	8
1094	16
1095	20
1096	15
1097	21
1098	16
1099	14
1100	14
1101	21
1102	25
1103	22
1104	14
1105	19
1106	22
1107	16
1108	16
1109	20
1110	20
1111	16
1112	20
1113	19
1114	16
1115	13
1116	15
1117	20
1118	13
1119	17
1120	37
1121	117
1122	254
1123	368
1124	282
1125	106
1126	33
1127	19
1128	9
1129	17
1130	17
1131	14
1132	20
1133	16
1134	16
1135	20
1136	27
1137	30
1138	29
1139	18
1140	12
1141	18
1142	23
1143	14
1144	20
1145	16
1146	16
1147	23
1148	20
1149	18
1150	22
1151	17
1152	11
1153	21
1154	22
1155	25
1156	10
1157	24
1158	14
1159	18
1160	16
1161	16
1162	17
1163	20
1164	22
1165	23
1166	18
1167	22
1168	14
1169	14
1170	22
1171	14
1172	23
1173	15
1174	10
1175	16
1176	15
1177	19
1178	17
1179	14
1180	21
1181	12
1182	29
1183	20
1184	14
1185	20
1186	15
1187	19
1188	13
1189	15
1190	17
1191	14
1192	9
1193	11
1194	15
1195	7
1196	19
1197	17
1198	25
1199	26
1200	15
1201	28
1202	18
1203	18
1204	13
1205	15
1206	19
1207	12
1208	17
1209	11
1210	38
1211	134
1212	303
1213	445
1214	314
1215	129
1216	42
1217	18
1218	14
1219	16
1220	21
1221	16
1222	15
1223	19
1224	13
1225	15
1226	20
1227	14
1228	13
1229	9
1230	16
1231	12
1232	5
1233	10
1234	17
1235	23
1236	17
1237	15
1238	19
1239	25
1240	13
1241	11
1242	11
1243	12
1244	14
1245	15
1246	11
1247	13
1248	13
1249	9
1250	17
1251	17
1252	12
1253	19
1254	27
1255	17
1256	20
1257	18
1258	24
1259	18
1260	14
1261	24
1262	11
1263	20
1264	11
1265	18
1266	22
1267	15
1268	15
1269	21
1270	18
1271	15
1272	16
1273	10
1274	21
1275	15
1276	14
1277	9
1278	16
1279	26
1280	19
1281	19
1282	13
1283	11
1284	7
1285	19
1286	19
1287	20
1288	15
1289	12
1290	16
1291	12
1292	17
1293	12
1294	10
1295	18
1296	14
1297	15
1298	15
1299	12
1300	28
1301	16
1302	24
1303	15
1304	13
1305	16
1306	14
1307	15
1308	13
1309	11
1310	14
1311	18
1312	11
1313	11
1314	19
1315	21
1316	14
1317	22
1318	19
1319	18
1320	9
1321	21
1322	14
1323	15
1324	14
1325	17
1326	15
1327	23
1328	11
1329	12
1330	19
1331	17
1332	22
1333	39
1334	64
1335	57
1336	50
1337	33
1338	16
1339	15
1340	18
1341	14
1342	18
1343	14
1344	19
1345	11
1346	22
1347	16
1348	24
1349	20
1350	12
1351	7
1352	8
1353	12
1354	16
1355	16
1356	23
1357	17
1358	19
1359	18
1360	18
1361	21
1362	18
1363	15
1364	20
1365	13
1366	22
1367	9
1368	15
1369	26
1370	12
1371	14
1372	17
1373	19
1374	41
1375	35
1376	38
1377	26
1378	13
1379	11
1380	13
1381	20
1382	14
1383	27
1384	18
1385	17
1386	13
1387	12
1388	14
1389	18
1390	22
1391	13
1392	13
1393	6
1394	19
1395	18
1396	26
1397	25
1398	13
1399	15
1400	13
1401	15
1402	18
1403	20
1404	20
1405	24
1406	19
1407	14
1408	20
1409	20
1410	17
1411	25
1412	21
1413	18
1414	18
1415	18
1416	18
1417	14
1418	15
1419	17
1420	28
1421	20
1422	19
1423	27
1424	10
1425	16
1426	16
1427	10
1428	23
1429	13
1430	11
1431	22
1432	16
1433	14
1434	17
1435	16
1436	16
1437	20
1438	14
1439	14
1440	19
1441	17
1442	26
1443	18
1444	16
1445	20
1446	12
1447	8
1448	9
1449	20
1450	9
1451	8
1452	16
1453	9
1454	21
1455	20
1456	10
1457	15
1458	31
1459	29
1460	28
1461	20
1462	18
1463	14
1464	20
1465	15
1466	9
1467	12
1468	13
1469	17
1470	14
1471	20
1472	10
1473	16
1474	15
1475	14
1476	16
1477	12
1478	11
1479	23
1480	10
1481	12
1482	17
1483	20
1484	17
1485	15
1486	19
1487	10
1488	17
1489	15
1490	20
1491	12
1492	17
1493	14
1494	21
1495	26
1496	21
1497	12
1498	16
1499	13
1500	12
1501	10
1502	17
1503	17
1504	8
1505	12
1506	9
1507	12
1508	15
1509	13
1510	12
1511	16
1512	13
1513	16
1514	12
1515	10
1516	17
1517	21
1518	17
1519	19
1520	15
1521	20
1522	31
1523	26
1524	21
1525	27
1526	15
1527	15
1528	7
1529	12
1530	11
1531	14
1532	18
1533	16
1534	11
1535	14
1536	21
1537	20
1538	24
1539	41
1540	60
1541	78
1542	58
1543	26
1544	28
1545	21
1546	31
1547	32
1548	29
1549	22
1550	18
1551	13
1552	18
1553	20
1554	8
1555	13
1556	20
1557	14
1558	14
1559	9
1560	12
1561	19
1562	14
1563	12
1564	12
1565	9
1566	11
1567	18
1568	16
1569	11
1570	16
1571	14
1572	11
1573	24
1574	16
1575	27
1576	17
1577	17
1578	19
1579	17
1580	22
1581	14
1582	14
1583	16
1584	23
1585	15
1586	24
1587	22
1588	27
1589	17
1590	25
1591	15
1592	18
1593	13
1594	21
1595	20
1596	20
1597	16
1598	19
1599	37
1600	53
1601	47
1602	50
1603	22
1604	21
1605	13
1606	12
1607	15
1608	11
1609	18
1610	20
1611	11
1612	17
1613	19
1614	13
1615	16
1616	13
1617	13
1618	13
1619	11
1620	18
1621	16
1622	12
1623	5
1624	18
1625	15
1626	26
1627	8
1628	19
1629	21
1630	8
1631	12
1632	16
1633	11
1634	9
1635	14
1636	14
1637	19
1638	18
1639	11
1640	10
1641	13
1642	8
1643	13
1644	20
1645	15
1646	7
1647	16
1648	17
1649	12
1650	12
1651	18
1652	21
1653	13
1654	14
1655	8
1656	15
1657	18
1658	14
1659	13
1660	14
1661	12
1662	14
1663	11
1664	11
1665	15
1666	16
1667	17
1668	14
1669	17
1670	10
1671	16
1672	12
1673	16
1674	11
1675	11
1676	11
1677	12
1678	16
1679	13
1680	14
1681	12
1682	16
1683	19
1684	18
1685	17
1686	15
1687	17
1688	8
1689	11
1690	11
1691	9
1692	13
1693	9
1694	10
1695	12
1696	12
1697	8
1698	14
1699	10
1700	16
1701	10
1702	13
1703	12
1704	13
1705	8
1706	7
1707	10
1708	15
1709	20
1710	11
1711	11
1712	16
1713	18
1714	12
1715	19
1716	14
1717	17
1718	14
1719	11
1720	10
1721	17
1722	13
1723	10
1724	10
1725	16
1726	16
1727	9
1728	7
1729	6
1730	14
1731	18
1732	8
1733	14
1734	11
1735	16
1736	11
1737	9
1738	10
1739	8
1740	11
1741	13
1742	13
1743	15
1744	16
1745	11
1746	9
1747	21
1748	17
1749	18
1750	11
1751	16
1752	14
1753	21
1754	11
1755	16
1756	15
1757	20
1758	12
1759	18
1760	12
1761	22
1762	19
1763	12
1764	11
1765	12
1766	11
1767	9
1768	9
1769	11
1770	12
1771	14
1772	13
1773	10
1774	10
1775	8
1776	9
1777	8
1778	11
1779	14
1780	13
1781	14
1782	15
1783	9
1784	20
1785	13
1786	13
1787	16
1788	12
1789	17
1790	22
1791	12
1792	22
1793	28
1794	25
1795	21
1796	4
1797	10
1798	13
1799	15
1800	11
1801	10
1802	12
1803	19
1804	13
1805	13
1806	12
1807	11
1808	13
1809	14
1810	11
1811	15
1812	20
1813	9
1814	16
1815	16
1816	24
1817	9
1818	16
1819	13
1820	20
1821	18
1822	19
1823	18
1824	10
1825	5
1826	13
1827	18
1828	18
1829	7
1830	8
1831	8
1832	10
1833	17
1834	12
1835	12
1836	16
1837	16
1838	13
1839	14
1840	9
1841	15
1842	23
1843	20
1844	28
1845	19
1846	18
1847	12
1848	8
1849	11
1850	15
1851	13
1852	14
1853	41
1854	40
1855	39
1856	36
1857	15
1858	15
1859	19
1860	15
1861	20
1862	18
1863	15
1864	7
1865	13
1866	13
1867	14
1868	5
1869	18
1870	7
1871	11
1872	10
1873	18
1874	6
1875	12
1876	13
1877	11
1878	21
1879	29
1880	47
1881	79
1882	54
1883	26
1884	14
1885	13
1886	9
1887	14
1888	14
1889	14
1890	13
1891	13
1892	7
1893	10
1894	10
1895	10
1896	5
1897	12
1898	12
1899	15
1900	14
1901	16
1902	12
1903	8
1904	15
1905	19
1906	15
1907	11
1908	13
1909	16
1910	11
1911	10
1912	12
1913	9
1914	13
1915	11
1916	17
1917	10
1918	7
1919	16
1920	22
1921	19
1922	13
1923	8
1924	8
1925	15
1926	9
1927	19
1928	8
1929	7
1930	23
1931	18
1932	6
1933	12
1934	11
1935	9
1936	10
1937	12
1938	11
1939	13
1940	8
1941	15
1942	11
1943	16
1944	8
1945	11
1946	14
1947	12
1948	12
1949	14
1950	17
1951	15
1952	13
1953	12
1954	18
1955	8
1956	19
1957	17
1958	20
1959	16
1960	20
1961	9
1962	16
1963	21
1964	32
1965	49
1966	19
1967	28
1968	9
1969	13
1970	15
1971	7
1972	13
1973	13
1974	18
1975	16
1976	8
1977	13
1978	13
1979	10
1980	10
1981	13
1982	11
1983	10
1984	12
1985	13
1986	8
1987	17
1988	17
1989	7
1990	8
1991	16
1992	20
1993	10
1994	18
1995	12
1996	24
1997	6
1998	18
1999	10
2000	6
2001	16
2002	16
2003	7
2004	13
2005	14
2006	12
2007	15
2008	11
2009	17
2010	14
2011	17
2012	11
2013	9
2014	11
2015	10
2016	14
2017	14
2018	9
2019	14
2020	10
2021	19
2022	12
2023	10
2024	16
2025	19
2026	13
2027	16
2028	12
2029	14
2030	11
2031	11
2032	14
2033	8
2034	9
2035	8
2036	7
2037	14
2038	15
2039	9
2040	14
2041	12
2042	10
2043	10
2044	12
2045	6
2046	11
2047	13
2048	21
2049	19
2050	20
2051	11
2052	15
2053	11
2054	11
2055	9
2056	7
2057	3
2058	11
2059	13
2060	8
2061	13
2062	13
2063	11
2064	15
2065	12
2066	18
2067	27
2068	3
2069	17
2070	24
2071	8
2072	15
2073	12
2074	12
2075	11
2076	9
2077	22
2078	14
2079	7
2080	11
2081	8
2082	13
2083	13
2084	12
2085	7
2086	9
2087	19
2088	19
2089	15
2090	14
2091	14
2092	21
2093	8
2094	12
2095	10
2096	14
2097	7
2098	11
2099	12
2100	12
2101	18
2102	16
2103	14
2104	8
2105	7
2106	9
2107	8
2108	10
2109	6
2110	13
2111	11
2112	9
2113	14
2114	14
2115	16
2116	12
2117	13
2118	14
2119	11
2120	22
2121	11
2122	14
2123	28
2124	121
2125	289
2126	620
2127	705
2128	551
2129	320
2130	95
2131	31
2132	17
2133	16
2134	11
2135	6
2136	8
2137	12
2138	9
2139	7
2140	7
2141	3
2142	11
2143	14
2144	12
2145	5
2146	13
2147	10
2148	13
2149	11
2150	10
2151	13
2152	14
2153	5
2154	9
2155	10
2156	11
2157	5
2158	6
2159	5
2160	5
2161	7
2162	16
2163	16
2164	15
2165	13
2166	5
2167	15
2168	12
2169	12
2170	11
2171	11
2172	9
2173	7
2174	7
2175	5
2176	8
2177	6
2178	7
2179	11
2180	9
2181	7
2182	5
2183	11
2184	9
2185	9
2186	5
2187	10
2188	12
2189	14
2190	7
2191	3
2192	10
2193	9
2194	13
2195	8
2196	14
2197	11
2198	9
2199	4
2200	5
2201	11
2202	8
2203	8
2204	13
2205	12
2206	13
2207	11
2208	6
2209	11
2210	6
2211	9
2212	28
2213	20
2214	27
2215	25
2216	22
2217	10
2218	5
2219	8
2220	7
2221	6
2222	14
2223	18
2224	10
2225	12
2226	8
2227	9
2228	10
2229	9
2230	8
2231	6
2232	5
2233	11
2234	7
2235	11
2236	6
2237	9
2238	9
2239	8
2240	7
2241	12
2242	6
2243	10
2244	11
2245	6
2246	9
2247	11
2248	15
2249	9
2250	7
2251	4
2252	11
2253	10
2254	12
2255	11
2256	13
2257	5
2258	9
2259	18
2260	12
2261	7
2262	15
2263	12
2264	10
2265	9
2266	10
2267	8
2268	7
2269	9
2270	13
2271	8
2272	8
2273	10
2274	11
2275	10
2276	9
2277	6
2278	5
2279	10
2280	7
2281	9
2282	15
2283	16
2284	7
2285	6
2286	9
2287	9
2288	11
2289	8
2290	10
2291	8
2292	8
2293	6
2294	9
2295	10
2296	10
2297	11
2298	12
2299	15
2300	16
2301	14
2302	10
2303	8
2304	9
2305	7
2306	11
2307	14
2308	8
2309	9
2310	8
2311	7
2312	7
2313	9
2314	5
2315	13
2316	11
2317	4
2318	9
2319	8
2320	9
2321	7
2322	9
2323	7
2324	7
2325	8
2326	9
2327	4
2328	11
2329	7
2330	15
2331	8
2332	19
2333	8
2334	14
2335	9
2336	6
2337	9
2338	9
2339	8
2340	7
2341	13
2342	9
2343	20
2344	8
2345	7
2346	9
2347	11
2348	8
2349	9
2350	8
2351	8
2352	10
2353	9
2354	16
2355	8
2356	12
2357	10
2358	18
2359	10
2360	12
2361	9
2362	12
2363	12
2364	10
2365	18
2366	49
2367	104
2368	160
2369	193
2370	195
2371	92
2372	35
2373	32
2374	8
2375	15
2376	13
2377	25
2378	12
2379	13
2380	8
2381	11
2382	10
2383	13
2384	19
2385	14
2386	9
2387	10
2388	5
2389	12
2390	9
2391	6
2392	11
2393	9
2394	13
2395	16
2396	12
2397	12
2398	18
2399	10
2400	11
2401	13
2402	12
2403	9
2404	12
2405	13
2406	3
2407	7
2408	4
2409	7
2410	9
2411	5
2412	4
2413	8
2414	4
2415	8
2416	6
2417	9
2418	5
2419	6
2420	7
2421	12
2422	5
2423	7
2424	5
2425	8
2426	8
2427	10
2428	13
2429	10
2430	5
2431	9
2432	8
2433	8
2434	12
2435	8
2436	5
2437	18
2438	5
2439	14
2440	11
2441	7
2442	16
2443	6
2444	8
2445	8
2446	6
2447	13
2448	7
2449	11
2450	8
2451	6
2452	11
2453	8
2454	14
2455	5
2456	11
2457	12
2458	7
2459	15
2460	10
2461	10
2462	14
2463	13
2464	11
2465	3
2466	15
2467	14
2468	12
2469	8
2470	8
2471	6
2472	4
2473	3
2474	7
2475	5
2476	8
2477	6
2478	7
2479	4
2480	9
2481	5
2482	4
2483	4
2484	5
2485	8
2486	3
2487	5
2488	5
2489	7
2490	8
2491	4
2492	8
2493	7
2494	6
2495	6
2496	6
2497	2
2498	4
2499	4
2500	5
2501	4
2502	6
2503	5
2504	3
2505	2
2506	3
2507	13
2508	7
2509	14
2510	9
2511	15
2512	16
2513	10
2514	7
2515	5
2516	14
2517	7
2518	9
2519	2
2520	1
2521	4
2522	2
2523	0
2524	6
2525	3
2526	5
2527	5
2528	7
2529	9
2530	15
2531	11
2532	13
2533	10
2534	4
2535	5
2536	6
2537	7
2538	7
2539	6
2540	7
2541	8
2542	11
2543	5
2544	3
2545	2
2546	1
2547	8
2548	2
2549	6
2550	5
2551	6
2552	6
2553	13
2554	9
2555	10
2556	10
2557	14
2558	6
2559	5
2560	8
2561	8
2562	2
2563	10
2564	6
2565	5
2566	5
2567	7
2568	2
2569	6
2570	6
2571	8
2572	10
2573	3
2574	2
2575	2
2576	1
2577	2
2578	5
2579	5
2580	2
2581	4
2582	3
2583	6
2584	7
2585	4
2586	2
2587	2
2588	3
2589	3
2590	6
2591	4
2592	3
2593	3
2594	2
2595	7
2596	2
2597	4
2598	4
2599	4
2600	5
2601	3
2602	6
2603	4
2604	7
2605	8
2606	7
2607	6
2608	4
2609	5
2610	3
2611	7
2612	4
2613	1
2614	4
2615	2
2616	5
2617	5
2618	2
2619	3
2620	0
2621	5
2622	1
2623	7
2624	5
2625	5
2626	5
2627	3
2628	15
2629	42
2630	113
2631	284
2632	516
2633	571
2634	489
2635	286
2636	133
2637	25
2638	8
2639	5
2640	5
2641	4
2642	4
2643	2
2644	5
2645	4
2646	5
2647	5
2648	6
2649	5
2650	6
2651	3
2652	4
2653	3
2654	3
2655	3
2656	1
2657	2
2658	2
2659	3
2660	4
2661	3
2662	3
2663	5
2664	5
2665	6
2666	3
2667	5
2668	4
2669	6
2670	3
2671	4
2672	1
2673	3
2674	4
2675	4
2676	3
2677	5
2678	3
2679	5
2680	4
2681	5
2682	9
2683	6
2684	5
2685	5
2686	8
2687	6
2688	4
2689	4
2690	6
2691	2
2692	3
2693	7
2694	7
2695	7
2696	5
2697	5
2698	3
2699	7
2700	6
2701	9
2702	3
2703	4
2704	4
2705	7
2706	9
2707	4
2708	5
2709	8
2710	4
2711	3
2712	4
2713	3
2714	3
2715	5
2716	6
2717	3
2718	5
2719	4
2720	6
2721	2
2722	2
2723	6
2724	4
2725	6
2726	5
2727	4
2728	7
2729	6
2730	3
2731	5
2732	6
2733	3
2734	4
2735	3
2736	6
2737	2
2738	1
2739	7
2740	8
2741	4
2742	3
2743	5
2744	8
2745	20
2746	26
2747	20
2748	17
2749	9
2750	5
2751	1
2752	6
2753	2
2754	2
2755	4
2756	4
2757	3
2758	1
2759	2
2760	0
2761	6
2762	4
2763	3
2764	4
2765	1
2766	4
2767	4
2768	3
2769	5
2770	1
2771	6
2772	3
2773	1
2774	1
2775	2
2776	1
2777	1
2778	0
2779	1
2780	3
2781	5
2782	4
2783	5
2784	9
2785	3
2786	1
2787	2
2788	3
2789	3
2790	3
2791	3
2792	2
2793	4
2794	4
2795	3
2796	2
2797	4
2798	2
2799	5
2800	2
2801	4
2802	1
2803	2
2804	5
2805	4
2806	1
2807	3
2808	4
2809	3
2810	3
2811	3
2812	1
2813	3
2814	4
2815	6
2816	3
2817	4
2818	8
2819	9
2820	3
2821	2
2822	3
2823	6
2824	1
2825	2
2826	6
2827	2
2828	2
2829	2
2830	3
2831	2
2832	3
2833	3
2834	2
2835	2
2836	5
2837	3
2838	4
2839	0
2840	6
2841	5
2842	5
2843	1
2844	3
2845	4
2846	6
2847	4
2848	3
2849	5
2850	5
2851	8
2852	6
2853	4
2854	7
2855	9
2856	2
2857	5
2858	2
2859	6
2860	2
2861	2
2862	2
2863	4
2864	2
2865	6
2866	7
2867	3
2868	2
2869	6
2870	6
2871	3
2872	4
2873	0
2874	7
2875	2
2876	8
2877	1
2878	2
2879	5
2880	5
2881	5
2882	1
2883	4
2884	2
2885	4
2886	7
2887	5
2888	3
2889	2
2890	1
2891	2
2892	2
2893	5
2894	4
2895	7
2896	5
2897	5
2898	6
2899	2
2900	5
2901	3
2902	3
2903	6
2904	7
2905	2
2906	3
2907	8
2908	3
2909	4
2910	2
2911	5
2912	3
2913	0
2914	3
2915	2
2916	1
2917	3
2918	3
2919	3
2920	1
2921	4
2922	10
2923	3
2924	2
2925	8
2926	4
2927	3
2928	3
2929	3
2930	8
2931	3
2932	6
2933	4
2934	5
2935	5
2936	7
2937	5
2938	8
2939	1
2940	2
2941	2
2942	5
2943	8
2944	2
2945	6
2946	1
2947	2
2948	4
2949	1
2950	3
2951	2
2952	3
2953	3
2954	3
2955	2
2956	3
2957	3
2958	5
2959	4
2960	10
2961	11
2962	39
2963	70
2964	165
2965	249
2966	299
2967	265
2968	146
2969	77
2970	16
2971	9
2972	13
2973	15
2974	30
2975	46
2976	59
2977	48
2978	32
2979	21
2980	9
2981	7
2982	8
2983	6
2984	3
2985	6
2986	9
2987	2
2988	6
2989	2
2990	3
2991	4
2992	4
2993	2
2994	4
2995	5
2996	5
2997	3
2998	5
2999	7
3000	7
3001	5
3002	5
3003	2
3004	4
3005	5
3006	5
3007	1
3008	2
3009	2
3010	5
3011	5
3012	5
3013	6
3014	2
3015	5
3016	4
3017	6
3018	1
3019	1
3020	7
3021	4
3022	2
3023	3
3024	5
3025	6
3026	3
3027	6
3028	6
3029	2
3030	8
3031	9
3032	21
3033	41
3034	96
3035	200
3036	301
3037	400
3038	355
3039	230
3040	109
3041	47
3042	11
3043	6
3044	7
3045	5
3046	8
3047	0
3048	4
3049	3
3050	3
3051	7
3052	5
3053	4
3054	1
3055	7
3056	2
3057	1
3058	4
3059	6
3060	1
3061	3
3062	3
3063	5
3064	7
3065	6
3066	2
3067	2
3068	2
3069	2
3070	3
3071	4
3072	2
3073	2
3074	6
3075	4
3076	3
3077	3
3078	4
3079	0
3080	2
3081	1
3082	2
3083	4
3084	5
3085	3
3086	4
3087	3
3088	5
3089	2
3090	5
3091	3
3092	1
3093	4
3094	4
3095	3
3096	3
3097	5
3098	3
3099	3
3100	4
3101	3
3102	2
3103	6
3104	5
3105	1
3106	4
3107	9
3108	3
3109	1
3110	4
3111	7
3112	4
3113	1
3114	0
3115	4
3116	4
3117	2
3118	4
3119	5
3120	4
3121	3
3122	2
3123	2
3124	4
3125	3
3126	2
3127	4
3128	6
3129	5
3130	2
3131	3
3132	7
3133	5
3134	4
3135	6
3136	5
3137	4
3138	4
3139	6
3140	6
3141	5
3142	5
3143	5
3144	6
3145	3
3146	5
3147	2
3148	3
3149	7
3150	4
3151	5
3152	5
3153	9
3154	6
3155	4
3156	2
3157	2
3158	3
3159	5
3160	4
3161	6
3162	5
3163	7
3164	6
3165	4
3166	4
3167	4
3168	5
3169	6
3170	2
3171	3
3172	4
3173	6
3174	5
3175	5
3176	8
3177	5
3178	6
3179	3
3180	9
3181	7
3182	5
3183	4
3184	4
3185	5
3186	7
3187	1
3188	5
3189	2
3190	3
3191	4
3192	3
3193	3
3194	8
3195	6
3196	4
3197	4
3198	8
3199	6
3200	4
3201	10
3202	10
3203	5
3204	6
3205	9
3206	9
3207	8
3208	7
3209	5
3210	0
3211	4
3212	2
3213	6
3214	4
3215	6
3216	4
3217	5
3218	3
3219	7
3220	4
3221	6
3222	6
3223	6
3224	6
3225	4
3226	2
3227	2
3228	7
3229	3
3230	3
3231	2
3232	4
3233	9
3234	5
3235	6
3236	7
3237	5
3238	7
3239	6
3240	4
3241	6
3242	2
3243	1
3244	4
3245	9
3246	2
3247	5
3248	5
3249	2
3250	3
3251	6
3252	3
3253	4
3254	1
3255	1
3256	1
3257	2
3258	4
3259	4
3260	5
3261	2
3262	0
3263	0
3264	0
3265	1
3266	0
3267	2
3268	0
3269	0
3270	1
3271	3
3272	3
3273	0
3274	3
3275	3
3276	1
3277	3
3278	2
3279	2
3280	2
3281	4
3282	3
3283	1
3284	1
3285	1
3286	2
3287	0
3288	0
3289	3
3290	1
3291	4
3292	4
3293	4
3294	3
3295	2
3296	4
3297	6
3298	2
3299	2
3300	0
3301	0
3302	1
3303	1
3304	0
3305	0
3306	1
3307	0
3308	1
3309	6
3310	14
3311	26
3312	27
3313	49
3314	41
3315	18
3316	15
3317	6
3318	2
3319	3
3320	2
3321	2
3322	1
3323	2
3324	1
3325	0
3326	4
3327	2
3328	3
3329	0
3330	1
3331	0
3332	3
3333	5
3334	1
3335	9
3336	0
3337	2
3338	0
3339	1
3340	0
3341	4
3342	0
3343	3
3344	1
3345	3
3346	2
3347	0
3348	2
3349	0
3350	1
3351	1
3352	0
3353	1
3354	1
3355	1
3356	5
3357	2
3358	2
3359	3
3360	2
3361	1
3362	0
3363	1
3364	2
3365	1
3366	2
3367	5
3368	1
3369	1
3370	1
3371	1
3372	1
3373	1
3374	2
3375	0
3376	1
3377	2
3378	1
3379	2
3380	2
3381	2
3382	1
3383	2
3384	2
3385	0
3386	2
3387	1
3388	0
3389	0
3390	0
3391	1
3392	0
3393	0
3394	0
3395	0
3396	0
3397	0
3398	0
3399	0
3400	1
3401	0
3402	2
3403	0
3404	2
3405	1
3406	1
3407	0
3408	0
3409	0
3410	0
3411	2
3412	5
3413	6
3414	11
3415	5
3416	0
3417	4
3418	2
3419	0
3420	1
3421	2
3422	1
3423	0
3424	1
3425	2
3426	0
3427	1
3428	1
3429	1
3430	2
3431	2
3432	0
3433	0
3434	0
3435	1
3436	1
3437	0
3438	0
3439	0
3440	1
3441	0
3442	1
3443	0
3444	2
3445	0
3446	3
3447	0
3448	2
3449	0
3450	0
3451	1
3452	0
3453	1
3454	0
3455	0
3456	2
3457	0
3458	0
3459	2
3460	1
3461	0
3462	0
3463	1
3464	1
3465	0
3466	1
3467	0
3468	0
3469	0
3470	0
3471	1
3472	1
3473	1
3474	1
3475	0
3476	0
3477	2
3478	0
3479	0
3480	0
3481	0
3482	1
3483	2
3484	1
3485	0
3486	0
3487	0
3488	0
3489	0
3490	0
3491	0
3492	0
3493	2
3494	0
3495	1
3496	3
3497	1
3498	0
3499	0
3500	0
3501	0
3502	0
3503	0
3504	0
3505	0
3506	1
3507	0
3508	0
3509	2
3510	0
3511	0
3512	2
3513	0
3514	0
3515	1
3516	2
3517	0
3518	1
3519	1
3520	0
3521	1
3522	0
3523	0
3524	0
3525	1
3526	0
3527	0
3528	1
3529	2
3530	1
3531	2
3532	4
3533	1
3534	0
3535	0
3536	0
3537	0
3538	0
3539	1
3540	0
3541	1
3542	2
3543	4
3544	3
3545	10
3546	19
3547	28
3548	35
3549	31
3550	20
3551	12
3552	7
3553	1
3554	0
3555	1
3556	0
3557	1
3558	0
3559	0
3560	0
3561	1
3562	0
3563	0
3564	0
3565	1
3566	2
3567	0
3568	1
3569	0
3570	0
3571	0
3572	0
3573	1
3574	1
3575	1
3576	1
3577	0
3578	0
3579	1
3580	0
3581	1
3582	0
3583	1
3584	0
3585	1
3586	0
3587	0
3588	0
3589	0
3590	1
3591	0
3592	0
3593	0
3594	0
3595	0
3596	0
3597	1
3598	0
3599	0
3600	0
3601	0
3602	0
3603	1
3604	0
3605	0
3606	0
3607	1
3608	0
3609	0
3610	0
3611	0
3612	1
3613	0
3614	0
3615	0
3616	0
3617	1
3618	0
3619	0
3620	0
3621	1
3622	1
3623	0
3624	0
3625	0
3626	0
3627	0
3628	0
3629	0
3630	0
3631	1
3632	0
3633	0
3634	0
3635	0
3636	0
3637	0
3638	0
3639	0
3640	1
3641	0
3642	0
3643	0
3644	0
3645	0
3646	0
3647	0
3648	0
3649	0
3650	0
3651	0
3652	0
3653	0
3654	0
3655	0
3656	0
3657	0
3658	0
3659	1
3660	0
3661	0
3662	0
3663	0
3664	0
3665	0
3666	0
3667	0
3668	0
3669	0
3670	1
3671	1
3672	0
3673	1
3674	0
3675	0
3676	0
3677	0
3678	0
3679	2
3680	0
3681	0
3682	0
3683	0
3684	1
3685	0
3686	0
3687	0
3688	0
3689	0
3690	1
3691	0
3692	0
3693	0
3694	0
3695	0
3696	0
3697	0
3698	0
3699	0
3700	0
3701	0
3702	0
3703	0
3704	0
3705	0
3706	0
3707	0
3708	0
3709	0
3710	0
3711	1
3712	0
3713	0
3714	0
3715	0
3716	0
3717	0
3718	0
3719	0
3720	0
3721	0
3722	0
3723	0
3724	0
3725	0
3726	2
3727	0
3728	0
3729	1
3730	0
3731	0
3732	0
3733	0
3734	0
3735	0
3736	0
3737	0
3738	0
3739	1
3740	0
3741	0
3742	0
3743	1
3744	0
3745	0
3746	0
3747	0
3748	0
3749	0
3750	0
3751	0
3752	0
3753	0
3754	0
3755	0
3756	2
3757	0
3758	0
3759	0
3760	0
3761	0
3762	0
3763	0
3764	0
3765	2
3766	5
3767	1
3768	2
3769	1
3770	0
3771	0
3772	0
3773	0
3774	0
3775	0
3776	0
3777	0
3778	0
3779	0
3780	0
3781	0
3782	0
3783	0
3784	0
3785	0
3786	0
3787	0
3788	0
3789	0
3790	0
3791	0
3792	0
3793	1
3794	1
3795	0
3796	0
3797	0
3798	0
3799	1
3800	0
3801	0
3802	0
3803	0
3804	1
3805	0
3806	0
3807	1
3808	1
3809	0
3810	0
3811	0
3812	0
3813	0
3814	0
3815	1
3816	1
3817	0
3818	0
3819	1
3820	0
3821	0
3822	1
3823	0
3824	0
3825	2
3826	0
3827	0
3828	0
3829	0
3830	0
3831	0
3832	0
3833	0
3834	0
3835	1
3836	0
3837	0
3838	2
3839	5
3840	21
3841	57
3842	150
3843	230
3844	329
3845	368
3846	384
3847	239
3848	134
3849	62
3850	20
3851	7
3852	0
3853	0
3854	0
3855	0
3856	0
3857	0
3858	0
3859	0
3860	0
3861	0
3862	0
3863	0
3864	0
3865	0
3866	0
3867	0
3868	0
3869	0
3870	0
3871	0
3872	1
3873	0
3874	0
3875	0
3876	0
3877	0
3878	0
3879	0
3880	0
3881	0
3882	0
3883	0
3884	0
3885	0
3886	0
3887	0
3888	0
3889	0
3890	0
3891	0
3892	0
3893	0
3894	0
3895	0
3896	0
3897	0
3898	0
3899	0
3900	0
3901	0
3902	0
3903	0
3904	0
3905	0
3906	0
3907	0
3908	0
3909	0
3910	0
3911	0
3912	0
3913	0
3914	0
3915	0
3916	0
3917	0
3918	0
3919	0
3920	0
3921	0
3922	0
3923	0
3924	0
3925	0
3926	0
3927	0
3928	0
3929	0
3930	0
3931	0
3932	0
3933	0
3934	0
3935	0
3936	0
3937	0
3938	0
3939	0
3940	0
3941	0
3942	0
3943	0
3944	0
3945	0
3946	0
3947	0
3948	0
3949	0
3950	0
3951	0
3952	0
3953	0
3954	0
3955	0
3956	0
3957	0
3958	0
3959	0
3960	0
3961	0
3962	0
3963	0
3964	0
3965	0
3966	0
3967	0
3968	0
3969	0
3970	0
3971	0
3972	0
3973	0
3974	0
3975	0
3976	1
3977	1
3978	1
3979	7
3980	6
3981	14
3982	4
3983	7
3984	2
3985	1
3986	1
3987	0
3988	0
3989	0
3990	0
3991	0
3992	0
3993	0
3994	0
3995	0
3996	0
3997	0
3998	0
3999	0
4000	0
4001	0
4002	0
4003	0
4004	0
4005	0
4006	0
4007	0
4008	0
4009	0
4010	0
4011	0
4012	0
4013	0
4014	0
4015	0
4016	0
4017	0
4018	0
4019	0
4020	0
4021	0
4022	0
4023	0
4024	0
4025	0
4026	0
4027	0
4028	0
4029	0
4030	0
4031	0
4032	0
4033	0
4034	0
4035	0
4036	0
4037	0
4038	0
4039	0
4040	0
4041	0
4042	0
4043	0
4044	0
4045	0
4046	0
4047	0
4048	0
4049	0
4050	0
4051	0
4052	0
4053	0
4054	0
4055	0
4056	0
4057	0
4058	0
4059	0
4060	0
4061	0
4062	0
4063	0
4064	0
4065	0
4066	0
4067	0
4068	0
4069	0
4070	0
4071	0
4072	0
4073	0
4074	0
4075	0
4076	0
4077	0
4078	0
4079	0
4080	0
4081	0
4082	0
4083	0
4084	0
4085	0
4086	0
4087	0
4088	0
4089	0
4090	0
4091	0
4092	0
4093	0
4094	0
4095	0
4096	0
4097	0
4098	0
4099	0
4100	0
4101	0
4102	0
4103	0
4104	0
4105	0
4106	0
4107	0
4108	0
4109	0
4110	0
4111	0
4112	0
4113	0
4114	0
4115	0
4116	0
4117	0
4118	0
4119	0
4120	0
4121	0
4122	0
4123	0
4124	0
4125	0
4126	0
4127	0
4128	0
4129	0
4130	0
4131	0
4132	0
4133	0
4134	0
4135	0
4136	0
4137	0
4138	0
4139	0
4140	0
4141	0
4142	0
4143	0
4144	0
4145	0
4146	0
4147	0
4148	0
4149	0
4150	0
4151	0
4152	0
4153	0
4154	0
4155	0
4156	0
4157	0
4158	0
4159	0
4160	0
4161	0
4162	0
4163	0
4164	0
4165	0
4166	0
4167	0
4168	0
4169	2
4170	2
4171	6
4172	3
4173	3
4174	3
4175	2
4176	1
4177	1
4178	0
4179	0
4180	0
4181	0
4182	0
4183	0
4184	0
4185	0
4186	0
4187	0
4188	0
4189	0
4190	0
4191	0
4192	0
4193	0
4194	0
4195	0
4196	0
4197	0
4198	0
4199	0
4200	0
4201	0
4202	0
4203	0
4204	0
4205	0
4206	0
4207	0
4208	0
4209	0
4210	0
4211	0
4212	0
4213	0
4214	0
4215	0
4216	0
4217	0
4218	0
4219	0
4220	0
4221	0
4222	0
4223	0
4224	0
4225	0
4226	0
4227	0
4228	0
4229	0
4230	0
4231	0
4232	0
4233	0
4234	0
4235	0
4236	0
4237	0
4238	0
4239	0
4240	0
4241	0
4242	0
4243	0
4244	0
4245	0
4246	0
4247	0
4248	0
4249	0
4250	0
4251	0
4252	0
4253	0
4254	0
4255	0
4256	0
4257	0
4258	0
4259	0
4260	0
4261	0
4262	0
4263	0
4264	0
4265	0
4266	0
4267	0
4268	0
4269	0
4270	0
4271	0
4272	0
4273	0
4274	0
4275	0
4276	0
4277	0
4278	0
4279	0
4280	0
4281	0
4282	0
4283	0
4284	0
4285	0
4286	0
4287	0
4288	0
4289	0
4290	0
4291	0
4292	0
4293	0
4294	0
4295	0
4296	0
4297	0
4298	0
4299	0
4300	0
4301	0
4302	0
4303	0
4304	0
4305	0
4306	0
4307	0
4308	0
4309	0
4310	0
4311	0
4312	0
4313	0
4314	0
4315	0
4316	0
4317	0
4318	0
4319	0
4320	0
4321	0
4322	0
4323	0
4324	0
4325	0
4326	0
4327	0
4328	0
4329	0
4330	0
4331	0
4332	0
4333	0
4334	0
4335	0
4336	0
4337	0
4338	0
4339	0
4340	0
4341	0
4342	0
4343	0
4344	0
4345	0
4346	0
4347	0
4348	0
4349	0
4350	0
4351	0
4352	0
4353	0
4354	0
4355	0
4356	0
4357	0
4358	0
4359	0
4360	0
4361	0
4362	0
4363	0
4364	0
4365	0
4366	0
4367	0
4368	0
4369	0
4370	0
4371	0
4372	0
4373	0
4374	0
4375	0
4376	0
4377	0
4378	0
4379	0
4380	0
4381	0
4382	0
4383	0
4384	0
4385	0
4386	0
4387	0
4388	0
4389	0
4390	0
4391	0
4392	0
4393	0
4394	0
4395	0
4396	0
4397	0
4398	0
4399	0
4400	0
4401	0
4402	0
4403	0
4404	0
4405	0
4406	0
4407	0
4408	0
4409	0
4410	0
4411	0
4412	0
4413	0
4414	0
4415	0
4416	0
4417	0
4418	0
4419	0
4420	0
4421	0
4422	0
4423	0
4424	0
4425	0
4426	0
4427	0
4428	0
4429	0
4430	0
4431	0
4432	0
4433	0
4434	0
4435	0
4436	0
4437	0
4438	0
4439	0
4440	0
4441	0
4442	0
4443	0
4444	0
4445	0
4446	0
4447	0
4448	0
4449	0
4450	0
4451	0
4452	0
4453	0
4454	0
4455	0
4456	0
4457	0
4458	0
4459	0
4460	0
4461	0
4462	0
4463	0
4464	0
4465	0
4466	0
4467	0
4468	0
4469	0
4470	0
4471	0
4472	0
4473	0
4474	0
4475	0
4476	0
4477	0
4478	0
4479	0
4480	0
4481	0
4482	0
4483	0
4484	0
4485	0
4486	0
4487	0
4488	0
4489	0
4490	0
4491	0
4492	0
4493	0
4494	0
4495	0
4496	0
4497	0
4498	0
4499	0
4500	0
4501	0
4502	0
4503	0
4504	0
4505	0
4506	0
4507	0
4508	0
4509	0
4510	0
4511	0
4512	0
4513	0
4514	0
4515	0
4516	0
4517	0
4518	0
4519	0
4520	0
4521	0
4522	0
4523	0
4524	0
4525	0
4526	0
4527	0
4528	0
4529	0
4530	0
4531	0
4532	0
4533	0
4534	0
4535	0
4536	0
4537	0
4538	0
4539	0
4540	0
4541	0
4542	0
4543	0
4544	0
4545	0
4546	0
4547	0
4548	0
4549	0
4550	0
4551	0
4552	0
4553	0
4554	0
4555	0
4556	0
4557	0
4558	0
4559	0
4560	0
4561	0
4562	0
4563	0
4564	0
4565	0
4566	0
4567	0
4568	0
4569	0
4570	0
4571	0
4572	0
4573	0
4574	0
4575	0
4576	0
4577	0
4578	0
4579	0
4580	0
4581	0
4582	0
4583	0
4584	0
4585	0
4586	0
4587	0
4588	0
4589	0
4590	0
4591	0
4592	0
4593	0
4594	0
4595	0
4596	0
4597	0
4598	0
4599	0
4600	0
4601	0
4602	0
4603	0
4604	0
4605	0
4606	0
4607	0
4608	0
4609	0
4610	0
4611	0
4612	0
4613	0
4614	0
4615	0
4616	0
4617	0
4618	0
4619	0
4620	0
4621	0
4622	0
4623	0
4624	0
4625	0
4626	0
4627	0
4628	0
4629	0
4630	0
4631	0
4632	0
4633	0
4634	0
4635	0
4636	0
4637	0
4638	0
4639	0
4640	0
4641	0
4642	0
4643	0
4644	0
4645	0
4646	0
4647	0
4648	0
4649	0
4650	0
4651	0
4652	0
4653	0
4654	0
4655	0
4656	0
4657	0
4658	0
4659	0
4660	0
4661	0
4662	0
4663	0
4664	0
4665	0
4666	0
4667	0
4668	0
4669	0
4670	0
4671	0
4672	0
4673	0
4674	0
4675	0
4676	0
4677	0
4678	0
4679	0
4680	0
4681	0
4682	0
4683	0
4684	0
4685	0
4686	0
4687	0
4688	0
4689	0
4690	0
4691	0
4692	0
4693	0
4694	0
4695	0
4696	0
4697	0
4698	0
4699	0
4700	0
4701	0
4702	0
4703	0
4704	0
4705	0
4706	0
4707	0
4708	0
4709	0
4710	0
4711	0
4712	0
4713	0
4714	0
4715	0
4716	0
4717	0
4718	0
4719	0
4720	0
4721	0
4722	0
4723	0
4724	0
4725	0
4726	0
4727	0
4728	0
4729	0
4730	0
4731	0
4732	0
4733	0
4734	0
4735	0
4736	0
4737	0
4738	0
4739	0
4740	0
4741	0
4742	0
4743	0
4744	0
4745	0
4746	0
4747	0
4748	0
4749	0
4750	0
4751	0
4752	0
4753	0
4754	0
4755	0
4756	0
4757	0
4758	0
4759	0
4760	0
4761	0
4762	0
4763	0
4764	0
4765	0
4766	0
4767	0
4768	0
4769	0
4770	0
4771	0
4772	0
4773	0
4774	0
4775	0
4776	0
4777	0
4778	0
4779	0
4780	0
4781	0
4782	0
4783	0
4784	0
4785	0
4786	0
4787	0
4788	0
4789	0
4790	0
4791	0
4792	0
4793	0
4794	0
4795	0
4796	0
4797	0
4798	0
4799	0
4800	0
4801	0
4802	0
4803	0
4804	0
4805	0
4806	0
4807	0
4808	0
4809	0
4810	0
4811	0
4812	0
4813	0
4814	0
4815	0
4816	0
4817	0
4818	0
4819	0
4820	0
4821	0
4822	0
4823	0
4824	0
4825	0
4826	0
4827	0
4828	0
4829	0
4830	0
4831	0
4832	1
4833	0
4834	1
4835	0
4836	0
4837	0
4838	0
4839	0
4840	0
4841	0
4842	0
4843	0
4844	0
4845	0
4846	0
4847	0
4848	0
4849	0
4850	0
4851	0
4852	0
4853	0
4854	0
4855	0
4856	0
4857	0
4858	0
4859	0
4860	0
4861	0
4862	0
4863	0
4864	0
4865	0
4866	0
4867	0
4868	0
4869	0
4870	0
4871	0
4872	0
4873	0
4874	0
4875	0
4876	0
4877	0
4878	0
4879	0
4880	0
4881	0
4882	0
4883	0
4884	0
4885	0
4886	0
4887	0
4888	0
4889	0
4890	0
4891	0
4892	0
4893	0
4894	0
4895	0
4896	0
4897	0
4898	0
4899	0
4900	0
4901	0
4902	0
4903	0
4904	0
4905	0
4906	0
4907	0
4908	0
4909	0
4910	0
4911	0
4912	0
4913	0
4914	0
4915	0
4916	0
4917	0
4918	0
4919	0
4920	0
4921	0
4922	0
4923	0
4924	0
4925	0
4926	0
4927	0
4928	0
4929	0
4930	0
4931	0
4932	0
4933	0
4934	0
4935	0
4936	0
4937	0
4938	0
4939	0
4940	0
4941	0
4942	0
4943	0
4944	0
4945	0
4946	0
4947	0
4948	0
4949	0
4950	0
4951	0
4952	0
4953	0
4954	0
4955	0
4956	0
4957	0
4958	0
4959	0
4960	0
4961	0
4962	0
4963	0
4964	0
4965	0
4966	0
4967	0
4968	0
4969	0
4970	0
4971	0
4972	0
4973	0
4974	0
4975	0
4976	0
4977	0
4978	0
4979	0
4980	0
4981	0
4982	0
4983	0
4984	0
4985	0
4986	0
4987	0
4988	0
4989	0
4990	0
4991	0
4992	0
4993	0
4994	0
4995	0
4996	0
4997	0
4998	0
4999	0
5000	0
5001	0
5002	0
5003	0
5004	0
5005	0
5006	0
5007	0
5008	0
5009	0
5010	0
5011	0
5012	0
5013	0
5014	0
5015	0
5016	0
5017	0
5018	0
5019	0
5020	0
5021	0
5022	0
5023	0
5024	0
5025	0
5026	0
5027	0
5028	0
5029	0
5030	0
5031	0
5032	0
5033	0
5034	0
5035	0
5036	0
5037	0
5038	0
5039	0
5040	0
5041	0
5042	0
5043	0
5044	0
5045	0
5046	0
5047	0
5048	0
5049	0
5050	0
5051	0
5052	0
5053	0
5054	0
5055	0
5056	0
5057	0
5058	0
5059	0
5060	0
5061	0
5062	0
5063	0
5064	0
5065	0
5066	0
5067	0
5068	0
5069	0
5070	0
5071	0
5072	0
5073	0
5074	0
5075	0
5076	0
5077	0
5078	0
5079	0
5080	0
5081	0
5082	0
5083	0
5084	0
5085	0
5086	0
5087	0
5088	0
5089	0
5090	0
5091	0
5092	0
5093	0
5094	0
5095	0
5096	0
5097	0
5098	0
5099	0
5100	0
5101	0
5102	0
5103	0
5104	0
5105	0
5106	0
5107	0
5108	0
5109	0
5110	0
5111	0
5112	0
5113	0
5114	0
5115	0
5116	0
5117	0
5118	0
5119	0
5120	0
5121	0
5122	0
5123	0
5124	0
5125	0
5126	0
5127	0
5128	0
5129	0
5130	0
5131	0
5132	0
5133	0
5134	0
5135	0
5136	0
5137	0
5138	0
5139	0
5140	0
5141	0
5142	0
5143	0
5144	0
5145	0
5146	0
5147	0
5148	0
5149	0
5150	0
5151	0
5152	0
5153	0
5154	0
5155	0
5156	0
5157	0
5158	0
5159	0
5160	0
5161	0
5162	0
5163	0
5164	0
5165	0
5166	0
5167	0
5168	0
5169	0
5170	0
5171	0
5172	0
5173	0
5174	0
5175	0
5176	0
5177	0
5178	0
5179	0
5180	0
5181	0
5182	0
5183	0
5184	0
5185	0
5186	0
5187	0
5188	0
5189	0
5190	0
5191	0
5192	0
5193	0
5194	0
5195	0
5196	0
5197	0
5198	0
5199	0
5200	0
5201	0
5202	0
5203	0
5204	0
5205	0
5206	0
5207	0
5208	0
5209	0
5210	0
5211	0
5212	0
5213	0
5214	0
5215	0
5216	0
5217	0
5218	0
5219	0
5220	0
5221	0
5222	0
5223	0
5224	0
5225	0
5226	0
5227	0
5228	0
5229	0
5230	0
5231	0
5232	0
5233	0
5234	0
5235	0
5236	0
5237	0
5238	0
5239	0
5240	0
5241	0
5242	0
5243	0
5244	0
5245	0
5246	0
5247	0
5248	0
5249	0
5250	0
5251	0
5252	0
5253	0
5254	0
5255	0
5256	0
5257	0
5258	0
5259	0
5260	0
5261	0
5262	0
5263	0
5264	0
5265	0
5266	0
5267	0
5268	0
5269	0
5270	0
5271	0
5272	0
5273	0
5274	0
5275	0
5276	0
5277	0
5278	0
5279	0
5280	0
5281	0
5282	0
5283	0
5284	0
5285	0
5286	0
5287	0
5288	0
5289	0
5290	0
5291	0
5292	0
5293	0
5294	0
5295	0
5296	0
5297	0
5298	0
5299	0
5300	0
5301	0
5302	0
5303	0
5304	0
5305	0
5306	0
5307	0
5308	0
5309	0
5310	0
5311	0
5312	0
5313	0
5314	0
5315	0
5316	0
5317	0
5318	0
5319	0
5320	0
5321	0
5322	0
5323	0
5324	0
5325	0
5326	0
5327	0
5328	0
5329	0
5330	0
5331	0
5332	0
5333	0
5334	0
5335	0
5336	0
5337	0
5338	0
5339	0
5340	0
5341	0
5342	0
5343	0
5344	0
5345	0
5346	0
5347	0
5348	0
5349	0
5350	0
5351	0
5352	0
5353	0
5354	0
5355	0
5356	0
5357	0
5358	0
5359	0
5360	0
5361	0
5362	0
5363	0
5364	0
5365	0
5366	0
5367	0
5368	0
5369	0
5370	0
5371	0
5372	0
5373	0
5374	0
5375	0
5376	0
5377	0
5378	0
5379	0
5380	0
5381	0
5382	0
5383	0
5384	0
5385	0
5386	0
5387	0
5388	0
5389	0
5390	0
5391	0
5392	0
5393	0
5394	0
5395	0
5396	0
5397	0
5398	0
5399	0
5400	0
5401	0
5402	0
5403	0
5404	0
5405	0
5406	0
5407	0
5408	0
5409	0
5410	0
5411	0
5412	0
5413	0
5414	0
5415	0
5416	0
5417	0
5418	0
5419	0
5420	0
5421	0
5422	0
5423	0
5424	0
5425	0
5426	0
5427	0
5428	0
5429	0
5430	0
5431	0
5432	0
5433	0
5434	0
5435	0
5436	0
5437	0
5438	0
5439	0
5440	0
5441	0
5442	0
5443	0
5444	0
5445	0
5446	0
5447	0
5448	0
5449	0
5450	0
5451	0
5452	0
5453	0
5454	0
5455	0
5456	0
5457	0
5458	0
5459	0
5460	0
5461	0
5462	0
5463	0
5464	0
5465	0
5466	0
5467	0
5468	0
5469	0
5470	0
5471	0
5472	0
5473	0
5474	0
5475	0
5476	0
5477	0
5478	0
5479	0
5480	0
5481	0
5482	0
5483	0
5484	0
5485	0
5486	0
5487	0
5488	0
5489	0
5490	0
5491	0
5492	0
5493	0
5494	0
5495	0
5496	0
5497	0
5498	0
5499	0
5500	0
5501	0
5502	0
5503	0
5504	0
5505	0
5506	0
5507	0
5508	0
5509	0
5510	0
5511	0
5512	0
5513	0
5514	0
5515	0
5516	0
5517	0
5518	0
5519	0
5520	0
5521	0
5522	0
5523	0
5524	0
5525	0
5526	0
5527	0
5528	0
5529	0
5530	0
5531	0
5532	0
5533	0
5534	0
5535	0
5536	0
5537	0
5538	0
5539	0
5540	0
5541	0
5542	0
5543	0
5544	0
5545	0
5546	0
5547	0
5548	0
5549	0
5550	0
5551	0
5552	0
5553	0
5554	0
5555	0
5556	0
5557	0
5558	0
5559	0
5560	0
5561	0
5562	0
5563	0
5564	0
5565	0
5566	0
5567	0
5568	0
5569	0
5570	0
5571	0
5572	0
5573	0
5574	0
5575	0
5576	0
5577	0
5578	0
5579	0
5580	0
5581	0
5582	0
5583	0
5584	0
5585	0
5586	0
5587	0
5588	0
5589	0
5590	0
5591	0
5592	0
5593	0
5594	0
5595	0
5596	0
5597	0
5598	0
5599	0
5600	0
5601	0
5602	0
5603	0
5604	0
5605	0
5606	0
5607	0
5608	0
5609	0
5610	0
5611	0
5612	0
5613	0
5614	0
5615	0
5616	0
5617	0
5618	0
5619	0
5620	0
5621	0
5622	0
5623	0
5624	0
5625	0
5626	0
5627	0
5628	0
5629	0
5630	0
5631	0
5632	0
5633	0
5634	0
5635	0
5636	0
5637	0
5638	0
5639	0
5640	0
5641	0
5642	0
5643	0
5644	0
5645	0
5646	0
5647	0
5648	0
5649	0
5650	0
5651	0
5652	0
5653	0
5654	0
5655	0
5656	0
5657	0
5658	0
5659	0
5660	0
5661	0
5662	0
5663	0
5664	0
5665	0
5666	0
5667	0
5668	0
5669	0
5670	0
5671	0
5672	0
5673	0
5674	0
5675	0
5676	0
5677	0
5678	0
5679	0
5680	0
5681	0
5682	0
5683	0
5684	0
5685	0
5686	0
5687	0
5688	0
5689	0
5690	0
5691	0
5692	0
5693	0
5694	0
5695	0
5696	0
5697	0
5698	0
5699	0
5700	0
5701	0
5702	0
5703	0
5704	0
5705	0
5706	0
5707	0
5708	0
5709	0
5710	0
5711	0
5712	0
5713	0
5714	0
5715	0
5716	0
5717	0
5718	0
5719	0
5720	0
5721	0
5722	0
5723	0
5724	0
5725	0
5726	0
5727	0
5728	0
5729	0
5730	0
5731	0
5732	0
5733	0
5734	0
5735	0
5736	0
5737	0
5738	0
5739	0
5740	0
5741	0
5742	0
5743	0
5744	0
5745	0
5746	0
5747	0
5748	0
5749	0
5750	0
5751	0
5752	0
5753	0
5754	0
5755	0
5756	0
5757	0
5758	0
5759	0
5760	0
5761	0
5762	0
5763	0
5764	0
5765	0
5766	0
5767	0
5768	0
5769	0
5770	0
5771	0
5772	0
5773	0
5774	0
5775	0
5776	0
5777	0
5778	0
5779	0
5780	0
5781	0
5782	0
5783	0
5784	0
5785	0
5786	0
5787	0
5788	0
5789	0
5790	0
5791	0
5792	0
5793	0
5794	0
5795	0
5796	0
5797	0
5798	0
5799	0
5800	0
5801	0
5802	0
5803	0
5804	0
5805	0
5806	0
5807	0
5808	0
5809	0
5810	0
5811	0
5812	0
5813	0
5814	0
5815	0
5816	0
5817	0
5818	0
5819	0
5820	0
5821	0
5822	0
5823	0
5824	0
5825	0
5826	0
5827	0
5828	0
5829	0
5830	0
5831	0
5832	0
5833	0
5834	0
5835	0
5836	0
5837	0
5838	0
5839	0
5840	0
5841	0
5842	0
5843	0
5844	0
5845	0
5846	0
5847	0
5848	0
5849	0
5850	0
5851	0
5852	0
5853	0
5854	0
5855	0
5856	0
5857	0
5858	0
5859	0
5860	0
5861	0
5862	0
5863	0
5864	0
5865	0
5866	0
5867	0
5868	0
5869	0
5870	0
5871	0
5872	0
5873	0
5874	0
5875	0
5876	0
5877	0
5878	0
5879	0
5880	0
5881	0
5882	0
5883	0
5884	0
5885	0
5886	0
5887	0
5888	0
5889	0
5890	0
5891	0
5892	0
5893	0
5894	0
5895	0
5896	0
5897	0
5898	0
5899	0
5900	0
5901	0
5902	0
5903	0
5904	0
5905	0
5906	0
5907	0
5908	0
5909	0
5910	0
5911	0
5912	0
5913	0
5914	0
5915	0
5916	0
5917	0
5918	0
5919	0
5920	0
5921	0
5922	0
5923	0
5924	0
5925	0
5926	0
5927	0
5928	0
5929	0
5930	0
5931	0
5932	0
5933	0
5934	0
5935	0
5936	0
5937	0
5938	0
5939	0
5940	0
5941	0
5942	0
5943	0
5944	0
5945	0
5946	0
5947	0
5948	0
5949	0
5950	0
5951	0
5952	0
5953	0
5954	0
5955	0
5956	0
5957	0
5958	0
5959	0
5960	0
5961	0
5962	0
5963	0
5964	0
5965	0
5966	0
5967	0
5968	0
5969	0
5970	0
5971	0
5972	0
5973	0
5974	0
5975	0
5976	0
5977	0
5978	0
5979	0
5980	0
5981	0
5982	0
5983	0
5984	0
5985	0
5986	0
5987	0
5988	0
5989	0
5990	0
5991	0
5992	0
5993	0
5994	0
5995	0
5996	0
5997	0
5998	0
5999	0
6000	0
6001	0
6002	0
6003	0
6004	0
6005	0
6006	0
6007	0
6008	0
6009	0
6010	0
6011	0
6012	0
6013	0
6014	0
6015	0
6016	0
6017	0
6018	0
6019	0
6020	0
6021	0
6022	0
6023	0
6024	0
6025	0
6026	0
6027	0
6028	0
6029	0
6030	0
6031	0
6032	0
6033	0
6034	0
6035	0
6036	0
6037	0
6038	0
6039	0
6040	0
6041	0
6042	0
6043	0
6044	0
6045	0
6046	0
6047	0
6048	0
6049	0
6050	0
6051	0
6052	0
6053	0
6054	0
6055	0
6056	0
6057	0
6058	0
6059	0
6060	0
6061	0
6062	0
6063	0
6064	0
6065	0
6066	0
6067	0
6068	0
6069	0
6070	0
6071	0
6072	0
6073	0
6074	0
6075	0
6076	0
6077	0
6078	0
6079	0
6080	0
6081	0
6082	0
6083	0
6084	0
6085	0
6086	0
6087	0
6088	0
6089	0
6090	0
6091	0
6092	0
6093	0
6094	0
6095	0
6096	0
6097	0
6098	0
6099	0
6100	0
6101	0
6102	0
6103	0
6104	0
6105	0
6106	0
6107	0
6108	0
6109	0
6110	0
6111	0
6112	0
6113	0
6114	0
6115	0
6116	0
6117	0
6118	0
6119	0
6120	0
6121	0
6122	0
6123	0
6124	0
6125	0
6126	0
6127	0
6128	0
6129	0
6130	0
6131	0
6132	0
6133	0
6134	0
6135	0
6136	0
6137	0
6138	0
6139	0
6140	0
6141	0
6142	0
6143	0
6144	0
6145	0
6146	0
6147	0
6148	0
6149	0
6150	0
6151	0
6152	0
6153	0
6154	0
6155	0
6156	0
6157	0
6158	0
6159	0
6160	0
6161	0
6162	0
6163	0
6164	0
6165	0
6166	0
6167	0
6168	0
6169	0
6170	0
6171	0
6172	0
6173	0
6174	0
6175	0
6176	0
6177	0
6178	0
6179	0
6180	0
6181	0
6182	0
6183	0
6184	0
6185	0
6186	0
6187	0
6188	0
6189	0
6190	0
6191	0
6192	0
6193	0
6194	0
6195	0
6196	0
6197	0
6198	0
6199	0
6200	0
6201	0
6202	0
6203	0
6204	0
6205	0
6206	0
6207	0
6208	0
6209	0
6210	0
6211	0
6212	0
6213	0
6214	0
6215	0
6216	0
6217	0
6218	0
6219	0
6220	0
6221	0
6222	0
6223	0
6224	0
6225	0
6226	0
6227	0
6228	0
6229	0
6230	0
6231	0
6232	0
6233	0
6234	0
6235	0
6236	0
6237	0
6238	0
6239	0
6240	0
6241	0
6242	0
6243	0
6244	0
6245	0
6246	0
6247	0
6248	0
6249	0
6250	0
6251	0
6252	0
6253	0
6254	0
6255	0
6256	0
6257	0
6258	0
6259	0
6260	0
6261	0
6262	0
6263	0
6264	0
6265	0
6266	0
6267	0
6268	0
6269	0
6270	0
6271	0
6272	0
6273	0
6274	0
6275	0
6276	0
6277	0
6278	0
6279	0
6280	0
6281	0
6282	0
6283	0
6284	0
6285	0
6286	0
6287	0
6288	0
6289	0
6290	0
6291	0
6292	0
6293	0
6294	0
6295	0
6296	0
6297	0
6298	0
6299	0
6300	0
6301	0
6302	0
6303	0
6304	0
6305	0
6306	0
6307	0
6308	0
6309	0
6310	0
6311	0
6312	0
6313	0
6314	0
6315	0
6316	0
6317	0
6318	0
6319	0
6320	0
6321	0
6322	0
6323	0
6324	0
6325	0
6326	0
6327	0
6328	0
6329	0
6330	0
6331	0
6332	0
6333	0
6334	0
6335	0
6336	0
6337	0
6338	0
6339	0
6340	0
6341	0
6342	0
6343	0
6344	0
6345	0
6346	0
6347	0
6348	0
6349	0
6350	0
6351	0
6352	0
6353	0
6354	0
6355	0
6356	0
6357	0
6358	0
6359	0
6360	0
6361	0
6362	0
6363	0
6364	0
6365	0
6366	0
6367	0
6368	0
6369	0
6370	0
6371	0
6372	0
6373	0
6374	0
6375	0
6376	0
6377	0
6378	0
6379	0
6380	0
6381	0
6382	0
6383	0
6384	0
6385	0
6386	0
6387	0
6388	0
6389	0
6390	0
6391	0
6392	0
6393	0
6394	0
6395	0
6396	0
6397	0
6398	0
6399	0
6400	0
6401	0
6402	0
6403	0
6404	0
6405	0
6406	0
6407	0
6408	0
6409	0
6410	0
6411	0
6412	0
6413	0
6414	0
6415	0
6416	0
6417	0
6418	0
6419	0
6420	0
6421	0
6422	0
6423	0
6424	0
6425	0
6426	0
6427	0
6428	0
6429	0
6430	0
6431	0
6432	0
6433	0
6434	0
6435	0
6436	0
6437	0
6438	0
6439	0
6440	0
6441	0
6442	0
6443	0
6444	0
6445	0
6446	0
6447	0
6448	0
6449	0
6450	0
6451	0
6452	0
6453	0
6454	0
6455	0
6456	0
6457	0
6458	0
6459	0
6460	0
6461	0
6462	0
6463	0
6464	0
6465	0
6466	0
6467	0
6468	0
6469	0
6470	0
6471	0
6472	0
6473	0
6474	0
6475	0
6476	0
6477	0
6478	0
6479	0
6480	0
6481	0
6482	0
6483	0
6484	0
6485	0
6486	0
6487	0
6488	0
6489	0
6490	0
6491	0
6492	0
6493	0
6494	0
6495	0
6496	0
6497	0
6498	0
6499	0
6500	0
6501	0
6502	0
6503	0
6504	0
6505	0
6506	0
6507	0
6508	0
6509	0
6510	0
6511	0
6512	0
6513	0
6514	0
6515	0
6516	0
6517	0
6518	0
6519	0
6520	0
6521	0
6522	0
6523	0
6524	0
6525	0
6526	0
6527	0
6528	0
6529	0
6530	0
6531	0
6532	0
6533	0
6534	0
6535	0
6536	0
6537	0
6538	0
6539	0
6540	0
6541	0
6542	0
6543	0
6544	0
6545	0
6546	0
6547	0
6548	0
6549	0
6550	0
6551	0
6552	0
6553	0
6554	0
6555	0
6556	0
6557	0
6558	0
6559	0
6560	0
6561	0
6562	0
6563	0
6564	0
6565	0
6566	0
6567	0
6568	0
6569	0
6570	0
6571	0
6572	0
6573	0
6574	0
6575	0
6576	0
6577	0
6578	0
6579	0
6580	0
6581	0
6582	0
6583	0
6584	0
6585	0
6586	0
6587	0
6588	0
6589	0
6590	0
6591	0
6592	0
6593	0
6594	0
6595	0
6596	0
6597	0
6598	0
6599	0
6600	0
6601	0
6602	0
6603	0
6604	0
6605	0
6606	0
6607	0
6608	0
6609	0
6610	0
6611	0
6612	0
6613	0
6614	0
6615	0
6616	0
6617	0
6618	0
6619	0
6620	0
6621	0
6622	0
6623	0
6624	0
6625	0
6626	0
6627	0
6628	0
6629	0
6630	0
6631	0
6632	0
6633	0
6634	0
6635	0
6636	0
6637	0
6638	0
6639	0
6640	0
6641	0
6642	0
6643	0
6644	0
6645	0
6646	0
6647	0
6648	0
6649	0
6650	0
6651	0
6652	0
6653	0
6654	0
6655	0
6656	0
6657	0
6658	0
6659	0
6660	0
6661	0
6662	0
6663	0
6664	0
6665	0
6666	0
6667	0
6668	0
6669	0
6670	0
6671	0
6672	0
6673	0
6674	0
6675	0
6676	0
6677	0
6678	0
6679	0
6680	0
6681	0
6682	0
6683	0
6684	0
6685	0
6686	0
6687	0
6688	0
6689	0
6690	0
6691	0
6692	0
6693	0
6694	0
6695	0
6696	0
6697	0
6698	0
6699	0
6700	0
6701	0
6702	0
6703	0
6704	0
6705	0
6706	0
6707	0
6708	0
6709	0
6710	0
6711	0
6712	0
6713	0
6714	0
6715	0
6716	0
6717	0
6718	0
6719	0
6720	0
6721	0
6722	0
6723	0
6724	0
6725	0
6726	0
6727	0
6728	0
6729	0
6730	0
6731	0
6732	0
6733	0
6734	0
6735	0
6736	0
6737	0
6738	0
6739	0
6740	0
6741	0
6742	0
6743	0
6744	0
6745	0
6746	0
6747	0
6748	0
6749	0
6750	0
6751	0
6752	0
6753	0
6754	0
6755	0
6756	0
6757	0
6758	0
6759	0
6760	0
6761	0
6762	0
6763	0
6764	0
6765	0
6766	0
6767	0
6768	0
6769	0
6770	0
6771	0
6772	0
6773	0
6774	0
6775	0
6776	0
6777	0
6778	0
6779	0
6780	0
6781	0
6782	0
6783	0
6784	0
6785	0
6786	0
6787	0
6788	0
6789	0
6790	0
6791	0
6792	0
6793	0
6794	0
6795	0
6796	0
6797	0
6798	0
6799	0
6800	0
6801	0
6802	0
6803	0
6804	0
6805	0
6806	0
6807	0
6808	0
6809	0
6810	0
6811	0
6812	0
6813	0
6814	0
6815	0
6816	0
6817	0
6818	0
6819	0
6820	0
6821	0
6822	0
6823	0
6824	0
6825	0
6826	0
6827	0
6828	0
6829	0
6830	0
6831	0
6832	0
6833	0
6834	0
6835	0
6836	0
6837	0
6838	0
6839	0
6840	0
6841	0
6842	0
6843	0
6844	0
6845	0
6846	0
6847	0
6848	0
6849	0
6850	0
6851	0
6852	0
6853	0
6854	0
6855	0
6856	0
6857	0
6858	0
6859	0
6860	0
6861	0
6862	0
6863	0
6864	0
6865	0
6866	0
6867	0
6868	0
6869	0
6870	0
6871	0
6872	0
6873	0
6874	0
6875	0
6876	0
6877	0
6878	0
6879	0
6880	0
6881	0
6882	0
6883	0
6884	0
6885	0
6886	0
6887	0
6888	0
6889	0
6890	0
6891	0
6892	0
6893	0
6894	0
6895	0
6896	0
6897	0
6898	0
6899	0
6900	0
6901	0
6902	0
6903	0
6904	0
6905	0
6906	0
6907	0
6908	0
6909	0
6910	0
6911	0
6912	0
6913	0
6914	0
6915	0
6916	0
6917	0
6918	0
6919	0
6920	0
6921	0
6922	0
6923	0
6924	0
6925	0
6926	0
6927	0
6928	0
6929	0
6930	0
6931	0
6932	0
6933	0
6934	0
6935	0
6936	0
6937	0
6938	0
6939	0
6940	0
6941	0
6942	0
6943	0
6944	0
6945	0
6946	0
6947	0
6948	0
6949	0
6950	0
6951	0
6952	0
6953	0
6954	0
6955	0
6956	0
6957	0
6958	0
6959	0
6960	0
6961	0
6962	0
6963	0
6964	0
6965	0
6966	0
6967	0
6968	0
6969	0
6970	0
6971	0
6972	0
6973	0
6974	0
6975	0
6976	0
6977	0
6978	0
6979	0
6980	0
6981	0
6982	0
6983	0
6984	0
6985	0
6986	0
6987	0
6988	0
6989	0
6990	0
6991	0
6992	0
6993	0
6994	0
6995	0
6996	0
6997	0
6998	0
6999	0
7000	0
7001	0
7002	0
7003	0
7004	0
7005	0
7006	0
7007	0
7008	0
7009	0
7010	0
7011	0
7012	0
7013	0
7014	0
7015	0
7016	0
7017	0
7018	0
7019	0
7020	0
7021	0
7022	0
7023	0
7024	0
7025	0
7026	0
7027	0
7028	0
7029	0
7030	0
7031	0
7032	0
7033	0
7034	0
7035	0
7036	0
7037	0
7038	0
7039	0
7040	0
7041	0
7042	0
7043	0
7044	0
7045	0
7046	0
7047	0
7048	0
7049	0
7050	0
7051	0
7052	0
7053	0
7054	0
7055	0
7056	0
7057	0
7058	0
7059	0
7060	0
7061	0
7062	0
7063	0
7064	0
7065	0
7066	0
7067	0
7068	0
7069	0
7070	0
7071	0
7072	0
7073	0
7074	0
7075	0
7076	0
7077	0
7078	0
7079	0
7080	0
7081	0
7082	0
7083	0
7084	0
7085	0
7086	0
7087	0
7088	0
7089	0
7090	0
7091	0
7092	0
7093	0
7094	0
7095	0
7096	0
7097	0
7098	0
7099	0
7100	0
7101	0
7102	0
7103	0
7104	0
7105	0
7106	0
7107	0
7108	0
7109	0
7110	0
7111	0
7112	0
7113	0
7114	0
7115	0
7116	0
7117	0
7118	0
7119	0
7120	0
7121	0
7122	0
7123	0
7124	0
7125	0
7126	0
7127	0
7128	0
7129	0
7130	0
7131	0
7132	0
7133	0
7134	0
7135	0
7136	0
7137	0
7138	0
7139	0
7140	0
7141	0
7142	0
7143	0
7144	0
7145	0
7146	0
7147	0
7148	0
7149	0
7150	0
7151	0
7152	0
7153	0
7154	0
7155	0
7156	0
7157	0
7158	0
7159	0
7160	0
7161	0
7162	0
7163	0
7164	0
7165	0
7166	0
7167	0
7168	0
7169	0
7170	0
7171	0
7172	0
7173	0
7174	0
7175	0
7176	0
7177	0
7178	0
7179	0
7180	0
7181	0
7182	0
7183	0
7184	0
7185	0
7186	0
7187	0
7188	0
7189	0
7190	0
7191	0
7192	0
7193	0
7194	0
7195	0
7196	0
7197	0
7198	0
7199	0
7200	0
7201	0
7202	0
7203	0
7204	0
7205	0
7206	0
7207	0
7208	0
7209	0
7210	0
7211	0
7212	0
7213	0
7214	0
7215	0
7216	0
7217	0
7218	0
7219	0
7220	0
7221	0
7222	0
7223	0
7224	0
7225	0
7226	0
7227	0
7228	0
7229	0
7230	0
7231	0
7232	0
7233	0
7234	0
7235	0
7236	0
7237	0
7238	0
7239	0
7240	0
7241	0
7242	0
7243	0
7244	0
7245	0
7246	0
7247	0
7248	0
7249	0
7250	0
7251	0
7252	0
7253	0
7254	0
7255	0
7256	0
7257	0
7258	0
7259	0
7260	0
7261	0
7262	0
7263	0
7264	0
7265	0
7266	0
7267	0
7268	0
7269	0
7270	0
7271	0
7272	0
7273	0
7274	0
7275	0
7276	0
7277	0
7278	0
7279	0
7280	0
7281	0
7282	0
7283	0
7284	0
7285	0
7286	0
7287	0
7288	0
7289	0
7290	0
7291	0
7292	0
7293	0
7294	0
7295	0
7296	0
7297	0
7298	0
7299	0
7300	0
7301	0
7302	0
7303	0
7304	0
7305	0
7306	0
7307	0
7308	0
7309	0
7310	0
7311	0
7312	0
7313	0
7314	0
7315	0
7316	0
7317	0
7318	0
7319	0
7320	0
7321	0
7322	0
7323	0
7324	0
7325	0
7326	0
7327	0
7328	0
7329	0
7330	0
7331	0
7332	0
7333	0
7334	0
7335	0
7336	0
7337	0
7338	0
7339	0
7340	0
7341	0
7342	0
7343	0
7344	0
7345	0
7346	0
7347	0
7348	0
7349	0
7350	0
7351	0
7352	0
7353	0
7354	0
7355	0
7356	0
7357	0
7358	0
7359	0
7360	0
7361	0
7362	0
7363	0
7364	0
7365	0
7366	0
7367	0
7368	0
7369	0
7370	0
7371	0
7372	0
7373	0
7374	0
7375	0
7376	0
7377	0
7378	0
7379	0
7380	0
7381	0
7382	0
7383	0
7384	0
7385	0
7386	0
7387	0
7388	0
7389	0
7390	0
7391	0
7392	0
7393	0
7394	0
7395	0
7396	0
7397	0
7398	0
7399	0
7400	0
7401	0
7402	0
7403	0
7404	0
7405	0
7406	0
7407	0
7408	0
7409	0
7410	0
7411	0
7412	0
7413	0
7414	0
7415	0
7416	0
7417	0
7418	0
7419	0
7420	0
7421	0
7422	0
7423	0
7424	0
7425	0
7426	0
7427	0
7428	0
7429	0
7430	0
7431	0
7432	0
7433	0
7434	0
7435	0
7436	0
7437	0
7438	0
7439	0
7440	0
7441	0
7442	0
7443	0
7444	0
7445	0
7446	0
7447	0
7448	0
7449	0
7450	0
7451	0
7452	0
7453	0
7454	0
7455	0
7456	0
7457	0
7458	0
7459	0
7460	0
7461	0
7462	0
7463	0
7464	0
7465	0
7466	0
7467	0
7468	0
7469	0
7470	0
7471	0
7472	0
7473	0
7474	0
7475	0
7476	0
7477	0
7478	0
7479	0
7480	0
7481	0
7482	0
7483	0
7484	0
7485	0
7486	0
7487	0
7488	0
7489	0
7490	0
7491	0
7492	0
7493	0
7494	0
7495	0
7496	0
7497	0
7498	0
7499	0
7500	0
7501	0
7502	0
7503	0
7504	0
7505	0
7506	0
7507	0
7508	0
7509	0
7510	0
7511	0
7512	0
7513	0
7514	0
7515	0
7516	0
7517	0
7518	0
7519	0
7520	0
7521	0
7522	0
7523	0
7524	0
7525	0
7526	0
7527	0
7528	0
7529	0
7530	0
7531	0
7532	0
7533	0
7534	0
7535	0
7536	0
7537	0
7538	0
7539	0
7540	0
7541	0
7542	0
7543	0
7544	0
7545	0
7546	0
7547	0
7548	0
7549	0
7550	0
7551	0
7552	0
7553	0
7554	0
7555	0
7556	0
7557	0
7558	0
7559	0
7560	0
7561	0
7562	0
7563	0
7564	0
7565	0
7566	0
7567	0
7568	0
7569	0
7570	0
7571	0
7572	0
7573	0
7574	0
7575	0
7576	0
7577	0
7578	0
7579	0
7580	0
7581	0
7582	0
7583	0
7584	0
7585	0
7586	0
7587	0
7588	0
7589	0
7590	0
7591	0
7592	0
7593	0
7594	0
7595	0
7596	0
7597	0
7598	0
7599	0
7600	0
7601	0
7602	0
7603	0
7604	0
7605	0
7606	0
7607	0
7608	0
7609	0
7610	0
7611	0
7612	0
7613	0
7614	0
7615	0
7616	0
7617	0
7618	0
7619	0
7620	0
7621	0
7622	0
7623	0
7624	0
7625	0
7626	0
7627	0
7628	0
7629	0
7630	0
7631	0
7632	0
7633	0
7634	0
7635	0
7636	0
7637	0
7638	0
7639	0
7640	0
7641	0
7642	0
7643	0
7644	0
7645	0
7646	0
7647	0
7648	0
7649	0
7650	0
7651	0
7652	0
7653	0
7654	0
7655	0
7656	0
7657	0
7658	0
7659	0
7660	0
7661	0
7662	0
7663	0
7664	0
7665	0
7666	0
7667	0
7668	0
7669	0
7670	0
7671	0
7672	0
7673	0
7674	0
7675	0
7676	0
7677	0
7678	0
7679	0
7680	0
7681	0
7682	0
7683	0
7684	0
7685	0
7686	0
7687	0
7688	0
7689	0
7690	0
7691	0
7692	0
7693	0
7694	0
7695	0
7696	0
7697	0
7698	0
7699	0
7700	0
7701	0
7702	0
7703	0
7704	0
7705	0
7706	0
7707	0
7708	0
7709	0
7710	0
7711	0
7712	0
7713	0
7714	0
7715	0
7716	0
7717	0
7718	0
7719	0
7720	0
7721	0
7722	0
7723	0
7724	0
7725	0
7726	0
7727	0
7728	0
7729	0
7730	0
7731	0
7732	0
7733	0
7734	0
7735	0
7736	0
7737	0
7738	0
7739	0
7740	0
7741	0
7742	0
7743	0
7744	0
7745	0
7746	0
7747	0
7748	0
7749	0
7750	0
7751	0
7752	0
7753	0
7754	0
7755	0
7756	0
7757	0
7758	0
7759	0
7760	0
7761	0
7762	0
7763	0
7764	0
7765	0
7766	0
7767	0
7768	0
7769	0
7770	0
7771	0
7772	0
7773	0
7774	0
7775	0
7776	0
7777	0
7778	0
7779	0
7780	0
7781	0
7782	0
7783	0
7784	0
7785	0
7786	0
7787	0
7788	0
7789	0
7790	0
7791	0
7792	0
7793	0
7794	0
7795	0
7796	0
7797	0
7798	0
7799	0
7800	0
7801	0
7802	0
7803	0
7804	0
7805	0
7806	0
7807	0
7808	0
7809	0
7810	0
7811	0
7812	0
7813	0
7814	0
7815	0
7816	0
7817	0
7818	0
7819	0
7820	0
7821	0
7822	0
7823	0
7824	0
7825	0
7826	0
7827	0
7828	0
7829	0
7830	0
7831	0
7832	0
7833	0
7834	0
7835	0
7836	0
7837	0
7838	0
7839	0
7840	0
7841	0
7842	0
7843	0
7844	0
7845	0
7846	0
7847	0
7848	0
7849	0
7850	0
7851	0
7852	0
7853	0
7854	0
7855	0
7856	0
7857	0
7858	0
7859	0
7860	0
7861	0
7862	0
7863	0
7864	0
7865	0
7866	0
7867	0
7868	0
7869	0
7870	0
7871	0
7872	0
7873	0
7874	0
7875	0
7876	0
7877	0
7878	0
7879	0
7880	0
7881	0
7882	0
7883	0
7884	0
7885	0
7886	0
7887	0
7888	0
7889	0
7890	0
7891	0
7892	0
7893	0
7894	0
7895	0
7896	0
7897	0
7898	0
7899	0
7900	0
7901	0
7902	0
7903	0
7904	0
7905	0
7906	0
7907	0
7908	0
7909	0
7910	0
7911	0
7912	0
7913	0
7914	0
7915	0
7916	0
7917	0
7918	0
7919	0
7920	0
7921	0
7922	0
7923	0
7924	0
7925	0
7926	0
7927	0
7928	0
7929	0
7930	0
7931	0
7932	0
7933	0
7934	0
7935	0
7936	0
7937	0
7938	0
7939	0
7940	0
7941	0
7942	0
7943	0
7944	0
7945	0
7946	0
7947	0
7948	0
7949	0
7950	0
7951	0
7952	0
7953	0
7954	0
7955	0
7956	0
7957	0
7958	0
7959	0
7960	0
7961	0
7962	0
7963	0
7964	0
7965	0
7966	0
7967	0
7968	0
7969	0
7970	0
7971	0
7972	0
7973	0
7974	0
7975	0
7976	0
7977	0
7978	0
7979	0
7980	0
7981	0
7982	0
7983	0
7984	0
7985	0
7986	0
7987	0
7988	0
7989	0
7990	0
7991	0
7992	0
7993	0
7994	0
7995	0
7996	0
7997	0
7998	0
7999	0
8000	0
8001	0
8002	0
8003	0
8004	0
8005	0
8006	0
8007	0
8008	0
8009	0
8010	0
8011	0
8012	0
8013	0
8014	0
8015	0
8016	0
8017	0
8018	0
8019	0
8020	0
8021	0
8022	0
8023	0
8024	0
8025	0
8026	0
8027	0
8028	0
8029	0
8030	0
8031	0
8032	0
8033	0
8034	0
8035	0
8036	0
8037	0
8038	0
8039	0
8040	0
8041	0
8042	0
8043	0
8044	0
8045	0
8046	0
8047	0
8048	0
8049	0
8050	0
8051	0
8052	0
8053	0
8054	0
8055	0
8056	0
8057	0
8058	0
8059	0
8060	0
8061	0
8062	0
8063	0
8064	0
8065	0
8066	0
8067	0
8068	0
8069	0
8070	0
8071	0
8072	0
8073	0
8074	0
8075	0
8076	0
8077	0
8078	0
8079	0
8080	0
8081	0
8082	0
8083	0
8084	0
8085	0
8086	0
8087	0
8088	0
8089	0
8090	0
8091	0
8092	0
8093	0
8094	0
8095	0
8096	0
8097	0
8098	0
8099	0
8100	0
8101	0
8102	0
8103	0
8104	0
8105	0
8106	0
8107	0
8108	0
8109	0
8110	0
8111	0
8112	0
8113	0
8114	0
8115	0
8116	0
8117	0
8118	0
8119	0
8120	0
8121	0
8122	0
8123	0
8124	0
8125	0
8126	0
8127	0
8128	0
8129	0
8130	0
8131	0
8132	0
8133	0
8134	0
8135	0
8136	0
8137	0
8138	0
8139	0
8140	0
8141	0
8142	0
8143	0
8144	0
8145	0
8146	0
8147	0
8148	0
8149	0
8150	0
8151	0
8152	0
8153	0
8154	0
8155	0
8156	0
8157	0
8158	0
8159	0
8160	0
8161	0
8162	0
8163	0
8164	0
8165	0
8166	0
8167	0
8168	0
8169	0
8170	0
8171	0
8172	0
8173	0
8174	0
8175	0
8176	0
8177	0
8178	0
8179	0
8180	0
8181	0
8182	0
8183	0
8184	0
8185	0
8186	0
8187	0
8188	0
8189	0
8190	0
8191	0
8192	0
