SHIFR=
TLIVE=920.81
TREAL=920.81
SPECTRTXT=8192
1	148
2	193
3	193
4	222
5	197
6	213
7	204
8	231
9	233
10	221
11	220
12	206
13	201
14	193
15	167
16	167
17	162
18	198
19	222
20	201
21	186
22	183
23	195
24	189
25	183
26	211
27	233
28	218
29	253
30	210
31	202
32	206
33	206
34	221
35	200
36	188
37	168
38	186
39	218
40	197
41	191
42	176
43	214
44	194
45	235
46	205
47	212
48	208
49	214
50	221
51	237
52	190
53	200
54	187
55	163
56	170
57	172
58	167
59	181
60	183
61	208
62	183
63	180
64	145
65	181
66	155
67	176
68	187
69	185
70	206
71	212
72	185
73	197
74	206
75	199
76	217
77	203
78	190
79	150
80	178
81	178
82	168
83	184
84	172
85	168
86	174
87	194
88	186
89	192
90	199
91	206
92	159
93	169
94	164
95	176
96	219
97	189
98	190
99	181
100	160
101	148
102	141
103	131
104	152
105	163
106	186
107	203
108	194
109	220
110	209
111	228
112	210
113	198
114	225
115	185
116	202
117	194
118	221
119	201
120	216
121	191
122	190
123	207
124	210
125	212
126	216
127	212
128	182
129	195
130	207
131	198
132	201
133	233
134	241
135	227
136	189
137	179
138	168
139	158
140	179
141	164
142	151
143	181
144	180
145	167
146	163
147	172
148	190
149	210
150	191
151	183
152	199
153	219
154	195
155	191
156	181
157	159
158	181
159	175
160	198
161	192
162	184
163	183
164	185
165	198
166	186
167	182
168	202
169	197
170	175
171	179
172	230
173	196
174	185
175	196
176	163
177	166
178	175
179	173
180	186
181	179
182	200
183	230
184	233
185	215
186	234
187	222
188	221
189	167
190	155
191	179
192	172
193	157
194	193
195	219
196	185
197	184
198	159
199	216
200	199
201	204
202	191
203	211
204	208
205	187
206	202
207	189
208	203
209	210
210	191
211	209
212	212
213	192
214	185
215	219
216	230
217	198
218	208
219	184
220	199
221	200
222	178
223	188
224	187
225	169
226	196
227	191
228	191
229	182
230	183
231	181
232	205
233	204
234	198
235	191
236	199
237	235
238	235
239	221
240	191
241	175
242	158
243	176
244	183
245	220
246	209
247	232
248	201
249	240
250	225
251	277
252	227
253	211
254	204
255	207
256	187
257	181
258	192
259	183
260	166
261	168
262	206
263	199
264	204
265	204
266	207
267	162
268	177
269	197
270	208
271	207
272	217
273	210
274	166
275	187
276	188
277	202
278	179
279	159
280	169
281	180
282	202
283	202
284	207
285	180
286	173
287	177
288	167
289	185
290	217
291	202
292	200
293	187
294	186
295	179
296	184
297	187
298	198
299	196
300	177
301	174
302	155
303	166
304	158
305	189
306	210
307	199
308	210
309	208
310	188
311	189
312	145
313	160
314	175
315	189
316	171
317	196
318	213
319	180
320	170
321	211
322	201
323	203
324	197
325	215
326	199
327	213
328	242
329	224
330	201
331	212
332	197
333	177
334	170
335	171
336	195
337	202
338	191
339	193
340	177
341	212
342	192
343	195
344	205
345	162
346	169
347	190
348	179
349	200
350	205
351	222
352	187
353	186
354	173
355	177
356	152
357	188
358	186
359	176
360	206
361	198
362	205
363	200
364	182
365	208
366	225
367	224
368	227
369	206
370	206
371	196
372	207
373	221
374	174
375	200
376	168
377	177
378	192
379	167
380	201
381	226
382	207
383	226
384	211
385	201
386	182
387	184
388	212
389	196
390	206
391	210
392	193
393	195
394	202
395	212
396	238
397	219
398	237
399	192
400	187
401	164
402	146
403	155
404	183
405	179
406	186
407	207
408	193
409	197
410	180
411	163
412	170
413	163
414	200
415	181
416	180
417	178
418	163
419	187
420	184
421	178
422	176
423	197
424	194
425	196
426	190
427	199
428	207
429	196
430	203
431	207
432	203
433	230
434	209
435	206
436	219
437	200
438	241
439	212
440	211
441	175
442	195
443	178
444	220
445	208
446	206
447	217
448	209
449	224
450	210
451	218
452	207
453	212
454	167
455	159
456	126
457	154
458	170
459	188
460	206
461	197
462	211
463	203
464	201
465	205
466	172
467	207
468	194
469	175
470	153
471	159
472	151
473	156
474	184
475	203
476	205
477	191
478	174
479	184
480	173
481	155
482	164
483	173
484	196
485	237
486	202
487	181
488	179
489	165
490	162
491	172
492	197
493	170
494	197
495	189
496	182
497	202
498	180
499	175
500	168
501	176
502	171
503	191
504	174
505	194
506	201
507	180
508	191
509	196
510	199
511	216
512	229
513	211
514	221
515	183
516	207
517	198
518	202
519	170
520	185
521	192
522	201
523	207
524	207
525	215
526	209
527	193
528	194
529	175
530	185
531	197
532	176
533	140
534	155
535	163
536	203
537	216
538	219
539	240
540	185
541	196
542	178
543	174
544	151
545	180
546	176
547	174
548	180
549	194
550	201
551	215
552	219
553	189
554	187
555	162
556	202
557	211
558	200
559	193
560	180
561	198
562	184
563	198
564	168
565	193
566	170
567	193
568	197
569	191
570	174
571	206
572	184
573	180
574	201
575	165
576	185
577	214
578	227
579	204
580	212
581	235
582	235
583	240
584	189
585	204
586	209
587	192
588	175
589	172
590	166
591	178
592	198
593	204
594	202
595	236
596	277
597	237
598	258
599	263
600	262
601	246
602	263
603	270
604	246
605	244
606	215
607	242
608	243
609	199
610	200
611	213
612	239
613	203
614	209
615	209
616	184
617	203
618	215
619	204
620	201
621	190
622	221
623	228
624	193
625	230
626	211
627	246
628	223
629	160
630	204
631	228
632	219
633	221
634	196
635	187
636	200
637	228
638	210
639	250
640	258
641	232
642	234
643	216
644	176
645	193
646	179
647	189
648	199
649	195
650	202
651	201
652	236
653	214
654	202
655	196
656	211
657	209
658	206
659	219
660	235
661	223
662	239
663	224
664	203
665	201
666	214
667	240
668	247
669	233
670	233
671	198
672	215
673	210
674	197
675	203
676	177
677	242
678	179
679	186
680	171
681	235
682	161
683	155
684	156
685	171
686	153
687	186
688	214
689	236
690	251
691	216
692	228
693	259
694	258
695	242
696	213
697	210
698	190
699	200
700	186
701	211
702	188
703	207
704	195
705	200
706	210
707	210
708	181
709	182
710	150
711	183
712	195
713	219
714	207
715	223
716	242
717	226
718	227
719	209
720	208
721	215
722	215
723	211
724	234
725	233
726	207
727	229
728	212
729	174
730	187
731	237
732	192
733	170
734	183
735	221
736	214
737	213
738	207
739	242
740	204
741	211
742	222
743	207
744	216
745	203
746	222
747	215
748	249
749	225
750	204
751	198
752	205
753	189
754	186
755	202
756	169
757	193
758	177
759	166
760	183
761	199
762	214
763	225
764	243
765	236
766	214
767	214
768	188
769	189
770	171
771	170
772	150
773	192
774	177
775	163
776	159
777	163
778	150
779	179
780	163
781	187
782	175
783	158
784	188
785	191
786	176
787	188
788	195
789	187
790	158
791	163
792	188
793	185
794	199
795	182
796	211
797	215
798	207
799	234
800	223
801	222
802	194
803	202
804	183
805	168
806	194
807	173
808	158
809	153
810	139
811	152
812	154
813	143
814	149
815	164
816	172
817	169
818	180
819	200
820	201
821	206
822	189
823	203
824	154
825	196
826	195
827	206
828	176
829	200
830	213
831	201
832	212
833	189
834	158
835	180
836	187
837	217
838	173
839	188
840	221
841	223
842	175
843	203
844	224
845	188
846	203
847	209
848	207
849	174
850	201
851	174
852	179
853	192
854	206
855	180
856	188
857	187
858	159
859	198
860	174
861	178
862	153
863	178
864	176
865	205
866	184
867	193
868	181
869	201
870	182
871	160
872	152
873	176
874	190
875	201
876	197
877	201
878	185
879	165
880	179
881	179
882	167
883	137
884	161
885	175
886	193
887	183
888	167
889	157
890	194
891	198
892	216
893	194
894	232
895	239
896	219
897	211
898	184
899	216
900	197
901	192
902	178
903	208
904	183
905	160
906	163
907	155
908	172
909	157
910	185
911	173
912	168
913	190
914	172
915	194
916	200
917	199
918	194
919	186
920	188
921	173
922	203
923	199
924	174
925	215
926	205
927	197
928	193
929	196
930	204
931	220
932	153
933	176
934	186
935	172
936	198
937	213
938	214
939	210
940	218
941	191
942	181
943	186
944	165
945	187
946	173
947	175
948	172
949	209
950	179
951	195
952	179
953	135
954	147
955	189
956	183
957	194
958	212
959	222
960	215
961	173
962	147
963	181
964	188
965	168
966	163
967	177
968	185
969	174
970	194
971	196
972	176
973	168
974	180
975	203
976	223
977	190
978	165
979	183
980	187
981	184
982	198
983	195
984	201
985	211
986	222
987	205
988	209
989	227
990	183
991	195
992	179
993	191
994	171
995	145
996	154
997	163
998	153
999	197
1000	179
1001	162
1002	204
1003	220
1004	203
1005	212
1006	217
1007	184
1008	178
1009	169
1010	186
1011	175
1012	201
1013	184
1014	174
1015	155
1016	189
1017	167
1018	193
1019	203
1020	194
1021	217
1022	207
1023	194
1024	189
1025	186
1026	147
1027	200
1028	156
1029	151
1030	197
1031	186
1032	160
1033	199
1034	207
1035	196
1036	197
1037	194
1038	189
1039	178
1040	197
1041	199
1042	159
1043	169
1044	197
1045	184
1046	168
1047	171
1048	148
1049	160
1050	152
1051	149
1052	159
1053	176
1054	153
1055	164
1056	142
1057	156
1058	187
1059	156
1060	162
1061	192
1062	180
1063	207
1064	162
1065	158
1066	175
1067	168
1068	170
1069	166
1070	161
1071	183
1072	186
1073	178
1074	225
1075	200
1076	173
1077	170
1078	186
1079	148
1080	162
1081	154
1082	117
1083	160
1084	148
1085	147
1086	175
1087	201
1088	185
1089	208
1090	221
1091	226
1092	238
1093	158
1094	192
1095	167
1096	191
1097	190
1098	159
1099	149
1100	146
1101	152
1102	130
1103	160
1104	171
1105	156
1106	208
1107	195
1108	179
1109	196
1110	137
1111	165
1112	157
1113	155
1114	173
1115	154
1116	165
1117	175
1118	193
1119	159
1120	175
1121	166
1122	163
1123	150
1124	177
1125	160
1126	183
1127	185
1128	164
1129	195
1130	160
1131	184
1132	182
1133	180
1134	171
1135	178
1136	232
1137	193
1138	195
1139	187
1140	181
1141	189
1142	171
1143	171
1144	157
1145	159
1146	164
1147	158
1148	162
1149	172
1150	151
1151	180
1152	214
1153	201
1154	205
1155	202
1156	180
1157	170
1158	164
1159	140
1160	144
1161	137
1162	137
1163	127
1164	148
1165	144
1166	158
1167	202
1168	202
1169	224
1170	197
1171	217
1172	171
1173	144
1174	150
1175	194
1176	191
1177	180
1178	218
1179	206
1180	190
1181	178
1182	166
1183	162
1184	177
1185	186
1186	192
1187	172
1188	150
1189	137
1190	149
1191	141
1192	159
1193	183
1194	235
1195	353
1196	422
1197	535
1198	446
1199	326
1200	255
1201	217
1202	203
1203	180
1204	181
1205	208
1206	166
1207	130
1208	182
1209	190
1210	223
1211	247
1212	201
1213	228
1214	238
1215	238
1216	212
1217	143
1218	163
1219	171
1220	177
1221	177
1222	191
1223	167
1224	164
1225	179
1226	167
1227	169
1228	170
1229	169
1230	188
1231	202
1232	206
1233	201
1234	216
1235	213
1236	168
1237	161
1238	156
1239	144
1240	170
1241	182
1242	156
1243	176
1244	192
1245	166
1246	165
1247	170
1248	203
1249	181
1250	204
1251	183
1252	194
1253	190
1254	171
1255	139
1256	157
1257	173
1258	146
1259	161
1260	165
1261	166
1262	148
1263	162
1264	170
1265	161
1266	166
1267	153
1268	177
1269	172
1270	179
1271	200
1272	197
1273	187
1274	172
1275	164
1276	150
1277	187
1278	192
1279	192
1280	190
1281	224
1282	196
1283	175
1284	174
1285	175
1286	172
1287	174
1288	165
1289	127
1290	147
1291	148
1292	166
1293	168
1294	175
1295	173
1296	163
1297	162
1298	162
1299	139
1300	161
1301	164
1302	148
1303	177
1304	167
1305	182
1306	189
1307	197
1308	188
1309	196
1310	211
1311	227
1312	233
1313	211
1314	169
1315	183
1316	162
1317	200
1318	174
1319	188
1320	179
1321	159
1322	183
1323	172
1324	179
1325	146
1326	171
1327	140
1328	152
1329	172
1330	176
1331	179
1332	178
1333	176
1334	175
1335	158
1336	153
1337	201
1338	193
1339	180
1340	188
1341	195
1342	180
1343	162
1344	196
1345	178
1346	171
1347	175
1348	181
1349	217
1350	209
1351	236
1352	198
1353	196
1354	192
1355	155
1356	153
1357	143
1358	190
1359	167
1360	173
1361	158
1362	162
1363	168
1364	166
1365	179
1366	198
1367	215
1368	243
1369	191
1370	207
1371	189
1372	167
1373	200
1374	175
1375	192
1376	197
1377	194
1378	145
1379	176
1380	179
1381	160
1382	189
1383	174
1384	177
1385	177
1386	206
1387	182
1388	177
1389	172
1390	161
1391	139
1392	155
1393	170
1394	148
1395	201
1396	191
1397	189
1398	197
1399	193
1400	195
1401	188
1402	190
1403	195
1404	169
1405	200
1406	191
1407	198
1408	203
1409	169
1410	161
1411	178
1412	168
1413	151
1414	150
1415	170
1416	150
1417	141
1418	146
1419	178
1420	144
1421	158
1422	168
1423	185
1424	170
1425	159
1426	189
1427	147
1428	141
1429	134
1430	160
1431	157
1432	157
1433	164
1434	171
1435	203
1436	203
1437	189
1438	204
1439	175
1440	172
1441	159
1442	158
1443	172
1444	161
1445	198
1446	175
1447	169
1448	167
1449	149
1450	156
1451	187
1452	179
1453	156
1454	178
1455	166
1456	169
1457	176
1458	179
1459	164
1460	172
1461	140
1462	157
1463	149
1464	168
1465	161
1466	185
1467	195
1468	188
1469	233
1470	203
1471	235
1472	205
1473	175
1474	167
1475	227
1476	195
1477	177
1478	176
1479	160
1480	167
1481	168
1482	166
1483	157
1484	155
1485	158
1486	161
1487	182
1488	167
1489	177
1490	164
1491	176
1492	167
1493	160
1494	140
1495	163
1496	166
1497	164
1498	165
1499	169
1500	168
1501	167
1502	162
1503	183
1504	179
1505	185
1506	145
1507	144
1508	149
1509	146
1510	151
1511	202
1512	200
1513	177
1514	183
1515	199
1516	190
1517	160
1518	159
1519	159
1520	152
1521	147
1522	169
1523	150
1524	222
1525	197
1526	176
1527	186
1528	192
1529	178
1530	204
1531	208
1532	174
1533	185
1534	186
1535	166
1536	208
1537	204
1538	202
1539	178
1540	180
1541	163
1542	165
1543	177
1544	155
1545	186
1546	145
1547	207
1548	189
1549	199
1550	223
1551	218
1552	244
1553	194
1554	170
1555	182
1556	134
1557	152
1558	160
1559	149
1560	171
1561	173
1562	161
1563	172
1564	171
1565	188
1566	200
1567	190
1568	208
1569	210
1570	218
1571	197
1572	164
1573	136
1574	151
1575	171
1576	144
1577	149
1578	176
1579	159
1580	162
1581	166
1582	180
1583	188
1584	161
1585	165
1586	172
1587	184
1588	176
1589	160
1590	165
1591	168
1592	179
1593	169
1594	157
1595	179
1596	207
1597	215
1598	170
1599	188
1600	204
1601	203
1602	218
1603	187
1604	183
1605	182
1606	177
1607	192
1608	154
1609	175
1610	151
1611	189
1612	192
1613	192
1614	152
1615	180
1616	187
1617	154
1618	148
1619	166
1620	158
1621	150
1622	173
1623	181
1624	194
1625	200
1626	229
1627	199
1628	206
1629	209
1630	192
1631	173
1632	202
1633	172
1634	199
1635	188
1636	171
1637	186
1638	184
1639	169
1640	191
1641	179
1642	207
1643	172
1644	189
1645	193
1646	168
1647	143
1648	146
1649	157
1650	128
1651	166
1652	141
1653	150
1654	141
1655	153
1656	174
1657	169
1658	172
1659	194
1660	177
1661	216
1662	191
1663	236
1664	207
1665	195
1666	193
1667	179
1668	158
1669	156
1670	161
1671	168
1672	172
1673	160
1674	173
1675	144
1676	173
1677	151
1678	144
1679	150
1680	191
1681	176
1682	211
1683	228
1684	194
1685	215
1686	189
1687	169
1688	185
1689	135
1690	185
1691	176
1692	199
1693	185
1694	195
1695	184
1696	196
1697	194
1698	203
1699	207
1700	206
1701	179
1702	202
1703	175
1704	170
1705	163
1706	171
1707	173
1708	199
1709	206
1710	203
1711	191
1712	178
1713	185
1714	160
1715	173
1716	203
1717	224
1718	165
1719	166
1720	185
1721	177
1722	136
1723	156
1724	161
1725	151
1726	183
1727	189
1728	197
1729	185
1730	179
1731	219
1732	178
1733	195
1734	185
1735	183
1736	186
1737	164
1738	177
1739	153
1740	173
1741	155
1742	173
1743	146
1744	143
1745	133
1746	153
1747	167
1748	151
1749	174
1750	183
1751	183
1752	180
1753	207
1754	199
1755	178
1756	194
1757	185
1758	167
1759	169
1760	181
1761	172
1762	187
1763	161
1764	161
1765	152
1766	131
1767	154
1768	152
1769	159
1770	156
1771	179
1772	141
1773	149
1774	122
1775	149
1776	159
1777	120
1778	164
1779	152
1780	183
1781	164
1782	170
1783	179
1784	187
1785	177
1786	148
1787	171
1788	152
1789	170
1790	168
1791	188
1792	140
1793	129
1794	157
1795	151
1796	161
1797	166
1798	178
1799	193
1800	210
1801	218
1802	210
1803	199
1804	198
1805	199
1806	193
1807	190
1808	187
1809	186
1810	194
1811	211
1812	197
1813	181
1814	162
1815	172
1816	167
1817	168
1818	164
1819	201
1820	176
1821	192
1822	174
1823	169
1824	151
1825	169
1826	161
1827	187
1828	158
1829	165
1830	186
1831	196
1832	192
1833	171
1834	162
1835	158
1836	154
1837	133
1838	127
1839	136
1840	133
1841	152
1842	139
1843	122
1844	161
1845	147
1846	174
1847	185
1848	187
1849	194
1850	162
1851	183
1852	168
1853	175
1854	161
1855	192
1856	160
1857	160
1858	165
1859	183
1860	159
1861	173
1862	168
1863	166
1864	153
1865	160
1866	184
1867	190
1868	228
1869	208
1870	194
1871	188
1872	175
1873	169
1874	157
1875	155
1876	152
1877	194
1878	164
1879	181
1880	182
1881	183
1882	189
1883	176
1884	183
1885	209
1886	180
1887	193
1888	162
1889	172
1890	170
1891	158
1892	167
1893	140
1894	152
1895	170
1896	165
1897	163
1898	201
1899	210
1900	177
1901	177
1902	210
1903	184
1904	203
1905	164
1906	164
1907	129
1908	147
1909	171
1910	160
1911	132
1912	153
1913	202
1914	225
1915	211
1916	183
1917	188
1918	189
1919	168
1920	165
1921	171
1922	164
1923	161
1924	178
1925	165
1926	199
1927	165
1928	162
1929	174
1930	193
1931	182
1932	197
1933	175
1934	202
1935	208
1936	170
1937	223
1938	206
1939	191
1940	204
1941	192
1942	204
1943	133
1944	184
1945	180
1946	187
1947	191
1948	193
1949	195
1950	184
1951	182
1952	173
1953	181
1954	179
1955	179
1956	161
1957	184
1958	162
1959	165
1960	156
1961	145
1962	160
1963	170
1964	146
1965	189
1966	150
1967	154
1968	151
1969	155
1970	167
1971	150
1972	150
1973	159
1974	156
1975	156
1976	150
1977	177
1978	158
1979	181
1980	209
1981	181
1982	192
1983	177
1984	210
1985	218
1986	177
1987	162
1988	168
1989	172
1990	209
1991	199
1992	179
1993	179
1994	155
1995	159
1996	195
1997	188
1998	202
1999	187
2000	207
2001	209
2002	210
2003	218
2004	242
2005	213
2006	198
2007	209
2008	180
2009	213
2010	191
2011	173
2012	193
2013	219
2014	219
2015	193
2016	188
2017	202
2018	221
2019	216
2020	207
2021	162
2022	205
2023	210
2024	183
2025	222
2026	187
2027	198
2028	152
2029	194
2030	192
2031	208
2032	186
2033	215
2034	167
2035	227
2036	213
2037	201
2038	196
2039	220
2040	197
2041	169
2042	208
2043	193
2044	177
2045	160
2046	182
2047	161
2048	173
2049	151
2050	113
2051	146
2052	148
2053	131
2054	136
2055	174
2056	194
2057	192
2058	196
2059	177
2060	190
2061	170
2062	147
2063	163
2064	173
2065	176
2066	153
2067	176
2068	151
2069	166
2070	162
2071	163
2072	172
2073	162
2074	181
2075	176
2076	177
2077	181
2078	223
2079	232
2080	212
2081	225
2082	175
2083	193
2084	200
2085	203
2086	235
2087	227
2088	232
2089	218
2090	197
2091	174
2092	160
2093	136
2094	162
2095	161
2096	155
2097	192
2098	165
2099	191
2100	186
2101	163
2102	189
2103	167
2104	141
2105	138
2106	149
2107	138
2108	156
2109	171
2110	211
2111	185
2112	169
2113	155
2114	169
2115	167
2116	168
2117	181
2118	160
2119	194
2120	195
2121	191
2122	188
2123	185
2124	189
2125	202
2126	192
2127	194
2128	200
2129	187
2130	166
2131	161
2132	162
2133	189
2134	185
2135	171
2136	178
2137	198
2138	194
2139	188
2140	196
2141	183
2142	186
2143	228
2144	174
2145	186
2146	189
2147	169
2148	186
2149	175
2150	149
2151	131
2152	148
2153	153
2154	191
2155	177
2156	194
2157	183
2158	179
2159	191
2160	183
2161	165
2162	180
2163	174
2164	160
2165	161
2166	180
2167	165
2168	144
2169	142
2170	178
2171	171
2172	182
2173	161
2174	163
2175	161
2176	165
2177	145
2178	180
2179	172
2180	176
2181	187
2182	167
2183	157
2184	135
2185	166
2186	195
2187	185
2188	176
2189	190
2190	169
2191	193
2192	176
2193	183
2194	160
2195	163
2196	170
2197	166
2198	179
2199	193
2200	181
2201	170
2202	200
2203	187
2204	229
2205	191
2206	198
2207	225
2208	208
2209	228
2210	223
2211	229
2212	198
2213	207
2214	206
2215	167
2216	169
2217	175
2218	180
2219	202
2220	210
2221	231
2222	225
2223	208
2224	205
2225	188
2226	192
2227	181
2228	176
2229	156
2230	150
2231	172
2232	141
2233	168
2234	170
2235	189
2236	199
2237	195
2238	214
2239	190
2240	205
2241	192
2242	209
2243	144
2244	174
2245	145
2246	141
2247	150
2248	130
2249	155
2250	168
2251	148
2252	159
2253	174
2254	191
2255	188
2256	176
2257	204
2258	171
2259	188
2260	200
2261	194
2262	192
2263	179
2264	203
2265	190
2266	159
2267	159
2268	155
2269	157
2270	187
2271	182
2272	161
2273	191
2274	175
2275	225
2276	225
2277	228
2278	210
2279	221
2280	188
2281	195
2282	194
2283	212
2284	216
2285	216
2286	166
2287	193
2288	222
2289	178
2290	230
2291	183
2292	180
2293	197
2294	199
2295	171
2296	195
2297	191
2298	182
2299	194
2300	191
2301	221
2302	216
2303	206
2304	217
2305	200
2306	201
2307	190
2308	191
2309	192
2310	190
2311	153
2312	168
2313	153
2314	183
2315	182
2316	177
2317	197
2318	158
2319	176
2320	176
2321	186
2322	167
2323	171
2324	180
2325	182
2326	197
2327	187
2328	208
2329	196
2330	173
2331	176
2332	181
2333	176
2334	160
2335	175
2336	170
2337	199
2338	169
2339	167
2340	168
2341	167
2342	187
2343	195
2344	167
2345	189
2346	144
2347	167
2348	140
2349	179
2350	149
2351	168
2352	169
2353	163
2354	187
2355	204
2356	195
2357	180
2358	192
2359	185
2360	194
2361	221
2362	215
2363	210
2364	191
2365	200
2366	170
2367	173
2368	154
2369	156
2370	173
2371	177
2372	188
2373	170
2374	164
2375	178
2376	192
2377	196
2378	192
2379	203
2380	177
2381	166
2382	190
2383	190
2384	211
2385	180
2386	203
2387	207
2388	205
2389	166
2390	184
2391	174
2392	196
2393	169
2394	181
2395	174
2396	161
2397	193
2398	167
2399	161
2400	161
2401	161
2402	155
2403	187
2404	192
2405	167
2406	180
2407	183
2408	158
2409	171
2410	166
2411	155
2412	192
2413	189
2414	178
2415	191
2416	196
2417	202
2418	193
2419	199
2420	188
2421	188
2422	197
2423	199
2424	198
2425	228
2426	196
2427	204
2428	226
2429	215
2430	190
2431	186
2432	207
2433	180
2434	206
2435	199
2436	195
2437	215
2438	217
2439	168
2440	209
2441	154
2442	194
2443	171
2444	185
2445	199
2446	190
2447	210
2448	179
2449	169
2450	175
2451	170
2452	193
2453	217
2454	187
2455	167
2456	174
2457	194
2458	206
2459	175
2460	218
2461	201
2462	191
2463	210
2464	222
2465	212
2466	185
2467	208
2468	201
2469	200
2470	200
2471	200
2472	216
2473	171
2474	189
2475	194
2476	238
2477	203
2478	199
2479	188
2480	220
2481	172
2482	196
2483	209
2484	182
2485	169
2486	205
2487	214
2488	189
2489	210
2490	178
2491	167
2492	174
2493	188
2494	191
2495	216
2496	191
2497	176
2498	209
2499	171
2500	168
2501	173
2502	155
2503	205
2504	228
2505	233
2506	226
2507	200
2508	219
2509	204
2510	220
2511	223
2512	189
2513	162
2514	200
2515	222
2516	214
2517	201
2518	172
2519	199
2520	165
2521	168
2522	144
2523	162
2524	168
2525	185
2526	183
2527	164
2528	159
2529	182
2530	220
2531	174
2532	237
2533	244
2534	214
2535	183
2536	203
2537	178
2538	227
2539	200
2540	181
2541	196
2542	158
2543	180
2544	196
2545	211
2546	207
2547	191
2548	202
2549	199
2550	210
2551	215
2552	202
2553	221
2554	213
2555	230
2556	188
2557	196
2558	173
2559	161
2560	183
2561	171
2562	192
2563	194
2564	188
2565	210
2566	225
2567	199
2568	208
2569	214
2570	235
2571	193
2572	203
2573	199
2574	198
2575	191
2576	230
2577	223
2578	224
2579	235
2580	228
2581	192
2582	187
2583	185
2584	170
2585	196
2586	212
2587	204
2588	225
2589	283
2590	332
2591	445
2592	514
2593	504
2594	440
2595	318
2596	245
2597	223
2598	188
2599	168
2600	188
2601	184
2602	164
2603	150
2604	149
2605	154
2606	157
2607	144
2608	174
2609	174
2610	191
2611	217
2612	222
2613	228
2614	193
2615	223
2616	229
2617	208
2618	193
2619	221
2620	217
2621	220
2622	228
2623	203
2624	209
2625	208
2626	199
2627	195
2628	190
2629	171
2630	166
2631	171
2632	192
2633	202
2634	221
2635	193
2636	182
2637	190
2638	180
2639	187
2640	181
2641	212
2642	224
2643	210
2644	201
2645	199
2646	205
2647	228
2648	221
2649	205
2650	214
2651	225
2652	197
2653	185
2654	187
2655	206
2656	201
2657	189
2658	167
2659	180
2660	216
2661	213
2662	194
2663	256
2664	189
2665	219
2666	222
2667	200
2668	210
2669	188
2670	222
2671	189
2672	208
2673	230
2674	197
2675	201
2676	224
2677	227
2678	243
2679	252
2680	232
2681	239
2682	251
2683	227
2684	247
2685	222
2686	245
2687	229
2688	210
2689	198
2690	195
2691	215
2692	223
2693	237
2694	274
2695	264
2696	240
2697	224
2698	202
2699	209
2700	218
2701	220
2702	192
2703	203
2704	206
2705	214
2706	215
2707	245
2708	240
2709	220
2710	232
2711	239
2712	235
2713	240
2714	251
2715	245
2716	228
2717	240
2718	257
2719	229
2720	222
2721	200
2722	180
2723	200
2724	179
2725	201
2726	186
2727	194
2728	214
2729	216
2730	195
2731	196
2732	184
2733	205
2734	213
2735	215
2736	215
2737	189
2738	195
2739	204
2740	205
2741	191
2742	199
2743	212
2744	218
2745	211
2746	208
2747	211
2748	204
2749	211
2750	224
2751	241
2752	228
2753	251
2754	238
2755	246
2756	257
2757	258
2758	249
2759	249
2760	245
2761	231
2762	236
2763	223
2764	218
2765	234
2766	216
2767	222
2768	224
2769	236
2770	248
2771	203
2772	198
2773	195
2774	210
2775	216
2776	202
2777	232
2778	208
2779	195
2780	168
2781	184
2782	216
2783	238
2784	217
2785	266
2786	216
2787	243
2788	249
2789	231
2790	188
2791	212
2792	221
2793	236
2794	227
2795	213
2796	191
2797	231
2798	209
2799	210
2800	206
2801	217
2802	220
2803	204
2804	212
2805	234
2806	235
2807	256
2808	268
2809	256
2810	280
2811	253
2812	242
2813	220
2814	274
2815	227
2816	257
2817	237
2818	228
2819	262
2820	246
2821	198
2822	226
2823	247
2824	231
2825	228
2826	225
2827	216
2828	221
2829	279
2830	253
2831	225
2832	265
2833	225
2834	224
2835	230
2836	226
2837	215
2838	215
2839	220
2840	225
2841	248
2842	207
2843	231
2844	253
2845	229
2846	227
2847	223
2848	200
2849	223
2850	210
2851	212
2852	201
2853	240
2854	247
2855	240
2856	229
2857	204
2858	233
2859	244
2860	226
2861	232
2862	231
2863	210
2864	216
2865	238
2866	219
2867	190
2868	248
2869	239
2870	242
2871	244
2872	209
2873	246
2874	259
2875	214
2876	257
2877	221
2878	241
2879	264
2880	265
2881	275
2882	268
2883	261
2884	255
2885	254
2886	239
2887	229
2888	222
2889	217
2890	233
2891	211
2892	199
2893	223
2894	238
2895	247
2896	258
2897	269
2898	236
2899	261
2900	238
2901	242
2902	229
2903	190
2904	192
2905	212
2906	197
2907	208
2908	215
2909	229
2910	252
2911	246
2912	261
2913	264
2914	190
2915	223
2916	202
2917	206
2918	222
2919	247
2920	247
2921	240
2922	259
2923	261
2924	209
2925	211
2926	220
2927	230
2928	268
2929	246
2930	242
2931	254
2932	267
2933	216
2934	248
2935	250
2936	229
2937	226
2938	308
2939	278
2940	236
2941	247
2942	264
2943	233
2944	227
2945	230
2946	225
2947	245
2948	264
2949	256
2950	254
2951	233
2952	202
2953	222
2954	216
2955	275
2956	235
2957	239
2958	253
2959	242
2960	242
2961	247
2962	281
2963	304
2964	274
2965	263
2966	270
2967	241
2968	267
2969	244
2970	256
2971	249
2972	242
2973	250
2974	253
2975	232
2976	239
2977	246
2978	277
2979	243
2980	242
2981	234
2982	242
2983	254
2984	256
2985	233
2986	262
2987	285
2988	237
2989	211
2990	256
2991	268
2992	236
2993	273
2994	261
2995	271
2996	263
2997	266
2998	268
2999	257
3000	251
3001	266
3002	272
3003	237
3004	223
3005	239
3006	236
3007	224
3008	216
3009	226
3010	248
3011	244
3012	261
3013	296
3014	259
3015	281
3016	257
3017	265
3018	251
3019	284
3020	247
3021	250
3022	254
3023	242
3024	221
3025	223
3026	254
3027	261
3028	265
3029	265
3030	283
3031	270
3032	276
3033	291
3034	301
3035	257
3036	277
3037	292
3038	311
3039	274
3040	312
3041	264
3042	278
3043	306
3044	285
3045	308
3046	310
3047	291
3048	262
3049	298
3050	270
3051	278
3052	279
3053	286
3054	278
3055	294
3056	273
3057	242
3058	231
3059	240
3060	240
3061	274
3062	254
3063	254
3064	259
3065	269
3066	277
3067	273
3068	253
3069	273
3070	254
3071	278
3072	289
3073	273
3074	297
3075	286
3076	278
3077	291
3078	310
3079	301
3080	314
3081	301
3082	305
3083	315
3084	311
3085	242
3086	271
3087	280
3088	273
3089	248
3090	291
3091	252
3092	266
3093	285
3094	312
3095	318
3096	279
3097	280
3098	291
3099	269
3100	291
3101	277
3102	257
3103	262
3104	273
3105	271
3106	269
3107	277
3108	260
3109	255
3110	247
3111	289
3112	309
3113	285
3114	323
3115	252
3116	327
3117	308
3118	252
3119	284
3120	273
3121	302
3122	273
3123	301
3124	344
3125	333
3126	299
3127	313
3128	325
3129	347
3130	354
3131	330
3132	301
3133	325
3134	323
3135	318
3136	330
3137	307
3138	308
3139	325
3140	316
3141	294
3142	294
3143	303
3144	296
3145	278
3146	281
3147	257
3148	278
3149	315
3150	295
3151	301
3152	277
3153	268
3154	286
3155	291
3156	280
3157	262
3158	260
3159	315
3160	307
3161	311
3162	340
3163	346
3164	296
3165	297
3166	295
3167	286
3168	283
3169	266
3170	260
3171	281
3172	311
3173	283
3174	275
3175	277
3176	294
3177	275
3178	337
3179	308
3180	310
3181	280
3182	326
3183	283
3184	290
3185	322
3186	341
3187	306
3188	336
3189	349
3190	361
3191	370
3192	358
3193	322
3194	295
3195	302
3196	317
3197	315
3198	303
3199	331
3200	321
3201	304
3202	323
3203	309
3204	320
3205	307
3206	312
3207	321
3208	298
3209	332
3210	359
3211	339
3212	329
3213	325
3214	332
3215	346
3216	311
3217	329
3218	325
3219	307
3220	328
3221	329
3222	332
3223	347
3224	390
3225	426
3226	404
3227	380
3228	364
3229	374
3230	416
3231	404
3232	400
3233	411
3234	361
3235	411
3236	355
3237	312
3238	334
3239	339
3240	319
3241	326
3242	358
3243	346
3244	327
3245	334
3246	339
3247	341
3248	360
3249	371
3250	323
3251	345
3252	338
3253	371
3254	370
3255	349
3256	353
3257	360
3258	318
3259	330
3260	343
3261	342
3262	354
3263	338
3264	359
3265	336
3266	405
3267	370
3268	408
3269	362
3270	371
3271	396
3272	356
3273	387
3274	353
3275	377
3276	381
3277	339
3278	349
3279	374
3280	351
3281	372
3282	401
3283	373
3284	359
3285	399
3286	409
3287	387
3288	415
3289	379
3290	422
3291	427
3292	380
3293	363
3294	346
3295	346
3296	308
3297	343
3298	362
3299	371
3300	351
3301	397
3302	374
3303	371
3304	387
3305	393
3306	419
3307	390
3308	445
3309	376
3310	420
3311	393
3312	404
3313	404
3314	413
3315	453
3316	451
3317	493
3318	487
3319	512
3320	500
3321	522
3322	489
3323	492
3324	500
3325	482
3326	518
3327	504
3328	473
3329	410
3330	422
3331	436
3332	447
3333	402
3334	363
3335	433
3336	436
3337	447
3338	442
3339	458
3340	414
3341	418
3342	423
3343	445
3344	462
3345	484
3346	488
3347	445
3348	468
3349	469
3350	474
3351	459
3352	501
3353	459
3354	476
3355	493
3356	460
3357	423
3358	421
3359	439
3360	445
3361	439
3362	505
3363	497
3364	458
3365	496
3366	473
3367	497
3368	511
3369	500
3370	530
3371	549
3372	541
3373	486
3374	481
3375	514
3376	540
3377	559
3378	538
3379	531
3380	522
3381	497
3382	488
3383	497
3384	497
3385	471
3386	566
3387	532
3388	519
3389	501
3390	544
3391	528
3392	547
3393	520
3394	455
3395	407
3396	384
3397	315
3398	261
3399	265
3400	237
3401	249
3402	251
3403	229
3404	253
3405	239
3406	256
3407	230
3408	229
3409	261
3410	282
3411	245
3412	246
3413	254
3414	262
3415	256
3416	243
3417	233
3418	190
3419	217
3420	227
3421	240
3422	268
3423	266
3424	267
3425	276
3426	263
3427	283
3428	245
3429	262
3430	258
3431	241
3432	231
3433	239
3434	228
3435	228
3436	208
3437	247
3438	230
3439	224
3440	206
3441	224
3442	253
3443	204
3444	221
3445	221
3446	217
3447	193
3448	227
3449	188
3450	194
3451	205
3452	242
3453	231
3454	247
3455	219
3456	235
3457	227
3458	221
3459	196
3460	232
3461	192
3462	191
3463	172
3464	193
3465	210
3466	195
3467	244
3468	218
3469	224
3470	240
3471	205
3472	238
3473	217
3474	210
3475	203
3476	191
3477	162
3478	169
3479	190
3480	145
3481	206
3482	231
3483	217
3484	204
3485	215
3486	226
3487	200
3488	220
3489	227
3490	220
3491	202
3492	233
3493	237
3494	227
3495	189
3496	190
3497	200
3498	178
3499	192
3500	183
3501	164
3502	182
3503	181
3504	194
3505	170
3506	188
3507	186
3508	199
3509	222
3510	192
3511	218
3512	193
3513	211
3514	212
3515	171
3516	158
3517	182
3518	173
3519	179
3520	212
3521	184
3522	210
3523	202
3524	189
3525	200
3526	182
3527	160
3528	160
3529	150
3530	146
3531	164
3532	123
3533	167
3534	147
3535	145
3536	154
3537	183
3538	146
3539	183
3540	170
3541	176
3542	177
3543	174
3544	183
3545	191
3546	174
3547	165
3548	178
3549	181
3550	167
3551	148
3552	152
3553	144
3554	147
3555	159
3556	155
3557	155
3558	148
3559	161
3560	137
3561	159
3562	181
3563	152
3564	149
3565	133
3566	149
3567	133
3568	162
3569	156
3570	134
3571	148
3572	175
3573	155
3574	158
3575	163
3576	164
3577	159
3578	156
3579	135
3580	144
3581	148
3582	151
3583	143
3584	133
3585	131
3586	137
3587	128
3588	156
3589	111
3590	129
3591	104
3592	136
3593	130
3594	116
3595	128
3596	123
3597	130
3598	112
3599	142
3600	130
3601	138
3602	113
3603	114
3604	128
3605	115
3606	149
3607	103
3608	106
3609	115
3610	117
3611	111
3612	108
3613	127
3614	127
3615	122
3616	126
3617	140
3618	136
3619	133
3620	115
3621	120
3622	120
3623	113
3624	129
3625	112
3626	111
3627	99
3628	103
3629	94
3630	77
3631	86
3632	81
3633	102
3634	87
3635	83
3636	79
3637	90
3638	79
3639	79
3640	79
3641	75
3642	79
3643	83
3644	61
3645	81
3646	58
3647	60
3648	50
3649	74
3650	59
3651	61
3652	55
3653	67
3654	74
3655	69
3656	88
3657	89
3658	77
3659	83
3660	101
3661	81
3662	82
3663	100
3664	69
3665	75
3666	74
3667	57
3668	64
3669	51
3670	55
3671	65
3672	61
3673	71
3674	59
3675	53
3676	65
3677	75
3678	71
3679	75
3680	55
3681	59
3682	53
3683	41
3684	36
3685	51
3686	56
3687	48
3688	36
3689	71
3690	84
3691	76
3692	86
3693	76
3694	64
3695	63
3696	66
3697	46
3698	62
3699	53
3700	44
3701	36
3702	42
3703	46
3704	43
3705	45
3706	67
3707	48
3708	61
3709	59
3710	61
3711	48
3712	40
3713	43
3714	40
3715	42
3716	26
3717	35
3718	51
3719	36
3720	44
3721	52
3722	45
3723	54
3724	49
3725	60
3726	57
3727	57
3728	60
3729	42
3730	32
3731	44
3732	25
3733	27
3734	36
3735	32
3736	31
3737	35
3738	31
3739	30
3740	40
3741	24
3742	23
3743	30
3744	25
3745	24
3746	25
3747	16
3748	22
3749	39
3750	26
3751	40
3752	32
3753	35
3754	27
3755	29
3756	29
3757	17
3758	20
3759	27
3760	25
3761	35
3762	26
3763	29
3764	29
3765	36
3766	42
3767	36
3768	28
3769	29
3770	33
3771	23
3772	23
3773	29
3774	27
3775	42
3776	52
3777	52
3778	55
3779	48
3780	43
3781	37
3782	38
3783	26
3784	28
3785	24
3786	18
3787	17
3788	30
3789	22
3790	30
3791	15
3792	28
3793	27
3794	32
3795	20
3796	26
3797	25
3798	19
3799	22
3800	14
3801	19
3802	24
3803	17
3804	23
3805	32
3806	19
3807	18
3808	17
3809	18
3810	26
3811	25
3812	21
3813	39
3814	26
3815	26
3816	18
3817	28
3818	22
3819	22
3820	20
3821	28
3822	20
3823	17
3824	17
3825	30
3826	25
3827	30
3828	18
3829	16
3830	20
3831	10
3832	16
3833	7
3834	14
3835	21
3836	13
3837	17
3838	19
3839	17
3840	16
3841	16
3842	9
3843	20
3844	16
3845	20
3846	19
3847	21
3848	18
3849	13
3850	13
3851	19
3852	19
3853	13
3854	16
3855	17
3856	21
3857	15
3858	18
3859	12
3860	9
3861	9
3862	13
3863	15
3864	14
3865	18
3866	19
3867	27
3868	28
3869	26
3870	32
3871	25
3872	20
3873	26
3874	22
3875	17
3876	5
3877	10
3878	13
3879	11
3880	12
3881	16
3882	11
3883	17
3884	21
3885	23
3886	24
3887	19
3888	26
3889	21
3890	24
3891	9
3892	13
3893	11
3894	17
3895	15
3896	11
3897	20
3898	19
3899	13
3900	10
3901	14
3902	15
3903	14
3904	23
3905	17
3906	28
3907	15
3908	24
3909	18
3910	16
3911	17
3912	20
3913	26
3914	17
3915	15
3916	11
3917	17
3918	21
3919	19
3920	17
3921	9
3922	11
3923	8
3924	7
3925	8
3926	12
3927	19
3928	14
3929	8
3930	18
3931	9
3932	13
3933	18
3934	21
3935	19
3936	11
3937	11
3938	19
3939	11
3940	11
3941	11
3942	12
3943	15
3944	13
3945	13
3946	21
3947	21
3948	25
3949	10
3950	16
3951	13
3952	18
3953	8
3954	13
3955	6
3956	6
3957	17
3958	23
3959	20
3960	37
3961	31
3962	32
3963	32
3964	40
3965	34
3966	21
3967	30
3968	12
3969	12
3970	11
3971	6
3972	7
3973	7
3974	6
3975	7
3976	8
3977	5
3978	4
3979	7
3980	6
3981	7
3982	12
3983	23
3984	53
3985	147
3986	425
3987	920
3988	1514
3989	2325
3990	2469
3991	2177
3992	1583
3993	861
3994	439
3995	145
3996	52
3997	10
3998	3
3999	0
4000	1
4001	0
4002	0
4003	0
4004	0
4005	0
4006	0
4007	0
4008	0
4009	0
4010	0
4011	0
4012	0
4013	0
4014	0
4015	0
4016	0
4017	0
4018	0
4019	0
4020	0
4021	0
4022	0
4023	0
4024	0
4025	0
4026	0
4027	0
4028	0
4029	0
4030	0
4031	0
4032	0
4033	0
4034	0
4035	0
4036	0
4037	0
4038	0
4039	0
4040	0
4041	0
4042	0
4043	0
4044	0
4045	0
4046	0
4047	0
4048	0
4049	0
4050	0
4051	0
4052	0
4053	0
4054	0
4055	0
4056	0
4057	0
4058	0
4059	0
4060	0
4061	0
4062	0
4063	0
4064	0
4065	0
4066	0
4067	0
4068	0
4069	0
4070	0
4071	0
4072	0
4073	0
4074	0
4075	0
4076	0
4077	0
4078	0
4079	0
4080	0
4081	0
4082	0
4083	0
4084	0
4085	0
4086	0
4087	0
4088	0
4089	0
4090	0
4091	0
4092	0
4093	0
4094	0
4095	0
4096	0
4097	0
4098	0
4099	0
4100	0
4101	0
4102	0
4103	0
4104	0
4105	0
4106	0
4107	0
4108	0
4109	0
4110	0
4111	0
4112	0
4113	0
4114	0
4115	0
4116	0
4117	0
4118	0
4119	0
4120	0
4121	0
4122	0
4123	0
4124	0
4125	0
4126	0
4127	0
4128	0
4129	0
4130	0
4131	0
4132	0
4133	0
4134	0
4135	0
4136	0
4137	0
4138	0
4139	0
4140	0
4141	0
4142	0
4143	0
4144	0
4145	0
4146	0
4147	0
4148	0
4149	0
4150	0
4151	0
4152	0
4153	0
4154	0
4155	0
4156	0
4157	0
4158	0
4159	0
4160	0
4161	0
4162	0
4163	0
4164	0
4165	0
4166	0
4167	0
4168	0
4169	0
4170	0
4171	0
4172	0
4173	0
4174	0
4175	0
4176	0
4177	0
4178	0
4179	0
4180	0
4181	0
4182	0
4183	0
4184	0
4185	0
4186	0
4187	0
4188	0
4189	0
4190	0
4191	0
4192	0
4193	0
4194	0
4195	0
4196	0
4197	0
4198	0
4199	0
4200	0
4201	0
4202	0
4203	0
4204	0
4205	0
4206	0
4207	0
4208	0
4209	0
4210	0
4211	0
4212	0
4213	0
4214	0
4215	0
4216	0
4217	0
4218	0
4219	0
4220	0
4221	0
4222	0
4223	0
4224	0
4225	0
4226	0
4227	0
4228	0
4229	0
4230	0
4231	0
4232	0
4233	0
4234	0
4235	0
4236	0
4237	0
4238	0
4239	0
4240	0
4241	0
4242	0
4243	0
4244	0
4245	0
4246	0
4247	0
4248	0
4249	0
4250	0
4251	0
4252	0
4253	0
4254	0
4255	0
4256	0
4257	0
4258	0
4259	0
4260	0
4261	0
4262	0
4263	0
4264	0
4265	0
4266	0
4267	0
4268	0
4269	0
4270	0
4271	0
4272	0
4273	0
4274	0
4275	0
4276	0
4277	0
4278	0
4279	0
4280	0
4281	0
4282	0
4283	0
4284	0
4285	0
4286	0
4287	0
4288	0
4289	0
4290	0
4291	0
4292	0
4293	0
4294	0
4295	0
4296	0
4297	0
4298	0
4299	0
4300	0
4301	0
4302	0
4303	0
4304	0
4305	0
4306	0
4307	0
4308	0
4309	0
4310	0
4311	0
4312	0
4313	0
4314	0
4315	0
4316	0
4317	0
4318	0
4319	0
4320	0
4321	0
4322	0
4323	0
4324	0
4325	0
4326	0
4327	0
4328	0
4329	0
4330	0
4331	0
4332	0
4333	0
4334	0
4335	0
4336	0
4337	0
4338	0
4339	0
4340	0
4341	0
4342	0
4343	0
4344	0
4345	0
4346	0
4347	0
4348	0
4349	0
4350	0
4351	0
4352	0
4353	0
4354	0
4355	0
4356	0
4357	0
4358	0
4359	0
4360	0
4361	0
4362	0
4363	0
4364	0
4365	0
4366	0
4367	0
4368	0
4369	0
4370	0
4371	0
4372	0
4373	0
4374	0
4375	0
4376	0
4377	0
4378	0
4379	0
4380	0
4381	0
4382	0
4383	0
4384	0
4385	0
4386	0
4387	0
4388	0
4389	0
4390	0
4391	0
4392	0
4393	0
4394	0
4395	0
4396	0
4397	0
4398	0
4399	0
4400	0
4401	0
4402	0
4403	0
4404	0
4405	0
4406	0
4407	0
4408	0
4409	0
4410	0
4411	0
4412	0
4413	0
4414	0
4415	0
4416	0
4417	0
4418	0
4419	0
4420	0
4421	0
4422	0
4423	0
4424	0
4425	0
4426	0
4427	0
4428	0
4429	0
4430	0
4431	0
4432	0
4433	0
4434	0
4435	0
4436	0
4437	0
4438	0
4439	0
4440	0
4441	0
4442	0
4443	0
4444	0
4445	0
4446	0
4447	0
4448	0
4449	0
4450	0
4451	0
4452	0
4453	0
4454	0
4455	0
4456	0
4457	0
4458	0
4459	0
4460	0
4461	0
4462	0
4463	0
4464	0
4465	0
4466	0
4467	0
4468	0
4469	0
4470	0
4471	0
4472	0
4473	0
4474	0
4475	0
4476	0
4477	0
4478	0
4479	0
4480	0
4481	0
4482	0
4483	0
4484	0
4485	0
4486	0
4487	0
4488	0
4489	0
4490	0
4491	0
4492	0
4493	0
4494	0
4495	0
4496	0
4497	0
4498	0
4499	0
4500	0
4501	0
4502	0
4503	0
4504	0
4505	0
4506	0
4507	0
4508	0
4509	0
4510	0
4511	0
4512	0
4513	0
4514	0
4515	0
4516	0
4517	0
4518	0
4519	0
4520	0
4521	0
4522	0
4523	0
4524	0
4525	0
4526	0
4527	0
4528	0
4529	0
4530	0
4531	0
4532	0
4533	0
4534	0
4535	0
4536	0
4537	0
4538	0
4539	0
4540	0
4541	0
4542	0
4543	0
4544	0
4545	0
4546	0
4547	0
4548	0
4549	0
4550	0
4551	0
4552	0
4553	0
4554	0
4555	0
4556	0
4557	0
4558	0
4559	0
4560	0
4561	0
4562	0
4563	0
4564	0
4565	0
4566	0
4567	0
4568	0
4569	0
4570	0
4571	0
4572	0
4573	0
4574	0
4575	0
4576	0
4577	0
4578	0
4579	0
4580	0
4581	0
4582	0
4583	0
4584	0
4585	0
4586	0
4587	0
4588	0
4589	0
4590	0
4591	0
4592	0
4593	0
4594	0
4595	0
4596	0
4597	0
4598	0
4599	0
4600	0
4601	0
4602	0
4603	0
4604	0
4605	0
4606	0
4607	0
4608	0
4609	0
4610	0
4611	0
4612	0
4613	0
4614	0
4615	0
4616	0
4617	0
4618	0
4619	0
4620	0
4621	0
4622	0
4623	0
4624	0
4625	0
4626	0
4627	0
4628	0
4629	0
4630	0
4631	0
4632	0
4633	0
4634	0
4635	0
4636	0
4637	0
4638	0
4639	0
4640	0
4641	0
4642	0
4643	0
4644	0
4645	0
4646	0
4647	0
4648	0
4649	0
4650	0
4651	0
4652	0
4653	0
4654	0
4655	0
4656	0
4657	0
4658	0
4659	0
4660	0
4661	0
4662	0
4663	0
4664	0
4665	0
4666	0
4667	0
4668	0
4669	0
4670	0
4671	0
4672	0
4673	0
4674	0
4675	0
4676	0
4677	0
4678	0
4679	0
4680	0
4681	0
4682	0
4683	0
4684	0
4685	0
4686	0
4687	0
4688	0
4689	0
4690	0
4691	0
4692	0
4693	0
4694	0
4695	0
4696	0
4697	0
4698	0
4699	0
4700	0
4701	0
4702	0
4703	0
4704	0
4705	0
4706	0
4707	0
4708	0
4709	0
4710	0
4711	0
4712	0
4713	0
4714	0
4715	0
4716	0
4717	0
4718	0
4719	0
4720	0
4721	0
4722	0
4723	0
4724	0
4725	0
4726	0
4727	0
4728	0
4729	0
4730	0
4731	0
4732	0
4733	0
4734	0
4735	0
4736	0
4737	0
4738	0
4739	0
4740	0
4741	0
4742	0
4743	0
4744	0
4745	0
4746	0
4747	0
4748	0
4749	0
4750	0
4751	0
4752	0
4753	0
4754	0
4755	0
4756	0
4757	0
4758	0
4759	0
4760	0
4761	0
4762	0
4763	0
4764	0
4765	0
4766	0
4767	0
4768	0
4769	0
4770	0
4771	0
4772	0
4773	0
4774	0
4775	0
4776	0
4777	0
4778	0
4779	0
4780	0
4781	0
4782	0
4783	0
4784	0
4785	0
4786	0
4787	0
4788	0
4789	0
4790	0
4791	0
4792	0
4793	0
4794	0
4795	0
4796	0
4797	0
4798	0
4799	0
4800	0
4801	0
4802	0
4803	0
4804	0
4805	0
4806	0
4807	0
4808	0
4809	0
4810	0
4811	0
4812	0
4813	0
4814	0
4815	0
4816	0
4817	0
4818	0
4819	0
4820	0
4821	0
4822	0
4823	0
4824	0
4825	0
4826	0
4827	0
4828	0
4829	0
4830	0
4831	0
4832	0
4833	0
4834	0
4835	0
4836	0
4837	0
4838	0
4839	0
4840	0
4841	0
4842	0
4843	0
4844	0
4845	0
4846	0
4847	0
4848	0
4849	0
4850	0
4851	0
4852	0
4853	0
4854	0
4855	0
4856	0
4857	0
4858	0
4859	0
4860	0
4861	0
4862	0
4863	0
4864	0
4865	0
4866	0
4867	0
4868	0
4869	0
4870	0
4871	0
4872	0
4873	0
4874	0
4875	0
4876	0
4877	0
4878	0
4879	0
4880	0
4881	0
4882	0
4883	0
4884	0
4885	0
4886	0
4887	0
4888	0
4889	0
4890	0
4891	0
4892	0
4893	0
4894	0
4895	0
4896	0
4897	0
4898	0
4899	0
4900	0
4901	0
4902	0
4903	0
4904	0
4905	0
4906	0
4907	0
4908	0
4909	0
4910	0
4911	0
4912	0
4913	0
4914	0
4915	0
4916	0
4917	0
4918	0
4919	0
4920	0
4921	0
4922	0
4923	0
4924	0
4925	0
4926	0
4927	0
4928	0
4929	0
4930	0
4931	0
4932	0
4933	0
4934	0
4935	0
4936	0
4937	0
4938	0
4939	0
4940	0
4941	0
4942	0
4943	0
4944	0
4945	0
4946	0
4947	0
4948	0
4949	0
4950	0
4951	0
4952	0
4953	0
4954	0
4955	0
4956	0
4957	0
4958	0
4959	0
4960	0
4961	0
4962	0
4963	0
4964	0
4965	0
4966	0
4967	0
4968	0
4969	0
4970	0
4971	0
4972	0
4973	0
4974	0
4975	0
4976	0
4977	0
4978	0
4979	0
4980	0
4981	0
4982	0
4983	0
4984	0
4985	0
4986	0
4987	0
4988	0
4989	0
4990	0
4991	0
4992	0
4993	0
4994	0
4995	0
4996	0
4997	0
4998	0
4999	0
5000	0
5001	0
5002	0
5003	0
5004	0
5005	0
5006	0
5007	0
5008	0
5009	0
5010	0
5011	0
5012	0
5013	0
5014	0
5015	0
5016	0
5017	0
5018	0
5019	0
5020	0
5021	0
5022	0
5023	0
5024	0
5025	0
5026	0
5027	0
5028	0
5029	0
5030	0
5031	0
5032	0
5033	0
5034	0
5035	0
5036	0
5037	0
5038	0
5039	0
5040	0
5041	0
5042	0
5043	0
5044	0
5045	0
5046	0
5047	0
5048	0
5049	0
5050	0
5051	0
5052	0
5053	0
5054	0
5055	0
5056	0
5057	0
5058	0
5059	0
5060	0
5061	0
5062	0
5063	0
5064	0
5065	0
5066	0
5067	0
5068	0
5069	0
5070	0
5071	0
5072	0
5073	0
5074	0
5075	0
5076	0
5077	0
5078	0
5079	0
5080	0
5081	0
5082	0
5083	0
5084	0
5085	0
5086	0
5087	0
5088	0
5089	0
5090	0
5091	0
5092	0
5093	0
5094	0
5095	0
5096	0
5097	0
5098	0
5099	0
5100	0
5101	0
5102	0
5103	0
5104	0
5105	0
5106	0
5107	0
5108	0
5109	0
5110	0
5111	0
5112	0
5113	0
5114	0
5115	0
5116	0
5117	0
5118	0
5119	0
5120	0
5121	0
5122	0
5123	0
5124	0
5125	0
5126	0
5127	0
5128	0
5129	0
5130	0
5131	0
5132	0
5133	0
5134	0
5135	0
5136	0
5137	0
5138	0
5139	0
5140	0
5141	0
5142	0
5143	0
5144	0
5145	0
5146	0
5147	0
5148	0
5149	0
5150	0
5151	0
5152	0
5153	0
5154	0
5155	0
5156	0
5157	0
5158	0
5159	0
5160	0
5161	0
5162	0
5163	0
5164	0
5165	0
5166	0
5167	0
5168	0
5169	0
5170	0
5171	0
5172	0
5173	0
5174	0
5175	0
5176	0
5177	0
5178	0
5179	0
5180	0
5181	0
5182	0
5183	0
5184	0
5185	0
5186	0
5187	0
5188	0
5189	0
5190	0
5191	0
5192	0
5193	0
5194	0
5195	0
5196	0
5197	0
5198	0
5199	0
5200	0
5201	0
5202	0
5203	0
5204	0
5205	0
5206	0
5207	0
5208	0
5209	0
5210	0
5211	0
5212	0
5213	0
5214	0
5215	0
5216	0
5217	0
5218	0
5219	0
5220	0
5221	0
5222	0
5223	0
5224	0
5225	0
5226	0
5227	0
5228	0
5229	0
5230	0
5231	0
5232	0
5233	0
5234	0
5235	0
5236	0
5237	0
5238	0
5239	0
5240	0
5241	0
5242	0
5243	0
5244	0
5245	0
5246	0
5247	0
5248	0
5249	0
5250	0
5251	0
5252	0
5253	0
5254	0
5255	0
5256	0
5257	0
5258	0
5259	0
5260	0
5261	0
5262	0
5263	0
5264	0
5265	0
5266	0
5267	0
5268	0
5269	0
5270	0
5271	0
5272	0
5273	0
5274	0
5275	0
5276	0
5277	0
5278	0
5279	0
5280	0
5281	0
5282	0
5283	0
5284	0
5285	0
5286	0
5287	0
5288	0
5289	0
5290	0
5291	0
5292	0
5293	0
5294	0
5295	0
5296	0
5297	0
5298	0
5299	0
5300	0
5301	0
5302	0
5303	0
5304	0
5305	0
5306	0
5307	0
5308	0
5309	0
5310	0
5311	0
5312	0
5313	0
5314	0
5315	0
5316	0
5317	0
5318	0
5319	0
5320	0
5321	0
5322	0
5323	0
5324	0
5325	0
5326	0
5327	0
5328	0
5329	0
5330	0
5331	0
5332	0
5333	0
5334	0
5335	0
5336	0
5337	0
5338	0
5339	0
5340	0
5341	0
5342	0
5343	0
5344	0
5345	0
5346	0
5347	0
5348	0
5349	0
5350	0
5351	0
5352	0
5353	0
5354	0
5355	0
5356	0
5357	0
5358	0
5359	0
5360	0
5361	0
5362	0
5363	0
5364	0
5365	0
5366	0
5367	0
5368	0
5369	0
5370	0
5371	0
5372	0
5373	0
5374	0
5375	0
5376	0
5377	0
5378	0
5379	0
5380	0
5381	0
5382	0
5383	0
5384	0
5385	0
5386	0
5387	0
5388	0
5389	0
5390	0
5391	0
5392	0
5393	0
5394	0
5395	0
5396	0
5397	0
5398	0
5399	0
5400	0
5401	0
5402	0
5403	0
5404	0
5405	0
5406	0
5407	0
5408	0
5409	0
5410	0
5411	0
5412	0
5413	0
5414	0
5415	0
5416	0
5417	0
5418	0
5419	0
5420	0
5421	0
5422	0
5423	0
5424	0
5425	0
5426	0
5427	0
5428	0
5429	0
5430	0
5431	0
5432	0
5433	0
5434	0
5435	0
5436	0
5437	0
5438	0
5439	0
5440	0
5441	0
5442	0
5443	0
5444	0
5445	0
5446	0
5447	0
5448	0
5449	0
5450	0
5451	0
5452	0
5453	0
5454	0
5455	0
5456	0
5457	0
5458	0
5459	0
5460	0
5461	0
5462	0
5463	0
5464	0
5465	0
5466	0
5467	0
5468	0
5469	0
5470	0
5471	0
5472	0
5473	0
5474	0
5475	0
5476	0
5477	0
5478	0
5479	0
5480	0
5481	0
5482	0
5483	0
5484	0
5485	0
5486	0
5487	0
5488	0
5489	0
5490	0
5491	0
5492	0
5493	0
5494	0
5495	0
5496	0
5497	0
5498	0
5499	0
5500	0
5501	0
5502	0
5503	0
5504	0
5505	0
5506	0
5507	0
5508	0
5509	0
5510	0
5511	0
5512	0
5513	0
5514	0
5515	0
5516	0
5517	0
5518	0
5519	0
5520	0
5521	0
5522	0
5523	0
5524	0
5525	0
5526	0
5527	0
5528	0
5529	0
5530	0
5531	0
5532	0
5533	0
5534	0
5535	0
5536	0
5537	0
5538	0
5539	0
5540	0
5541	0
5542	0
5543	0
5544	0
5545	0
5546	0
5547	0
5548	0
5549	0
5550	0
5551	0
5552	0
5553	0
5554	0
5555	0
5556	0
5557	0
5558	0
5559	0
5560	0
5561	0
5562	0
5563	0
5564	0
5565	0
5566	0
5567	0
5568	0
5569	0
5570	0
5571	0
5572	0
5573	0
5574	0
5575	0
5576	0
5577	0
5578	0
5579	0
5580	0
5581	0
5582	0
5583	0
5584	0
5585	0
5586	0
5587	0
5588	0
5589	0
5590	0
5591	0
5592	0
5593	0
5594	0
5595	0
5596	0
5597	0
5598	0
5599	0
5600	0
5601	0
5602	0
5603	0
5604	0
5605	0
5606	0
5607	0
5608	0
5609	0
5610	0
5611	0
5612	0
5613	0
5614	0
5615	0
5616	0
5617	0
5618	0
5619	0
5620	0
5621	0
5622	0
5623	0
5624	0
5625	0
5626	0
5627	0
5628	0
5629	0
5630	0
5631	0
5632	0
5633	0
5634	0
5635	0
5636	0
5637	0
5638	0
5639	0
5640	0
5641	0
5642	0
5643	0
5644	0
5645	0
5646	0
5647	0
5648	0
5649	0
5650	0
5651	0
5652	0
5653	0
5654	0
5655	0
5656	0
5657	0
5658	0
5659	0
5660	0
5661	0
5662	0
5663	0
5664	0
5665	0
5666	0
5667	0
5668	0
5669	0
5670	0
5671	0
5672	0
5673	0
5674	0
5675	0
5676	0
5677	0
5678	0
5679	0
5680	0
5681	0
5682	0
5683	0
5684	0
5685	0
5686	0
5687	0
5688	0
5689	0
5690	0
5691	0
5692	0
5693	0
5694	0
5695	0
5696	0
5697	0
5698	0
5699	0
5700	0
5701	0
5702	0
5703	0
5704	0
5705	0
5706	0
5707	0
5708	0
5709	0
5710	0
5711	0
5712	0
5713	0
5714	0
5715	0
5716	0
5717	0
5718	0
5719	0
5720	0
5721	0
5722	0
5723	0
5724	0
5725	0
5726	0
5727	0
5728	0
5729	0
5730	0
5731	0
5732	0
5733	0
5734	0
5735	0
5736	0
5737	0
5738	0
5739	0
5740	0
5741	0
5742	0
5743	0
5744	0
5745	0
5746	0
5747	0
5748	0
5749	0
5750	0
5751	0
5752	0
5753	0
5754	0
5755	0
5756	0
5757	0
5758	0
5759	0
5760	0
5761	0
5762	0
5763	0
5764	0
5765	0
5766	0
5767	0
5768	0
5769	0
5770	0
5771	0
5772	0
5773	0
5774	0
5775	0
5776	0
5777	0
5778	0
5779	0
5780	0
5781	0
5782	0
5783	0
5784	0
5785	0
5786	0
5787	0
5788	0
5789	0
5790	0
5791	0
5792	0
5793	0
5794	0
5795	0
5796	0
5797	0
5798	0
5799	0
5800	0
5801	0
5802	0
5803	0
5804	0
5805	0
5806	0
5807	0
5808	0
5809	0
5810	0
5811	0
5812	0
5813	0
5814	0
5815	0
5816	0
5817	0
5818	0
5819	0
5820	0
5821	0
5822	0
5823	0
5824	0
5825	0
5826	0
5827	0
5828	0
5829	0
5830	0
5831	0
5832	0
5833	0
5834	0
5835	0
5836	0
5837	0
5838	0
5839	0
5840	0
5841	0
5842	0
5843	0
5844	0
5845	0
5846	0
5847	0
5848	0
5849	0
5850	0
5851	0
5852	0
5853	0
5854	0
5855	0
5856	0
5857	0
5858	0
5859	0
5860	0
5861	0
5862	0
5863	0
5864	0
5865	0
5866	0
5867	0
5868	0
5869	0
5870	0
5871	0
5872	0
5873	0
5874	0
5875	0
5876	0
5877	0
5878	0
5879	0
5880	0
5881	0
5882	0
5883	0
5884	0
5885	0
5886	0
5887	0
5888	0
5889	0
5890	0
5891	0
5892	0
5893	0
5894	0
5895	0
5896	0
5897	0
5898	0
5899	0
5900	0
5901	0
5902	0
5903	0
5904	0
5905	0
5906	0
5907	0
5908	0
5909	0
5910	0
5911	0
5912	0
5913	0
5914	0
5915	0
5916	0
5917	0
5918	0
5919	0
5920	0
5921	0
5922	0
5923	0
5924	0
5925	0
5926	0
5927	0
5928	0
5929	0
5930	0
5931	0
5932	0
5933	0
5934	0
5935	0
5936	0
5937	0
5938	0
5939	0
5940	0
5941	0
5942	0
5943	0
5944	0
5945	0
5946	0
5947	0
5948	0
5949	0
5950	0
5951	0
5952	0
5953	0
5954	0
5955	0
5956	0
5957	0
5958	0
5959	0
5960	0
5961	0
5962	0
5963	0
5964	0
5965	0
5966	0
5967	0
5968	0
5969	0
5970	0
5971	0
5972	0
5973	0
5974	0
5975	0
5976	0
5977	0
5978	0
5979	0
5980	0
5981	0
5982	0
5983	0
5984	0
5985	0
5986	0
5987	0
5988	0
5989	0
5990	0
5991	0
5992	0
5993	0
5994	0
5995	0
5996	0
5997	0
5998	0
5999	0
6000	0
6001	0
6002	0
6003	0
6004	0
6005	0
6006	0
6007	0
6008	0
6009	0
6010	0
6011	0
6012	0
6013	0
6014	0
6015	0
6016	0
6017	0
6018	0
6019	0
6020	0
6021	0
6022	0
6023	0
6024	0
6025	0
6026	0
6027	0
6028	0
6029	0
6030	0
6031	0
6032	0
6033	0
6034	0
6035	0
6036	0
6037	0
6038	0
6039	0
6040	0
6041	0
6042	0
6043	0
6044	0
6045	0
6046	0
6047	0
6048	0
6049	0
6050	0
6051	0
6052	0
6053	0
6054	0
6055	0
6056	0
6057	0
6058	0
6059	0
6060	0
6061	0
6062	0
6063	0
6064	0
6065	0
6066	0
6067	0
6068	0
6069	0
6070	0
6071	0
6072	0
6073	0
6074	0
6075	0
6076	0
6077	0
6078	0
6079	0
6080	0
6081	0
6082	0
6083	0
6084	0
6085	0
6086	0
6087	0
6088	0
6089	0
6090	0
6091	0
6092	0
6093	0
6094	0
6095	0
6096	0
6097	0
6098	0
6099	0
6100	0
6101	0
6102	0
6103	0
6104	0
6105	0
6106	0
6107	0
6108	0
6109	0
6110	0
6111	0
6112	0
6113	0
6114	0
6115	0
6116	0
6117	0
6118	0
6119	0
6120	0
6121	0
6122	0
6123	0
6124	0
6125	0
6126	0
6127	0
6128	0
6129	0
6130	0
6131	0
6132	0
6133	0
6134	0
6135	0
6136	0
6137	0
6138	0
6139	0
6140	0
6141	0
6142	0
6143	0
6144	0
6145	0
6146	0
6147	0
6148	0
6149	0
6150	0
6151	0
6152	0
6153	0
6154	0
6155	0
6156	0
6157	0
6158	0
6159	0
6160	0
6161	0
6162	0
6163	0
6164	0
6165	0
6166	0
6167	0
6168	0
6169	0
6170	0
6171	0
6172	0
6173	0
6174	0
6175	0
6176	0
6177	0
6178	0
6179	0
6180	0
6181	0
6182	0
6183	0
6184	0
6185	0
6186	0
6187	0
6188	0
6189	0
6190	0
6191	0
6192	0
6193	0
6194	0
6195	0
6196	0
6197	0
6198	0
6199	0
6200	0
6201	0
6202	0
6203	0
6204	0
6205	0
6206	0
6207	0
6208	0
6209	0
6210	0
6211	0
6212	0
6213	0
6214	0
6215	0
6216	0
6217	0
6218	0
6219	0
6220	0
6221	0
6222	0
6223	0
6224	0
6225	0
6226	0
6227	0
6228	0
6229	0
6230	0
6231	0
6232	0
6233	0
6234	0
6235	0
6236	0
6237	0
6238	0
6239	0
6240	0
6241	0
6242	0
6243	0
6244	0
6245	0
6246	0
6247	0
6248	0
6249	0
6250	0
6251	0
6252	0
6253	0
6254	0
6255	0
6256	0
6257	0
6258	0
6259	0
6260	0
6261	0
6262	0
6263	0
6264	0
6265	0
6266	0
6267	0
6268	0
6269	0
6270	0
6271	0
6272	0
6273	0
6274	0
6275	0
6276	0
6277	0
6278	0
6279	0
6280	0
6281	0
6282	0
6283	0
6284	0
6285	0
6286	0
6287	0
6288	0
6289	0
6290	0
6291	0
6292	0
6293	0
6294	0
6295	0
6296	0
6297	0
6298	0
6299	0
6300	0
6301	0
6302	0
6303	0
6304	0
6305	0
6306	0
6307	0
6308	0
6309	0
6310	0
6311	0
6312	0
6313	0
6314	0
6315	0
6316	0
6317	0
6318	0
6319	0
6320	0
6321	0
6322	0
6323	0
6324	0
6325	0
6326	0
6327	0
6328	0
6329	0
6330	0
6331	0
6332	0
6333	0
6334	0
6335	0
6336	0
6337	0
6338	0
6339	0
6340	0
6341	0
6342	0
6343	0
6344	0
6345	0
6346	0
6347	0
6348	0
6349	0
6350	0
6351	0
6352	0
6353	0
6354	0
6355	0
6356	0
6357	0
6358	0
6359	0
6360	0
6361	0
6362	0
6363	0
6364	0
6365	0
6366	0
6367	0
6368	0
6369	0
6370	0
6371	0
6372	0
6373	0
6374	0
6375	0
6376	0
6377	0
6378	0
6379	0
6380	0
6381	0
6382	0
6383	0
6384	0
6385	0
6386	0
6387	0
6388	0
6389	0
6390	0
6391	0
6392	0
6393	0
6394	0
6395	0
6396	0
6397	0
6398	0
6399	0
6400	0
6401	0
6402	0
6403	0
6404	0
6405	0
6406	0
6407	0
6408	0
6409	0
6410	0
6411	0
6412	0
6413	0
6414	0
6415	0
6416	0
6417	0
6418	0
6419	0
6420	0
6421	0
6422	0
6423	0
6424	0
6425	0
6426	0
6427	0
6428	0
6429	0
6430	0
6431	0
6432	0
6433	0
6434	0
6435	0
6436	0
6437	0
6438	0
6439	0
6440	0
6441	0
6442	0
6443	0
6444	0
6445	0
6446	0
6447	0
6448	0
6449	0
6450	0
6451	0
6452	0
6453	0
6454	0
6455	0
6456	0
6457	0
6458	0
6459	0
6460	0
6461	0
6462	0
6463	0
6464	0
6465	0
6466	0
6467	0
6468	0
6469	0
6470	0
6471	0
6472	0
6473	0
6474	0
6475	0
6476	0
6477	0
6478	0
6479	0
6480	0
6481	0
6482	0
6483	0
6484	0
6485	0
6486	0
6487	0
6488	0
6489	0
6490	0
6491	0
6492	0
6493	0
6494	0
6495	0
6496	0
6497	0
6498	0
6499	0
6500	0
6501	0
6502	0
6503	0
6504	0
6505	0
6506	0
6507	0
6508	0
6509	0
6510	0
6511	0
6512	0
6513	0
6514	0
6515	0
6516	0
6517	0
6518	0
6519	0
6520	0
6521	0
6522	0
6523	0
6524	0
6525	0
6526	0
6527	0
6528	0
6529	0
6530	0
6531	0
6532	0
6533	0
6534	0
6535	0
6536	0
6537	0
6538	0
6539	0
6540	0
6541	0
6542	0
6543	0
6544	0
6545	0
6546	0
6547	0
6548	0
6549	0
6550	0
6551	0
6552	0
6553	0
6554	0
6555	0
6556	0
6557	0
6558	0
6559	0
6560	0
6561	0
6562	0
6563	0
6564	0
6565	0
6566	0
6567	0
6568	0
6569	0
6570	0
6571	0
6572	0
6573	0
6574	0
6575	0
6576	0
6577	0
6578	0
6579	0
6580	0
6581	0
6582	0
6583	0
6584	0
6585	0
6586	0
6587	0
6588	0
6589	0
6590	0
6591	0
6592	0
6593	0
6594	0
6595	0
6596	0
6597	0
6598	0
6599	0
6600	0
6601	0
6602	0
6603	0
6604	0
6605	0
6606	0
6607	0
6608	0
6609	0
6610	0
6611	0
6612	0
6613	0
6614	0
6615	0
6616	0
6617	0
6618	0
6619	0
6620	0
6621	0
6622	0
6623	0
6624	0
6625	0
6626	0
6627	0
6628	0
6629	0
6630	0
6631	0
6632	0
6633	0
6634	0
6635	0
6636	0
6637	0
6638	0
6639	0
6640	0
6641	0
6642	0
6643	0
6644	0
6645	0
6646	0
6647	0
6648	0
6649	0
6650	0
6651	0
6652	0
6653	0
6654	0
6655	0
6656	0
6657	0
6658	0
6659	0
6660	0
6661	0
6662	0
6663	0
6664	0
6665	0
6666	0
6667	0
6668	0
6669	0
6670	0
6671	0
6672	0
6673	0
6674	0
6675	0
6676	0
6677	0
6678	0
6679	0
6680	0
6681	0
6682	0
6683	0
6684	0
6685	0
6686	0
6687	0
6688	0
6689	0
6690	0
6691	0
6692	0
6693	0
6694	0
6695	0
6696	0
6697	0
6698	0
6699	0
6700	0
6701	0
6702	0
6703	0
6704	0
6705	0
6706	0
6707	0
6708	0
6709	0
6710	0
6711	0
6712	0
6713	0
6714	0
6715	0
6716	0
6717	0
6718	0
6719	0
6720	0
6721	0
6722	0
6723	0
6724	0
6725	0
6726	0
6727	0
6728	0
6729	0
6730	0
6731	0
6732	0
6733	0
6734	0
6735	0
6736	0
6737	0
6738	0
6739	0
6740	0
6741	0
6742	0
6743	0
6744	0
6745	0
6746	0
6747	0
6748	0
6749	0
6750	0
6751	0
6752	0
6753	0
6754	0
6755	0
6756	0
6757	0
6758	0
6759	0
6760	0
6761	0
6762	0
6763	0
6764	0
6765	0
6766	0
6767	0
6768	0
6769	0
6770	0
6771	0
6772	0
6773	0
6774	0
6775	0
6776	0
6777	0
6778	0
6779	0
6780	0
6781	0
6782	0
6783	0
6784	0
6785	0
6786	0
6787	0
6788	0
6789	0
6790	0
6791	0
6792	0
6793	0
6794	0
6795	0
6796	0
6797	0
6798	0
6799	0
6800	0
6801	0
6802	0
6803	0
6804	0
6805	0
6806	0
6807	0
6808	0
6809	0
6810	0
6811	0
6812	0
6813	0
6814	0
6815	0
6816	0
6817	0
6818	0
6819	0
6820	0
6821	0
6822	0
6823	0
6824	0
6825	0
6826	0
6827	0
6828	0
6829	0
6830	0
6831	0
6832	0
6833	0
6834	0
6835	0
6836	0
6837	0
6838	0
6839	0
6840	0
6841	0
6842	0
6843	0
6844	0
6845	0
6846	0
6847	0
6848	0
6849	0
6850	0
6851	0
6852	0
6853	0
6854	0
6855	0
6856	0
6857	0
6858	0
6859	0
6860	0
6861	0
6862	0
6863	0
6864	0
6865	0
6866	0
6867	0
6868	0
6869	0
6870	0
6871	0
6872	0
6873	0
6874	0
6875	0
6876	0
6877	0
6878	0
6879	0
6880	0
6881	0
6882	0
6883	0
6884	0
6885	0
6886	0
6887	0
6888	0
6889	0
6890	0
6891	0
6892	0
6893	0
6894	0
6895	0
6896	0
6897	0
6898	0
6899	0
6900	0
6901	0
6902	0
6903	0
6904	0
6905	0
6906	0
6907	0
6908	0
6909	0
6910	0
6911	0
6912	0
6913	0
6914	0
6915	0
6916	0
6917	0
6918	0
6919	0
6920	0
6921	0
6922	0
6923	0
6924	0
6925	0
6926	0
6927	0
6928	0
6929	0
6930	0
6931	0
6932	0
6933	0
6934	0
6935	0
6936	0
6937	0
6938	0
6939	0
6940	0
6941	0
6942	0
6943	0
6944	0
6945	0
6946	0
6947	0
6948	0
6949	0
6950	0
6951	0
6952	0
6953	0
6954	0
6955	0
6956	0
6957	0
6958	0
6959	0
6960	0
6961	0
6962	0
6963	0
6964	0
6965	0
6966	0
6967	0
6968	0
6969	0
6970	0
6971	0
6972	0
6973	0
6974	0
6975	0
6976	0
6977	0
6978	0
6979	0
6980	0
6981	0
6982	0
6983	0
6984	0
6985	0
6986	0
6987	0
6988	0
6989	0
6990	0
6991	0
6992	0
6993	0
6994	0
6995	0
6996	0
6997	0
6998	0
6999	0
7000	0
7001	0
7002	0
7003	0
7004	0
7005	0
7006	0
7007	0
7008	0
7009	0
7010	0
7011	0
7012	0
7013	0
7014	0
7015	0
7016	0
7017	0
7018	0
7019	0
7020	0
7021	0
7022	0
7023	0
7024	0
7025	0
7026	0
7027	0
7028	0
7029	0
7030	0
7031	0
7032	0
7033	0
7034	0
7035	0
7036	0
7037	0
7038	0
7039	0
7040	0
7041	0
7042	0
7043	0
7044	0
7045	0
7046	0
7047	0
7048	0
7049	0
7050	0
7051	0
7052	0
7053	0
7054	0
7055	0
7056	0
7057	0
7058	0
7059	0
7060	0
7061	0
7062	0
7063	0
7064	0
7065	0
7066	0
7067	0
7068	0
7069	0
7070	0
7071	0
7072	0
7073	0
7074	0
7075	0
7076	0
7077	0
7078	0
7079	0
7080	0
7081	0
7082	0
7083	0
7084	0
7085	0
7086	0
7087	0
7088	0
7089	0
7090	0
7091	0
7092	0
7093	0
7094	0
7095	0
7096	0
7097	0
7098	0
7099	0
7100	0
7101	0
7102	0
7103	0
7104	0
7105	0
7106	0
7107	0
7108	0
7109	0
7110	0
7111	0
7112	0
7113	0
7114	0
7115	0
7116	0
7117	0
7118	0
7119	0
7120	0
7121	0
7122	0
7123	0
7124	0
7125	0
7126	0
7127	0
7128	0
7129	0
7130	0
7131	0
7132	0
7133	0
7134	0
7135	0
7136	0
7137	0
7138	0
7139	0
7140	0
7141	0
7142	0
7143	0
7144	0
7145	0
7146	0
7147	0
7148	0
7149	0
7150	0
7151	0
7152	0
7153	0
7154	0
7155	0
7156	0
7157	0
7158	0
7159	0
7160	0
7161	0
7162	0
7163	0
7164	0
7165	0
7166	0
7167	0
7168	0
7169	0
7170	0
7171	0
7172	0
7173	0
7174	0
7175	0
7176	0
7177	0
7178	0
7179	0
7180	0
7181	0
7182	0
7183	0
7184	0
7185	0
7186	0
7187	0
7188	0
7189	0
7190	0
7191	0
7192	0
7193	0
7194	0
7195	0
7196	0
7197	0
7198	0
7199	0
7200	0
7201	0
7202	0
7203	0
7204	0
7205	0
7206	0
7207	0
7208	0
7209	0
7210	0
7211	0
7212	0
7213	0
7214	0
7215	0
7216	0
7217	0
7218	0
7219	0
7220	0
7221	0
7222	0
7223	0
7224	0
7225	0
7226	0
7227	0
7228	0
7229	0
7230	0
7231	0
7232	0
7233	0
7234	0
7235	0
7236	0
7237	0
7238	0
7239	0
7240	0
7241	0
7242	0
7243	0
7244	0
7245	0
7246	0
7247	0
7248	0
7249	0
7250	0
7251	0
7252	0
7253	0
7254	0
7255	0
7256	0
7257	0
7258	0
7259	0
7260	0
7261	0
7262	0
7263	0
7264	0
7265	0
7266	0
7267	0
7268	0
7269	0
7270	0
7271	0
7272	0
7273	0
7274	0
7275	0
7276	0
7277	0
7278	0
7279	0
7280	0
7281	0
7282	0
7283	0
7284	0
7285	0
7286	0
7287	0
7288	0
7289	0
7290	0
7291	0
7292	0
7293	0
7294	0
7295	0
7296	0
7297	0
7298	0
7299	0
7300	0
7301	0
7302	0
7303	0
7304	0
7305	0
7306	0
7307	0
7308	0
7309	0
7310	0
7311	0
7312	0
7313	0
7314	0
7315	0
7316	0
7317	0
7318	0
7319	0
7320	0
7321	0
7322	0
7323	0
7324	0
7325	0
7326	0
7327	0
7328	0
7329	0
7330	0
7331	0
7332	0
7333	0
7334	0
7335	0
7336	0
7337	0
7338	0
7339	0
7340	0
7341	0
7342	0
7343	0
7344	0
7345	0
7346	0
7347	0
7348	0
7349	0
7350	0
7351	0
7352	0
7353	0
7354	0
7355	0
7356	0
7357	0
7358	0
7359	0
7360	0
7361	0
7362	0
7363	0
7364	0
7365	0
7366	0
7367	0
7368	0
7369	0
7370	0
7371	0
7372	0
7373	0
7374	0
7375	0
7376	0
7377	0
7378	0
7379	0
7380	0
7381	0
7382	0
7383	0
7384	0
7385	0
7386	0
7387	0
7388	0
7389	0
7390	0
7391	0
7392	0
7393	0
7394	0
7395	0
7396	0
7397	0
7398	0
7399	0
7400	0
7401	0
7402	0
7403	0
7404	0
7405	0
7406	0
7407	0
7408	0
7409	0
7410	0
7411	0
7412	0
7413	0
7414	0
7415	0
7416	0
7417	0
7418	0
7419	0
7420	0
7421	0
7422	0
7423	0
7424	0
7425	0
7426	0
7427	0
7428	0
7429	0
7430	0
7431	0
7432	0
7433	0
7434	0
7435	0
7436	0
7437	0
7438	0
7439	0
7440	0
7441	0
7442	0
7443	0
7444	0
7445	0
7446	0
7447	0
7448	0
7449	0
7450	0
7451	0
7452	0
7453	0
7454	0
7455	0
7456	0
7457	0
7458	0
7459	0
7460	0
7461	0
7462	0
7463	0
7464	0
7465	0
7466	0
7467	0
7468	0
7469	0
7470	0
7471	0
7472	0
7473	0
7474	0
7475	0
7476	0
7477	0
7478	0
7479	0
7480	0
7481	0
7482	0
7483	0
7484	0
7485	0
7486	0
7487	0
7488	0
7489	0
7490	0
7491	0
7492	0
7493	0
7494	0
7495	0
7496	0
7497	0
7498	0
7499	0
7500	0
7501	0
7502	0
7503	0
7504	0
7505	0
7506	0
7507	0
7508	0
7509	0
7510	0
7511	0
7512	0
7513	0
7514	0
7515	0
7516	0
7517	0
7518	0
7519	0
7520	0
7521	0
7522	0
7523	0
7524	0
7525	0
7526	0
7527	0
7528	0
7529	0
7530	0
7531	0
7532	0
7533	0
7534	0
7535	0
7536	0
7537	0
7538	0
7539	0
7540	0
7541	0
7542	0
7543	0
7544	0
7545	0
7546	0
7547	0
7548	0
7549	0
7550	0
7551	0
7552	0
7553	0
7554	0
7555	0
7556	0
7557	0
7558	0
7559	0
7560	0
7561	0
7562	0
7563	0
7564	0
7565	0
7566	0
7567	0
7568	0
7569	0
7570	0
7571	0
7572	0
7573	0
7574	0
7575	0
7576	0
7577	0
7578	0
7579	0
7580	0
7581	0
7582	0
7583	0
7584	0
7585	0
7586	0
7587	0
7588	0
7589	0
7590	0
7591	0
7592	0
7593	0
7594	0
7595	0
7596	0
7597	0
7598	0
7599	0
7600	0
7601	0
7602	0
7603	0
7604	0
7605	0
7606	0
7607	0
7608	0
7609	0
7610	0
7611	0
7612	0
7613	0
7614	0
7615	0
7616	0
7617	0
7618	0
7619	0
7620	0
7621	0
7622	0
7623	0
7624	0
7625	0
7626	0
7627	0
7628	0
7629	0
7630	0
7631	0
7632	0
7633	0
7634	0
7635	0
7636	0
7637	0
7638	0
7639	0
7640	0
7641	0
7642	0
7643	0
7644	0
7645	0
7646	0
7647	0
7648	0
7649	0
7650	0
7651	0
7652	0
7653	0
7654	0
7655	0
7656	0
7657	0
7658	0
7659	0
7660	0
7661	0
7662	0
7663	0
7664	0
7665	0
7666	0
7667	0
7668	0
7669	0
7670	0
7671	0
7672	0
7673	0
7674	0
7675	0
7676	0
7677	0
7678	0
7679	0
7680	0
7681	0
7682	0
7683	0
7684	0
7685	0
7686	0
7687	0
7688	0
7689	0
7690	0
7691	0
7692	0
7693	0
7694	0
7695	0
7696	0
7697	0
7698	0
7699	0
7700	0
7701	0
7702	0
7703	0
7704	0
7705	0
7706	0
7707	0
7708	0
7709	0
7710	0
7711	0
7712	0
7713	0
7714	0
7715	0
7716	0
7717	0
7718	0
7719	0
7720	0
7721	0
7722	0
7723	0
7724	0
7725	0
7726	0
7727	0
7728	0
7729	0
7730	0
7731	0
7732	0
7733	0
7734	0
7735	0
7736	0
7737	0
7738	0
7739	0
7740	0
7741	0
7742	0
7743	0
7744	0
7745	0
7746	0
7747	0
7748	0
7749	0
7750	0
7751	0
7752	0
7753	0
7754	0
7755	0
7756	0
7757	0
7758	0
7759	0
7760	0
7761	0
7762	0
7763	0
7764	0
7765	0
7766	0
7767	0
7768	0
7769	0
7770	0
7771	0
7772	0
7773	0
7774	0
7775	0
7776	0
7777	0
7778	0
7779	0
7780	0
7781	0
7782	0
7783	0
7784	0
7785	0
7786	0
7787	0
7788	0
7789	0
7790	0
7791	0
7792	0
7793	0
7794	0
7795	0
7796	0
7797	0
7798	0
7799	0
7800	0
7801	0
7802	0
7803	0
7804	0
7805	0
7806	0
7807	0
7808	0
7809	0
7810	0
7811	0
7812	0
7813	0
7814	0
7815	0
7816	0
7817	0
7818	0
7819	0
7820	0
7821	0
7822	0
7823	0
7824	0
7825	0
7826	0
7827	0
7828	0
7829	0
7830	0
7831	0
7832	0
7833	0
7834	0
7835	0
7836	0
7837	0
7838	0
7839	0
7840	0
7841	0
7842	0
7843	0
7844	0
7845	0
7846	0
7847	0
7848	0
7849	0
7850	0
7851	0
7852	0
7853	0
7854	0
7855	0
7856	0
7857	0
7858	0
7859	0
7860	0
7861	0
7862	0
7863	0
7864	0
7865	0
7866	0
7867	0
7868	0
7869	0
7870	0
7871	0
7872	0
7873	0
7874	0
7875	0
7876	0
7877	0
7878	0
7879	0
7880	0
7881	0
7882	0
7883	0
7884	0
7885	0
7886	0
7887	0
7888	0
7889	0
7890	0
7891	0
7892	0
7893	0
7894	0
7895	0
7896	0
7897	0
7898	0
7899	0
7900	0
7901	0
7902	0
7903	0
7904	0
7905	0
7906	0
7907	0
7908	0
7909	0
7910	0
7911	0
7912	0
7913	0
7914	0
7915	0
7916	0
7917	0
7918	0
7919	0
7920	0
7921	0
7922	0
7923	0
7924	0
7925	0
7926	0
7927	0
7928	0
7929	0
7930	0
7931	0
7932	0
7933	0
7934	0
7935	0
7936	0
7937	0
7938	0
7939	0
7940	0
7941	0
7942	0
7943	0
7944	0
7945	0
7946	0
7947	0
7948	0
7949	0
7950	0
7951	0
7952	0
7953	0
7954	0
7955	0
7956	0
7957	0
7958	0
7959	0
7960	0
7961	0
7962	0
7963	0
7964	0
7965	0
7966	0
7967	0
7968	0
7969	0
7970	0
7971	0
7972	0
7973	0
7974	0
7975	0
7976	0
7977	0
7978	0
7979	0
7980	0
7981	0
7982	0
7983	0
7984	0
7985	0
7986	0
7987	0
7988	0
7989	0
7990	0
7991	0
7992	0
7993	0
7994	0
7995	0
7996	0
7997	0
7998	0
7999	0
8000	0
8001	0
8002	0
8003	0
8004	0
8005	0
8006	0
8007	0
8008	0
8009	0
8010	0
8011	0
8012	0
8013	0
8014	0
8015	0
8016	0
8017	0
8018	0
8019	0
8020	0
8021	0
8022	0
8023	0
8024	0
8025	0
8026	0
8027	0
8028	0
8029	0
8030	0
8031	0
8032	0
8033	0
8034	0
8035	0
8036	0
8037	0
8038	0
8039	0
8040	0
8041	0
8042	0
8043	0
8044	0
8045	0
8046	0
8047	0
8048	0
8049	0
8050	0
8051	0
8052	0
8053	0
8054	0
8055	0
8056	0
8057	0
8058	0
8059	0
8060	0
8061	0
8062	0
8063	0
8064	0
8065	0
8066	0
8067	0
8068	0
8069	0
8070	0
8071	0
8072	0
8073	0
8074	0
8075	0
8076	0
8077	0
8078	0
8079	0
8080	0
8081	0
8082	0
8083	0
8084	0
8085	0
8086	0
8087	0
8088	0
8089	0
8090	0
8091	0
8092	0
8093	0
8094	0
8095	0
8096	0
8097	0
8098	0
8099	0
8100	0
8101	0
8102	0
8103	0
8104	0
8105	0
8106	0
8107	0
8108	0
8109	0
8110	0
8111	0
8112	0
8113	0
8114	0
8115	0
8116	0
8117	0
8118	0
8119	0
8120	0
8121	0
8122	0
8123	0
8124	0
8125	0
8126	0
8127	0
8128	0
8129	0
8130	0
8131	0
8132	0
8133	0
8134	0
8135	0
8136	0
8137	0
8138	0
8139	0
8140	0
8141	0
8142	0
8143	0
8144	0
8145	0
8146	0
8147	0
8148	0
8149	0
8150	0
8151	0
8152	0
8153	0
8154	0
8155	0
8156	0
8157	0
8158	0
8159	0
8160	0
8161	0
8162	0
8163	0
8164	0
8165	0
8166	0
8167	0
8168	0
8169	0
8170	0
8171	0
8172	0
8173	0
8174	0
8175	0
8176	0
8177	0
8178	0
8179	0
8180	0
8181	0
8182	0
8183	0
8184	0
8185	0
8186	0
8187	0
8188	0
8189	0
8190	0
8191	0
8192	0
