1.0877924523382836e-09
2.691621271184507e-08
1.193126090950369e-07
0.0008505836666118968
0.000873965420628859
0.0008912780650438862
0.0009068034771696835
0.000919577854572616
0.000935823073369068
0.0009528511523523087
0.0009676080403657444
0.0009799003038139938
0.000993232623614306
0.001009734167992335
0.0010323742711628317
0.001063222413865549
0.001110948005815196
0.0011737270958565313
0.0012428010558705356
0.001353211807744186
0.0014795326503213697
0.0015906530107078977
0.0017812871070070936
0.0019234649800551331
0.002111647875957901
0.0023839063936321233
0.0025754578967854885
0.0028816163096913624
0.0030645665949780515
0.003344916687931808
0.003478806365046777
0.0036898144092085907
0.003845982142933705
0.003945185442151329
0.0041711400831435696
0.004351628710949526
0.00470542133384032
0.005031584083873054
0.005429815328811361
0.005653012753692952
0.005481891641866143
0.005194126875779229
0.004722632064965859
0.0043328867664062555
0.00401776914952352
0.0038773775579757494
0.0037866308494364886
0.0037583118065993805
0.003766968661708065
0.003739861806048283
0.0037398333250399946
0.0036960772893184666
0.0036544891621639163
0.0036186457550208702
0.0035492377966490287
0.0035037164981436887
0.003446267457387335
0.00337588409515265
0.00333081870337708
0.0032612704366382916
0.003203774238310436
0.003160268169765731
0.0030993107634879422
0.003051074266594942
0.00301597381217505
0.002962683178300235
0.002918223027700889
0.0028822482308359662
0.0028376709391553217
0.002784911570077101
0.0027509302018867456
0.0027124184326755042
0.002671070887969652
0.0026438957713767826
0.00263379773563006
0.00261656706833191
0.0026148963706693735
0.002624214317954566
0.002622936555862151
0.0026047268590763326
0.0025654686216979765
0.0025089148663060704
0.002412323098179893
0.002296481132059178
0.0021749809865070743
0.002058550572148702
0.0019456959397745946
0.001841494518516399
0.001757470954930596
0.001692360111787972
0.0016340054825325768
0.0015796874065990103
0.001536379647273713
0.0015023713062689268
0.001468342128261654
0.0014337701661967497
0.0014060794705369624
0.0013799408941033403
0.0013593420430186584
0.0013365392333011656
0.0013127591437829564
0.0012958083008499067
0.0012881266438788798
0.0012860388737666335
0.0012970731613153506
0.0013220219297244565
0.0013691046837515219
0.0014390685403934782
0.001524378729264951
0.001621595003217518
0.0017181768262484762
0.0018060671516832013
0.0018713296708297742
0.0019074465563083732
0.0018839180591868044
0.0017994895519962933
0.0016987441899649442
0.0015684850106426024
0.0014236744849543798
0.0012755970226251958
0.0011373779433990262
0.001015546990268685
0.0009159301250710915
0.0008383608995894247
0.0007812455337972339
0.0007392805979734977
0.0007098641412377215
0.0006889366252917786
0.0006756547655657543
0.0006671910742576081
0.0006628795587136658
0.0006601648449674833
0.0006588122790346677
0.0006579615038531097
0.0006561484211085981
0.0006548007944003112
0.0006500586945449266
0.000646211592959604
0.0006405734760544388
0.0006343577667834093
0.0006275246258141264
0.0006215700105333677
0.0006161134142232851
0.0006110357033398128
0.0006065039143999056
0.000600988739561098
0.0005950055960666856
0.0005868109058546392
0.0005744521957515851
0.000562466100768133
0.0005488194933604183
0.0005344622991591052
0.0005193701611034256
0.000504626654035922
0.0004908887359620893
0.00047824785124595817
0.00046770857294222345
0.00045896519282826196
0.0004518862275928549
0.00044652419552487923
0.0004420132124778273
0.0004383479286094469
0.00043518223395476625
0.0004322204650621552
0.0004291338263566327
0.0004262666955178739
0.00042325852008785926
0.0004199799376331886
0.00041679222110825364
0.0004131723280743406
0.00040936238043232304
0.00040545681301340844
0.0004012092048202904
0.00039724599500375274
0.0003933765238696216
0.0003896586053765774
0.0003861476739635983
0.00038310825192131666
0.00038015944743588254
0.0003775633680492826
0.0003753032942130132
0.0003733649848245094
0.0003714915444805074
0.00036996197521822565
0.00036849455767291623
0.000366975784310383
0.0003653375310747071
0.0003635871684285358
0.00036114016165466885
0.000358426357636296
0.00035531175095016254
0.0003517858103763682
0.0003476947821605314
0.00034343202181356925
0.0003387962689241384
0.0003339500247597667
0.0003290285540805901
0.0003242149371159649
0.00031930412545572737
0.0003145276383379533
0.00030995385703364725
0.00030563286351710577
0.0003016194051011724
0.00029779312256393884
0.0002943978013639157
0.0002913240910752706
0.0002885645262650963
0.0002861037567578366
0.0002839189615161245
0.00028210636911544357
0.0002804329405414294
0.000279011733895944
0.00027781057070232147
0.0002768313500607303
0.0002760753198121043
0.00027541336309956513
0.0002750498530798978
0.0002748600874439173
0.00027478551730652785
0.0002748404472636962
0.0002749504609609985
0.0002751605928565725
0.00027522842823496824
0.00027519794461546975
0.0002750171205998459
0.0002745871580046082
0.00027384732844247604
0.00027291978625170377
0.0002715815447814256
0.000269983109587416
0.0002682177893098029
0.0002662374452051169
0.00026410264445144853
0.0002618806375914728
0.00025964167948988386
0.00025754862749909676
0.00025553469160524033
0.0002537624443398683
0.0002523433563587899
0.0002513704324744126
0.00025094114359545537
0.0002512739493155709
0.00025239187605849824
0.0002545776665265541
0.0002579066854868011
0.0002625023060373825
0.00026844638932404553
0.0002757632582154918
0.00028440019832325184
0.0002942139695831131
0.00030501244764191037
0.00031633791526172495
0.0003277997966009477
0.00033888275745098636
0.0003490057224022142
0.00035757130996275126
0.0003641017816838993
0.0003683345450850187
0.0003693972067625689
0.0003666149685951488
0.00036184778946272137
0.00035421419499643636
0.0003440345013005198
0.00033176012061776595
0.00031793146312799
0.00030314501661757873
0.0002880400296867077
0.00027309895972601713
0.0002588721371982546
0.0002457533933866943
0.00023401302188066968
0.00022390905883194339
0.00021552727895987178
0.00020888162856891318
0.00020388330421238545
0.00020047196563570082
0.0001984577283375027
0.00019765354657173085
0.00019785040432885142
0.0001988230385861519
0.00020034950563416648
0.00020221255176717953
0.0002041799300394892
0.0002060361214277773
0.00020761264437981573
0.00020867598340684008
0.00020911082761918443
0.00020892770182365822
0.00020790056380200022
0.00020558660897752903
0.00020280289167221567
0.00019932975561298477
0.0001952023948723651
0.000190551515755468
0.00018557636463907692
0.00018042488459083252
0.00017527854675461143
0.00017032001607491937
0.00016571897289390918
0.00016163781494878517
0.00015823041213121425
0.0001556334547212176
0.00015395927267850045
0.00015333554038475365
0.0001537895686204768
0.00015539899162406807
0.00015815742706443495
0.00016209326004165822
0.0001671645367303091
0.00017324752334728854
0.00018022446223120022
0.0001878891794291843
0.00019599224570707502
0.00020424793798564641
0.0002123283459423512
0.00021988703671288918
0.00022657220629887493
0.000232051660988817
0.00023603151971418658
0.0002385635263353714
0.00023839434071423323
0.00023644709482060084
0.00023290096695330347
0.0002274760991131494
0.00022035146378114275
0.0002117885893674379
0.00020206308803255547
0.00019151816330334055
0.00018049369997435985
0.00016932272799472946
0.00015831209233510107
0.00014773502574089807
0.00013781326454672174
0.00012873171062572318
0.000120600581768739
0.00011345219302423265
0.00010741851359599664
0.0001024669930491352
9.860353219406626e-05
9.580499899392001e-05
9.405124533728617e-05
9.333152449774048e-05
9.363340627078415e-05
9.495673887267118e-05
9.730897264723083e-05
0.00010070155535927147
0.00010516130023841144
0.0001106771036081173
0.00011725602060989892
0.00012487864489468516
0.0001335023282786861
0.00014305654556818296
0.00015343909562954292
0.00016451380532193203
0.0001761109079911153
0.00018802888588209717
0.00020003885694539877
0.00021189019994012439
0.00022331866074492215
0.00023407075699430777
0.000244003053966439
0.000252137337631625
0.00025923831096051137
0.0002647445557831832
0.0002684834018624276
0.00027032527567867756
0.00027021412689736784
0.00026814770907963235
0.00026424216743922886
0.00025842507617516265
0.0002505978265171828
0.00024173180967729845
0.00023161548860150857
0.00022050129865311798
0.000208640924646844
0.00019630505971904159
0.00018375399006563127
0.00017123368079747936
0.00015896822982680315
0.00014715294080026758
0.0001359502091702259
0.0001254855851339898
0.00011584755416956732
0.00010708828676146371
9.922656431812282e-05
9.225171048548873e-05
8.61119365015778e-05
8.078354992440315e-05
7.618269232539586e-05
7.221959661184407e-05
6.882548086393627e-05
6.591083162001154e-05
6.339311666733337e-05
6.119537538187389e-05
5.924744068649453e-05
5.748635924864288e-05
5.585719644294703e-05
5.431367121313159e-05
5.281748117503774e-05
5.133911297043485e-05
4.985548407160173e-05
4.8349630468640674e-05
4.6825884035372134e-05
4.521136529569353e-05
4.3610867702555875e-05
4.195378830832108e-05
4.0296539532544985e-05
3.8631683439364906e-05
3.6975250779629326e-05
3.5345110662384944e-05
3.376097784372358e-05
3.225285912322787e-05
3.081894630630537e-05
2.9485262793225555e-05
2.826656941390619e-05
2.717478085959616e-05
2.6216644368613095e-05
2.539638669303739e-05
2.472106670693478e-05
2.41820752891285e-05
2.3769712469855027e-05
2.34724140870537e-05
2.327359908246054e-05
2.315523184695155e-05
2.309648847942836e-05
2.3075139027563918e-05
2.306837124227442e-05
2.3056185130545613e-05
2.30166557050873e-05
2.2931170740248035e-05
2.278604225319014e-05
2.2572439816136137e-05
2.2301861798547105e-05
2.188761912425456e-05
2.147237843370249e-05
2.1016034183498974e-05
2.0538601638423074e-05
2.007002251182281e-05
1.9649668621237723e-05
1.931240575907358e-05
1.911153280873927e-05
1.9098621750472456e-05
1.933016621108033e-05
1.9865547167553864e-05
2.0765717115187546e-05
2.2091449670698947e-05
2.390382951033695e-05
2.625572751656273e-05
2.919810226113095e-05
3.277126130490443e-05
3.7005002376165964e-05
4.191461992846317e-05
4.7498009914702954e-05
5.373352459359079e-05
6.057730719167828e-05
6.796219975289092e-05
7.579744159190271e-05
8.396746037492382e-05
9.233451718179525e-05
0.00010074086212583151
0.00010901199308296327
0.00011696427084512176
0.00012440910545820214
0.00013116047496505303
0.000137042208133122
0.00014189626951012816
0.00014558527671583942
0.0001480294328549931
0.00014925672172947963
0.00014856697621673856
0.0001467052799113428
0.0001437715082816448
0.00013959714586751754
0.0001342973770938614
0.00012801484671846175
0.00012091322644895475
0.00011316997543277997
0.00010496902134869917
9.649364737629099e-05
8.791976785849845e-05
7.941003454720203e-05
7.110950045275904e-05
6.314188350074671e-05
5.5608151921912035e-05
4.8585098218961396e-05
4.211312163594824e-05
3.6246691650744116e-05
3.098469882520567e-05
2.6320651191464245e-05
2.223385145879194e-05
1.869254483614588e-05
1.56569875086585e-05
1.3082286737154517e-05
1.0920915985510344e-05
9.124775059060253e-06
7.64682087577357e-06
6.442604681175806e-06
5.470785244722171e-06
4.693778806253044e-06
4.0780423070390245e-06
3.594073135951076e-06
3.2162643928792223e-06
2.922659197741343e-06
2.69464313626706e-06
2.51660038057274e-06
2.3755875725505506e-06
2.2610006872157186e-06
2.1643227160305893e-06
2.0803154971253897e-06
1.9966887552423834e-06
1.9165227019120998e-06
1.8385535682064367e-06
1.7580725892181075e-06
1.6741530994070874e-06
1.5865464239787952e-06
1.495545120262942e-06
1.401853728165616e-06
1.3064693311468282e-06
1.2105704842343496e-06
1.1154190550709586e-06
1.0218650684308772e-06
9.320705408464541e-07
8.464619160121398e-07
7.659284133796354e-07
6.911682044190193e-07
6.226558906069526e-07
5.606509922362992e-07
5.052091748598715e-07
4.5620434068262374e-07
4.133549529314101e-07
3.762547337379015e-07
3.444040025284182e-07
3.1724260603246516e-07
2.9420687689348215e-07
2.7460490513863864e-07
2.575730285418232e-07
2.4337989742940155e-07
2.3100401034403366e-07
2.2016075042815507e-07
2.1041304221297872e-07
2.014604065926633e-07
1.9306496855280685e-07
1.8504693799463658e-07
1.7727834519469115e-07
1.6967569882090628e-07
1.6219216289465537e-07
1.5480976034324641e-07
1.475106860182521e-07
1.4039520213330702e-07
1.3325795524484335e-07
1.2642448994104838e-07
1.19830643448859e-07
1.1348470894436965e-07
1.0740646632632209e-07
1.0162325322666746e-07
9.615373008927647e-08
9.101450162860847e-08
8.62342374892649e-08
8.172354494134575e-08
7.761934611571268e-08
7.388111799971728e-08
7.050696333589765e-08
6.749681738874218e-08
6.487058372799354e-08
6.262740281214707e-08
6.080916020052655e-08
5.92611996119399e-08
5.821572484920051e-08
5.758554689332596e-08
5.7370447888249276e-08
5.7569767427222356e-08
5.817770019851819e-08
5.918210122862558e-08
6.056342410915777e-08
6.229387453840519e-08
6.433685514058249e-08
6.66467664042196e-08
6.916921265494037e-08
7.184164203417133e-08
7.459442630469486e-08
7.735236125871937e-08
8.003654303922072e-08
8.256724461256654e-08
8.486352616514269e-08
8.684996096656493e-08
8.845630777780742e-08
8.962060147826609e-08
9.032372652874177e-08
9.041996472823022e-08
8.974594105444666e-08
8.878019451896618e-08
8.72453432681642e-08
8.515934799841158e-08
8.255282948129507e-08
7.946902446096175e-08
7.596163431844619e-08
7.209275940105846e-08
6.793060811471201e-08
6.354709306294234e-08
5.901542649867554e-08
5.4407820851963634e-08
4.979338790675143e-08
4.52363134750658e-08
4.079436455311941e-08
3.651776445327887e-08
3.244834960003139e-08
2.8619639766496576e-08
2.50560955667584e-08
2.1773957338402804e-08
1.8781645474489882e-08
1.6080523890764527e-08
1.3665809624001256e-08
1.1527570279238883e-08
9.651755045287792e-09
8.021176341294745e-09
6.616625498966516e-09
5.417497029427846e-09
4.402749118465651e-09
3.5515006965317212e-09
2.8435589071139478e-09
2.2598240503233732e-09
1.7825792874965526e-09
1.3956763553550332e-09
1.084589682365887e-09
8.366178027110621e-10
6.405446925612357e-10
4.867797174594784e-10
3.67177629369113e-10
2.7490374410900373e-10
2.0428938366767627e-10
1.5068556246860085e-10
1.1032100028613079e-10
8.016881060497637e-11
5.7824700476881895e-11
4.1398255958101805e-11
2.941788195372645e-11
2.074920485702426e-11
1.4526206648952122e-11
1.0094008817399308e-11
6.9620292479248926e-12
4.766161005794753e-12
3.2386370278248383e-12
2.1843214306735278e-12
1.4622832945253962e-12
9.716440429468781e-13
6.408310824079491e-13
4.195083854165918e-13
0.0
0.0
0.0
0.0
0.0
0.0
0.0
0.0
0.0
0.0
0.0
0.0
0.0
0.0
0.0
0.0
0.0
0.0
0.0
0.0
0.0
0.0
0.0
0.0
0.0
0.0
0.0
0.0
0.0
0.0
0.0
0.0
0.0
0.0
0.0
0.0
0.0
0.0
0.0
0.0
0.0
0.0
0.0
0.0
0.0
0.0
0.0
0.0
0.0
0.0
0.0
0.0
0.0
0.0
0.0
0.0
0.0
0.0
0.0
0.0
0.0
0.0
0.0
0.0
0.0
0.0
0.0
0.0
0.0
0.0
0.0
0.0
0.0
0.0
0.0
0.0
0.0
0.0
0.0
0.0
0.0
0.0
0.0
0.0
0.0
0.0
0.0
0.0
0.0
0.0
0.0
0.0
0.0
0.0
0.0
0.0
0.0
0.0
0.0
0.0
0.0
0.0
0.0
0.0
0.0
0.0
0.0
0.0
0.0
0.0
0.0
0.0
0.0
0.0
0.0
0.0
0.0
0.0
0.0
0.0
0.0
0.0
0.0
0.0
0.0
0.0
0.0
0.0
0.0
0.0
0.0
0.0
0.0
0.0
0.0
0.0
0.0
0.0
0.0
0.0
0.0
0.0
0.0
0.0
0.0
0.0
0.0
0.0
0.0
0.0
0.0
0.0
0.0
0.0
0.0
0.0
0.0
0.0
0.0
0.0
0.0
0.0
0.0
0.0
0.0
0.0
0.0
0.0
0.0
0.0
0.0
0.0
0.0
0.0
0.0
0.0
0.0
0.0
0.0
0.0
0.0
0.0
0.0
0.0
0.0
0.0
0.0
0.0
0.0
0.0
0.0
0.0
0.0
0.0
0.0
0.0
0.0
0.0
0.0
0.0
0.0
0.0
0.0
0.0
0.0
0.0
0.0
0.0
0.0
0.0
0.0
0.0
0.0
0.0
0.0
0.0
0.0
0.0
0.0
0.0
0.0
0.0
0.0
0.0
0.0
0.0
0.0
0.0
0.0
0.0
0.0
0.0
0.0
0.0
0.0
0.0
0.0
0.0
0.0
0.0
0.0
0.0
0.0
0.0
0.0
0.0
0.0
0.0
0.0
0.0
0.0
0.0
0.0
0.0
0.0
0.0
0.0
0.0
0.0
0.0
0.0
0.0
0.0
0.0
0.0
0.0
0.0
0.0
0.0
0.0
0.0
0.0
0.0
0.0
0.0
0.0
0.0
0.0
0.0
0.0
0.0
0.0
0.0
0.0
0.0
0.0
0.0
0.0
0.0
0.0
0.0
0.0
0.0
0.0
0.0
0.0
0.0
0.0
0.0
0.0
0.0
0.0
0.0
0.0
0.0
0.0
0.0
0.0
0.0
0.0
0.0
0.0
0.0
0.0
0.0
0.0
0.0
0.0
0.0
0.0
0.0
0.0
0.0
0.0
0.0
0.0
0.0
0.0
0.0
0.0
0.0
0.0
0.0
0.0
0.0
0.0
0.0
0.0
0.0
0.0
0.0
0.0
0.0
0.0
0.0
0.0
0.0
0.0
0.0
0.0
0.0
0.0
0.0
0.0
0.0
0.0
0.0
0.0
0.0
0.0
0.0
0.0
0.0
0.0
0.0
0.0
0.0
0.0
0.0
0.0
0.0
0.0
0.0
0.0
0.0
0.0
0.0
