1.0877924523382836e-09
2.691621271184507e-08
1.193126090950369e-07
0.0008505836666118968
0.000873965420628859
0.0008912780650438769
0.0009068034770684597
0.0009195778359696472
0.000935822912552052
0.0009528507697894395
0.0009676064632230079
0.000979914330699026
0.0009934024990560575
0.00101044095684641
0.001034736019577957
0.0010694505106191197
0.00112308760599738
0.001194167905316408
0.0012762920744277466
0.0014050460847961196
0.0015527114664281357
0.0016875161680230551
0.0019045216920020062
0.002074258773952646
0.0022896653074706646
0.002588636224418246
0.0028061498207963493
0.0031363669139816567
0.0033399735320363572
0.003636532997445656
0.0037818565685113024
0.003999823248265504
0.00415952507984672
0.004260695533482227
0.004488819983762589
0.004671416798702459
0.0050234245236998225
0.005338074849829427
0.005713026117010681
0.005907859292787355
0.005714838084756127
0.005417403505115691
0.004943861345331936
0.0045515837164185205
0.004230203770829364
0.004081924665363754
0.003984565913894708
0.003951850088854252
0.003957734733459678
0.003928601754617908
0.003926749432155367
0.0038812149291966966
0.0038379875506409505
0.0038008865239126883
0.003730789124349383
0.003685177389738451
0.003628075462608214
0.0035582095485629005
0.0035136080485087626
0.003444406801354464
0.003387257500039848
0.003344303582914001
0.0032842788826600833
0.003237413514574511
0.0032040542984659256
0.003152741200818515
0.003110374082640661
0.0030765462870945767
0.0030341793144603706
0.002983740003474979
0.002952223533554496
0.002916301424807508
0.002877564181259515
0.0028528383630048947
0.002844794504018017
0.0028289989808994785
0.0028280003180532983
0.002837231090482707
0.0028352897908714633
0.0028161769435079745
0.0027761768927728036
0.00271937745776086
0.002623203524967248
0.002508406795182394
0.002388392616165781
0.0022736537886211376
0.002162512057720386
0.002059961704945717
0.0019775357231338444
0.0019140353630606967
0.001857387395236768
0.001804955450991778
0.001763775697589885
0.0017321827482383253
0.0017008657173959853
0.0016692579749306878
0.0016446684328546492
0.001621578918142277
0.0016037308679717464
0.0015831138205865181
0.0015607097713843273
0.001544155920098084
0.0015358151137953198
0.001532032400380228
0.0015404271202085636
0.001561911969597214
0.001604814674711776
0.0016699520006794887
0.0017498189881170953
0.0018409856921169435
0.0019309344995947937
0.0020116740285059153
0.0020693870710895737
0.0020977229632070846
0.002066372264517792
0.0019742642297113345
0.001866136605734137
0.0017289069069170164
0.0015776137233260875
0.0014235887586127706
0.0012799819729841738
0.001153331776352003
0.001049453237333086
0.0009681494206015327
0.0009077765709768303
0.0008629672871680288
0.000831050585195557
0.0008079021002486407
0.0007926253187413151
0.0007823516574198688
0.0007763853507087779
0.0007721469702985049
0.0007693783606966346
0.000767193725626475
0.0007641014030342388
0.000761502205038383
0.0007555133354933531
0.0007504135461165518
0.0007435056308309619
0.0007360129380299256
0.0007279035107657904
0.0007206837559878335
0.0007139800853771942
0.0007076740838043584
0.0007019270057811483
0.0006951992865309942
0.0006879954461079536
0.0006785639723635998
0.0006649513238821329
0.0006517010741389285
0.0006367946171389654
0.0006212021435340607
0.0006049221877881002
0.0005890607936179683
0.0005742944549917015
0.0005607295309204864
0.0005493803362233734
0.0005399450927902716
0.0005322910459999669
0.0005264641615356837
0.0005215872634582103
0.0005176392953864756
0.0005142547239057075
0.0005111155682355549
0.0005078690454221521
0.0005048349058044554
0.0005016287683899196
0.0004980988786521268
0.0004945871811327602
0.0004905549799628181
0.0004862336833871938
0.0004817128156595752
0.0004767476270417535
0.0004719735897914673
0.00046721407348219546
0.00046254921982125054
0.0004580592707212417
0.0004540359081316234
0.0004501250996803315
0.0004466129842341628
0.0004435022650407711
0.0004407920657326349
0.00043823215132868243
0.00043610152810707667
0.00043411247623267825
0.0004321406276052314
0.0004301034986180968
0.00042799232033490994
0.00042520592415702684
0.00042215861313341113
0.0004187031157877279
0.0004148185850007636
0.0004103446922819559
0.0004056718359675505
0.0004005993204654008
0.00039529322804329184
0.0003898943871194305
0.00038459280275864044
0.0003791904264354702
0.00037392518371529655
0.00036887040235485943
0.00036407940161218574
0.0003596082847309002
0.00035533634456800915
0.0003515057636487962
0.00034800474319405606
0.0003448230861968138
0.0003419427911175001
0.0003393386972113926
0.00033710520020710933
0.0003350077211987421
0.00033315811965799945
0.0003315232796468047
0.0003301043731329558
0.000328902244148575
0.00032778789109142695
0.0003269665757968447
0.0003263155763576562
0.00032577938052880725
0.00032537686044291386
0.00032503932483473404
0.00032481822900726784
0.00032447872618637016
0.00032407141183676054
0.0003235508392935236
0.00032282341907622606
0.00032183197762962413
0.00032070021096516546
0.000319204703655773
0.00031749353263382536
0.00031565592389568486
0.0003136383985699665
0.00031149544951824404
0.0003092877948147354
0.00030707928014923614
0.0003050266218740931
0.00030305731695532854
0.0003013286732219333
0.00029994728527206417
0.00029900158248322205
0.00029858468603589266
0.0002989109123586041
0.00029999940976459293
0.0003021293927867829
0.0003053732855640885
0.0003098520803372065
0.00031564610499761183
0.00032277890990345257
0.0003311977061048805
0.0003407596985102476
0.0003512735399776385
0.00036228224119837926
0.0003733957468737704
0.0003840988893322073
0.00039381027953339223
0.00040193184653550317
0.00040798504560799105
0.00041170652137646497
0.0004122237154721368
0.0004088625251498516
0.0004034849155951618
0.0003952128999796539
0.0003843719876688649
0.00037142042691664333
0.00035690678719887915
0.00034143694903542525
0.0003256600033607904
0.00031006817734590287
0.0002952208973495354
0.00028151973944833474
0.0002692408210206987
0.0002586457922784084
0.00024982158492601345
0.00024278088484530413
0.00023743150738142049
0.0002337079654526306
0.00023141420020052805
0.00023035649593181187
0.00023031940628238053
0.00023107194381093325
0.00023238825005354545
0.00023404796301903564
0.00023581798147800914
0.00023748333082147414
0.00023887747273672587
0.00023976978176972348
0.00024004834916010906
0.00023972714598876832
0.00023858318823458905
0.00023617597948955515
0.00023332388351132016
0.00022980734006220512
0.0002256604959072343
0.0002210117901225267
0.0002160571481539687
0.00021094032076362422
0.00020583810876008716
0.00020092681455240353
0.00019637121829063
0.0001923274016157189
0.00018894319118767708
0.0001863493257989373
0.00018465239003038445
0.00018397464157535718
0.00018433840792928848
0.00018581689657365413
0.00018839997573294118
0.00019211310131937443
0.00019691232068329956
0.00020267298270212493
0.0002092776114212067
0.00021652158585485845
0.0002241583574297878
0.00023190640286299393
0.00023944325802734357
0.0002464290389863398
0.00025251917099799917
0.00025739011973063657
0.0002607557012897487
0.00026267612458364905
0.0002619058345857211
0.0002593750207393347
0.00025526887476883735
0.0002493123300894219
0.00024168770421326182
0.0002326591573564018
0.00022250280537750998
0.00021156192921370362
0.00020017553845568586
0.0001886751197484107
0.0001773657736675741
0.00016651875940595752
0.00015635387701356908
0.0001470541913598185
0.00013872820113736722
0.00013140658557073782
0.00012521967214671625
0.00012013315140427011
0.0001161509588511395
0.0001132476767422789
0.00011140052348187015
0.00011059573555783142
0.00011081755854147829
0.00011206228215224097
0.0001143337110056302
0.00011763971816752114
0.0001220037958586593
0.00012741188599440842
0.00013386870353012816
0.00014135306478458407
0.0001498213177121002
0.00015920258476383577
0.00016939499022085785
0.00018026325916631548
0.00019163897992879257
0.0002033223144775995
0.00021508623844555277
0.00022668207497548315
0.00023784741005844888
0.00024833049166112815
0.00025798941071221524
0.0002658472579781359
0.00027267005839419473
0.0002778966070844327
0.0002813557169840661
0.0002829182827748556
0.00028252894951864876
0.00028018622279668234
0.0002760071095313424
0.00026992017361723055
0.0002618279629709254
0.0002527031830789962
0.00024233575279413377
0.0002309796654984139
0.00021888821661580248
0.00020633369605091876
0.0001935778987557628
0.00018086813620557063
0.0001684295996646096
0.0001564583856723343
0.00014511730127233038
0.00013453189246932982
0.0001247901974432333
0.0001159434999404537
0.00010800928063100737
0.00010097518248450795
9.47874357522947e-05
8.94201452658034e-05
8.478712373126436e-05
8.079624924964289e-05
7.737645588195882e-05
7.44361066301316e-05
7.189078151250855e-05
6.966192550690782e-05
6.767810511547691e-05
6.587544837755728e-05
6.419843423768823e-05
6.26005177930248e-05
6.104340999829697e-05
5.949784454414535e-05
5.794116726598642e-05
5.6356973609127016e-05
5.475023724085395e-05
5.3048760857037846e-05
5.1358027215448284e-05
4.960846726573625e-05
4.785603272983261e-05
4.6094977355285756e-05
4.4341448251283396e-05
4.261384387245234e-05
4.0932274159588925e-05
3.9327111610056454e-05
3.779683901176237e-05
3.6367717084326826e-05
3.505467639977034e-05
3.386998222232371e-05
3.281960331295254e-05
3.1908401457550776e-05
3.114337579062339e-05
3.0515371444421724e-05
3.0014559497799783e-05
2.962910121281902e-05
2.934213978195964e-05
2.913539449876471e-05
2.8987861513681634e-05
2.887723131229928e-05
2.8780744541564454e-05
2.8678619340437723e-05
2.854932496523942e-05
2.8374842593555254e-05
2.814226967804137e-05
2.7843741841166087e-05
2.749187168808593e-05
2.7001225731504944e-05
2.6515754685161294e-05
2.599666944443128e-05
2.5465237267722574e-05
2.49525227266803e-05
2.4498825454593718e-05
2.413967575344237e-05
2.3928716860320472e-05
2.391749687420842e-05
2.4162082761736737e-05
2.4721008171250896e-05
2.5653951895588916e-05
2.7020009021255865e-05
2.8878210956224796e-05
3.1279052219771655e-05
3.42708573831389e-05
3.7891121301711894e-05
4.21667384340783e-05
4.7110117656687264e-05
5.2716316818554594e-05
5.8961126968321965e-05
6.579836076333309e-05
7.315890656382319e-05
8.095048808395023e-05
8.905648871583439e-05
9.733864604668323e-05
0.00010563921262197087
0.00011378420725823441
0.00012159100829898304
0.00012887249409992147
0.00013544450374750427
0.00014113305221362212
0.00014578251997939294
0.00014925811804858977
0.00015148270352534807
0.00015248690946291122
0.00015157313307499995
0.00014948887534434023
0.00014633622365585624
0.00014194862916999942
0.00013644296922580147
0.00012996329271832544
0.0001226743839151599
0.00011475453151127585
0.00010638822327495806
9.775906036321963e-05
8.904306026652341e-05
8.040278171237339e-05
7.198304314152191e-05
6.390719421112003e-05
5.6275730137946196e-05
4.916490965370801e-05
4.261453816199658e-05
3.6678460188431785e-05
3.135492384351981e-05
2.6636789252349254e-05
2.250271728247854e-05
1.8920324427533227e-05
1.5849258393299633e-05
1.3244043291052567e-05
1.1056599506894322e-05
9.23830515648926e-06
7.741632072419482e-06
6.5216830846898234e-06
5.536706704599543e-06
4.7487475080874205e-06
4.123929393385632e-06
3.6324535148386864e-06
3.248454337216092e-06
2.949749987665442e-06
2.717533372343478e-06
2.5360258144951964e-06
2.3921465075280456e-06
2.2751796005932343e-06
2.176515612302601e-06
2.090841796857254e-06
2.0058081839387413e-06
1.9244471076541543e-06
1.8454593325841936e-06
1.764103886555328e-06
1.6794318339195867e-06
1.5911758854170729e-06
1.499613303899683e-06
1.4054362544786494e-06
1.3096312110402732e-06
1.2133676761751575e-06
1.117899674407578e-06
1.0242554278242173e-06
9.34031318366569e-07
8.482140952506367e-07
7.674966664633061e-07
6.925734513738173e-07
6.239158615345166e-07
5.617807630096156e-07
5.062216290061256e-07
4.5711062627867706e-07
4.14164886925597e-07
3.7697697626554194e-07
3.450468433867999e-07
3.178133042746318e-07
2.947123378079009e-07
2.750516126828614e-07
2.579670921545597e-07
2.437270514686219e-07
2.313198647216496e-07
2.2042976299927566e-07
2.1065001112436186e-07
2.0166948391831554e-07
1.9324989988503883e-07
1.8521107004759525e-07
1.7742464039453287e-07
1.6980675760340946e-07
1.6231025111793455e-07
1.54916840833626e-07
1.476084511294607e-07
1.4048513351260947e-07
1.3334124809202444e-07
1.2650224381705022e-07
1.199037782624096e-07
1.1355401755575038e-07
1.074726316685412e-07
1.0168686377033715e-07
9.62152921717387e-08
9.107445039135584e-08
8.629294292604261e-08
8.178131752153697e-08
7.767644083178316e-08
7.393773833336768e-08
7.056326523534059e-08
6.755563521025913e-08
6.492648230147745e-08
6.268321350554973e-08
6.086486883476775e-08
5.9316760508547746e-08
5.827106301784374e-08
5.7640560616156626e-08
5.742501169567401e-08
5.76237354968518e-08
5.8230910236804106e-08
5.92343789067565e-08
6.061458811626745e-08
6.23437422834723e-08
6.438524907991459e-08
6.669352089768304e-08
6.921418116778756e-08
7.188470441165989e-08
7.463549576456808e-08
7.739139068334996e-08
8.007353011521493e-08
8.260223536904288e-08
8.489661650747359e-08
8.68812958906112e-08
8.848607807650037e-08
8.96490379092852e-08
9.0351091586742e-08
9.044654234273769e-08
8.97720246991962e-08
8.880610393696965e-08
8.727133988913712e-08
8.518561184136194e-08
8.257961254024576e-08
7.949648125969246e-08
7.598986271037058e-08
7.21217965220081e-08
6.796042942369373e-08
6.357761447303424e-08
5.9046509403342735e-08
5.443927967508681e-08
4.982499966070341e-08
4.526782870993517e-08
4.08255190271996e-08
3.6548290851344865e-08
3.247801015565989e-08
2.8648150083296837e-08
2.5083262761384077e-08
2.179959976536538e-08
1.8805619092400787e-08
1.6102724722393588e-08
1.3686174245405517e-08
1.1546074534341705e-08
9.668411259812498e-09
8.036034829429718e-09
6.6297478993130525e-09
5.428983820138505e-09
4.412712322015144e-09
3.5600640095873255e-09
2.850852717389282e-09
2.2659809721121933e-09
1.7877303319849e-09
1.399947797694639e-09
1.0881031036649295e-09
8.394787018357488e-10
6.428554779819408e-10
4.88630077577005e-10
3.686465979684184e-10
2.760599828861082e-10
2.051917431586359e-10
1.513838368733239e-10
1.1085680155937571e-10
8.057649892851091e-11
5.813232063893677e-11
4.16284413047098e-11
2.95886987543329e-11
2.087491970023889e-11
1.4617967622862067e-11
1.0160437675212909e-11
7.009726586959407e-12
4.800129857711528e-12
3.2626323839371663e-12
2.2011343425168658e-12
1.4739685288471134e-12
9.797000455415524e-13
6.463404021994222e-13
4.232458813935554e-13
2.1570935989599778e-13
0.0
0.0
0.0
0.0
0.0
0.0
0.0
0.0
0.0
0.0
0.0
0.0
0.0
0.0
0.0
0.0
0.0
0.0
0.0
0.0
0.0
0.0
0.0
0.0
0.0
0.0
0.0
0.0
0.0
0.0
0.0
0.0
0.0
0.0
0.0
0.0
0.0
0.0
0.0
0.0
0.0
0.0
0.0
0.0
0.0
0.0
0.0
0.0
0.0
0.0
0.0
0.0
0.0
0.0
0.0
0.0
0.0
0.0
0.0
0.0
0.0
0.0
0.0
0.0
0.0
0.0
0.0
0.0
0.0
0.0
0.0
0.0
0.0
0.0
0.0
0.0
0.0
0.0
0.0
0.0
0.0
0.0
0.0
0.0
0.0
0.0
0.0
0.0
0.0
0.0
0.0
0.0
0.0
0.0
0.0
0.0
0.0
0.0
0.0
0.0
0.0
0.0
0.0
0.0
0.0
0.0
0.0
0.0
0.0
0.0
0.0
0.0
0.0
0.0
0.0
0.0
0.0
0.0
0.0
0.0
0.0
0.0
0.0
0.0
0.0
0.0
0.0
0.0
0.0
0.0
0.0
0.0
0.0
0.0
0.0
0.0
0.0
0.0
0.0
0.0
0.0
0.0
0.0
0.0
0.0
0.0
0.0
0.0
0.0
0.0
0.0
0.0
0.0
0.0
0.0
0.0
0.0
0.0
0.0
0.0
0.0
0.0
0.0
0.0
0.0
0.0
0.0
0.0
0.0
0.0
0.0
0.0
0.0
0.0
0.0
0.0
0.0
0.0
0.0
0.0
0.0
0.0
0.0
0.0
0.0
0.0
0.0
0.0
0.0
0.0
0.0
0.0
0.0
0.0
0.0
0.0
0.0
0.0
0.0
0.0
0.0
0.0
0.0
0.0
0.0
0.0
0.0
0.0
0.0
0.0
0.0
0.0
0.0
0.0
0.0
0.0
0.0
0.0
0.0
0.0
0.0
0.0
0.0
0.0
0.0
0.0
0.0
0.0
0.0
0.0
0.0
0.0
0.0
0.0
0.0
0.0
0.0
0.0
0.0
0.0
0.0
0.0
0.0
0.0
0.0
0.0
0.0
0.0
0.0
0.0
0.0
0.0
0.0
0.0
0.0
0.0
0.0
0.0
0.0
0.0
0.0
0.0
0.0
0.0
0.0
0.0
0.0
0.0
0.0
0.0
0.0
0.0
0.0
0.0
0.0
0.0
0.0
0.0
0.0
0.0
0.0
0.0
0.0
0.0
0.0
0.0
0.0
0.0
0.0
0.0
0.0
0.0
0.0
0.0
0.0
0.0
0.0
0.0
0.0
0.0
0.0
0.0
0.0
0.0
0.0
0.0
0.0
0.0
0.0
0.0
0.0
0.0
0.0
0.0
0.0
0.0
0.0
0.0
0.0
0.0
0.0
0.0
0.0
0.0
0.0
0.0
0.0
0.0
0.0
0.0
0.0
0.0
0.0
0.0
0.0
0.0
0.0
0.0
0.0
0.0
0.0
0.0
0.0
0.0
0.0
0.0
0.0
0.0
0.0
0.0
0.0
0.0
0.0
0.0
0.0
0.0
0.0
0.0
0.0
0.0
0.0
0.0
0.0
0.0
0.0
0.0
0.0
0.0
0.0
0.0
0.0
0.0
0.0
0.0
0.0
0.0
